final project/Practice/maxentOut/bio17.asc
NCOLS 186 
NROWS 192 
XLLCORNER -125 
YLLCORNER -56 
CELLSIZE 0.5 
NODATA_value -32768 
[rows 0 to 35 of 192, columns 0 to 81 of 186]
-32768.000000000000000 32 27 24 26 16 19 29 45 42 32 30 24 28 35 44 53 58 63 66 69 59 45 41 48 68 83 97 78 70 49 61 82 95 109 123 98 115 140 57 38 28 24 24 25 28 31 35 37 35 37 38 42 51 55 58 60 68 76 81 87 94 101 128 130 123 134 137 137 143 153 162 173 180 187 195 201 199 198 199 199 194
-32768 -32768 20 17 16 10 11 16 36 50 40 31 25 32 46 54 57 64 64 74 77 62 38 44 39 60 72 84 46 44 74 61 62 81 113 105 125 126 77 50 37 27 24 25 25 28 31 30 33 37 37 41 48 53 58 60 65 73 85 88 95 105 113 118 128 131 146 148 153 158 170 177 187 192 195 200 214 223 222 221 217 214
-32768 -32768 19 15 12 9 7 9 22 47 49 40 33 30 38 51 61 54 53 65 74 62 50 40 58 78 75 45 38 34 47 65 91 66 75 104 106 101 49 50 36 24 22 23 22 23 29 30 35 38 38 43 51 55 63 83 74 78 94 94 100 111 120 128 135 141 156 160 170 178 181 188 202 209 217 220 231 240 238 241 232 230
-32768 -32768 -32768 14 11 7 6 7 12 30 53 53 43 33 28 29 41 47 55 57 62 70 68 53 76 82 71 47 33 40 48 68 67 100 104 105 97 81 57 48 34 22 20 23 23 22 26 29 36 40 42 48 54 58 64 75 73 80 90 104 115 125 135 144 152 159 165 177 189 194 197 209 222 225 230 237 245 246 241 247 242 245
-32768 -32768 -32768 14 12 7 6 6 6 12 30 50 42 42 31 28 34 45 46 49 52 58 58 65 82 63 55 36 32 36 56 56 73 115 143 140 127 46 35 67 54 35 25 25 26 25 25 27 34 43 48 52 58 62 67 76 84 91 100 112 130 144 151 157 168 182 186 191 207 218 227 240 239 232 236 244 256 255 258 265 263 258
-32768 -32768 -32768 -32768 -32768 10 7 6 2 4 10 26 51 34 28 27 30 38 37 36 40 41 48 58 63 51 32 25 24 29 33 36 51 78 85 90 120 83 28 78 53 37 31 30 28 25 27 31 38 45 48 54 58 66 74 84 93 101 114 124 141 155 167 176 182 194 202 217 244 252 257 253 250 251 251 255 260 265 277 288 286 274
-32768 -32768 -32768 -32768 -32768 9 6 6 4 3 3 8 29 40 22 18 19 22 25 35 21 24 40 47 46 54 31 24 31 33 30 37 33 40 50 66 79 103 52 90 39 38 31 26 27 30 31 36 42 50 55 57 64 71 81 91 102 114 129 146 162 173 184 191 196 210 230 253 260 254 252 255 267 269 254 253 256 269 285 284 288 279
-32768 -32768 -32768 -32768 -32768 -32768 7 4 5 4 2 3 18 36 21 20 13 15 33 20 15 17 36 45 44 54 36 27 30 36 33 42 36 34 41 53 80 62 63 73 29 25 24 23 27 32 34 39 42 49 55 62 66 73 83 98 112 127 142 163 184 194 204 215 223 238 251 256 252 255 249 257 270 275 265 258 249 275 289 292 292 286
-32768 -32768 -32768 -32768 -32768 -32768 -32768 3 3 4 2 3 10 21 10 11 10 10 19 20 14 19 31 40 47 49 46 26 28 31 34 40 37 38 40 42 72 59 88 47 34 28 26 27 30 36 40 43 46 47 55 64 73 81 93 106 120 137 154 175 192 217 228 240 250 265 262 252 244 251 247 251 260 267 268 269 266 281 291 297 289 273
-32768 -32768 -32768 -32768 -32768 -32768 -32768 2 4 4 4 3 7 13 7 9 11 8 16 23 13 18 24 38 42 56 66 40 26 28 29 34 40 50 44 46 40 56 50 37 35 30 29 33 38 40 40 44 49 48 56 71 82 91 104 117 134 148 168 188 202 182 226 256 263 268 266 256 250 245 247 256 257 260 268 278 278 285 303 295 295 318
-32768 -32768 -32768 -32768 -32768 -32768 -32768 -32768 2 2 4 7 7 7 7 10 15 11 11 12 11 14 22 33 40 45 54 57 38 31 30 32 37 41 41 34 33 58 40 34 35 32 32 37 38 38 40 42 46 49 60 76 94 97 114 129 142 160 191 212 235 233 269 291 284 261 255 250 251 241 252 264 259 262 265 273 275 283 293 292 305 341
-32768 -32768 -32768 -32768 -32768 -32768 -32768 -32768 -32768 2 2 2 4 7 13 15 32 18 8 7 9 10 15 22 34 41 48 53 51 46 51 41 39 41 37 34 32 48 47 34 33 32 31 35 37 38 42 44 49 56 68 78 94 109 120 133 148 173 205 230 262 291 310 302 292 270 252 246 238 239 252 259 254 271 285 285 281 276 277 273 275 302
-32768 -32768 -32768 -32768 -32768 -32768 -32768 -32768 -32768 1 1 -32768 -32768 4 9 11 24 14 10 6 5 8 11 15 17 19 28 39 40 45 58 56 45 43 37 31 26 39 46 36 30 30 33 34 39 39 42 49 58 67 76 85 99 112 126 144 162 189 214 239 261 274 284 289 283 281 267 240 233 238 251 257 255 264 280 278 275 270 270 273 264 265
-32768 -32768 -32768 -32768 -32768 -32768 -32768 -32768 -32768 -32768 0 0 2 3 8 8 25 14 3 4 4 7 9 8 9 12 18 38 33 31 41 41 44 45 39 22 29 28 58 40 30 30 32 34 41 41 46 52 60 68 81 92 104 115 129 151 170 199 223 234 244 249 263 276 274 276 261 238 232 243 259 265 259 260 267 275 275 278 276 262 254 244
-32768 -32768 -32768 -32768 -32768 -32768 -32768 -32768 -32768 -32768 -32768 -32768 1 2 -32768 4 15 17 5 2 3 5 5 6 9 15 18 34 30 32 26 26 31 36 30 20 24 22 49 37 28 29 31 33 39 40 46 53 64 75 87 99 112 123 136 149 173 198 207 212 224 234 249 266 271 257 250 246 239 238 254 265 259 262 262 268 271 276 271 254 240 225
-32768 -32768 -32768 -32768 -32768 -32768 -32768 -32768 -32768 -32768 -32768 -32768 -32768 -32768 -32768 2 7 23 11 3 2 3 4 6 11 14 18 22 27 26 25 25 25 23 17 17 20 20 25 21 21 28 30 31 34 40 48 55 66 78 86 100 116 132 138 156 178 185 197 211 232 246 248 261 276 262 251 247 245 240 268 276 266 271 266 252 256 264 257 235 213 208
-32768 -32768 -32768 -32768 -32768 -32768 -32768 -32768 -32768 -32768 -32768 -32768 -32768 -32768 -32768 -32768 4 15 16 3 1 1 2 4 8 11 20 24 27 25 26 34 25 19 14 15 18 18 20 16 14 24 28 28 33 39 46 56 68 76 87 102 115 127 144 162 178 188 206 223 240 261 268 273 285 288 275 269 270 275 290 290 285 288 282 271 276 273 255 239 222 208
-32768 -32768 -32768 -32768 -32768 -32768 -32768 -32768 -32768 -32768 -32768 -32768 -32768 -32768 -32768 -32768 3 5 15 7 2 1 1 2 4 9 17 26 33 35 31 24 30 20 14 15 20 18 17 17 18 25 31 31 33 38 48 59 69 75 86 98 109 128 146 172 178 192 219 241 250 268 282 292 305 304 301 304 306 301 304 309 315 312 304 301 300 291 263 249 234 222
-32768 -32768 -32768 -32768 -32768 -32768 -32768 -32768 -32768 -32768 -32768 -32768 -32768 -32768 -32768 -32768 -32768 3 9 9 2 -32768 -32768 2 2 6 12 20 34 39 33 28 34 27 19 16 20 20 17 17 21 26 32 34 35 37 45 57 68 76 82 96 113 134 159 177 185 204 236 259 279 288 303 319 346 333 320 321 331 320 314 325 329 322 320 312 301 299 286 271 258 251
-32768 -32768 -32768 -32768 -32768 -32768 -32768 -32768 -32768 -32768 -32768 -32768 -32768 -32768 -32768 -32768 -32768 2 3 4 2 -32768 -32768 -32768 2 5 12 15 26 36 38 34 34 25 18 16 18 17 13 13 20 23 28 32 33 34 42 52 64 79 91 107 126 148 159 174 201 217 236 259 279 282 288 302 330 325 317 318 331 320 316 317 312 311 305 294 290 292 294 286 268 259
-32768 -32768 -32768 -32768 -32768 -32768 -32768 -32768 -32768 -32768 -32768 -32768 -32768 -32768 -32768 -32768 -32768 -32768 2 2 3 2 1 1 2 4 7 10 18 28 36 34 38 39 29 20 22 19 9 9 17 21 26 29 28 29 36 40 56 81 97 114 138 150 157 175 201 207 212 234 241 251 266 276 290 296 309 325 326 319 323 319 314 -32768 -32768 -32768 -32768 -32768 281 276 264 258
-32768 -32768 -32768 -32768 -32768 -32768 -32768 -32768 -32768 -32768 -32768 -32768 -32768 2 -32768 -32768 -32768 -32768 -32768 1 2 5 3 2 2 3 4 8 15 20 29 32 37 50 35 22 24 18 11 12 16 20 22 27 30 28 25 30 51 76 87 104 112 125 147 163 186 197 209 220 207 -32768 -32768 -32768 -32768 -32768 293 313 310 315 320 282 276 -32768 -32768 -32768 -32768 -32768 -32768 -32768 -32768 -32768
-32768 -32768 -32768 -32768 -32768 -32768 -32768 -32768 -32768 -32768 -32768 -32768 -32768 1 -32768 -32768 -32768 -32768 -32768 -32768 2 3 5 2 1 3 3 6 13 16 26 34 37 41 29 20 18 15 14 15 14 21 24 22 27 30 26 33 51 65 75 85 93 108 128 145 168 189 196 212 -32768 -32768 -32768 -32768 -32768 -32768 -32768 -32768 -32768 -32768 -32768 276 -32768 -32768 -32768 -32768 -32768 -32768 -32768 -32768 -32768 -32768
-32768 -32768 -32768 -32768 -32768 -32768 -32768 -32768 -32768 -32768 -32768 -32768 -32768 -32768 -32768 -32768 -32768 -32768 1 1 -32768 4 3 3 1 0 2 4 6 13 18 33 39 46 45 28 15 10 14 16 17 22 23 23 22 30 37 35 47 55 74 75 83 100 121 141 151 163 -32768 -32768 -32768 -32768 -32768 -32768 -32768 -32768 -32768 -32768 -32768 -32768 -32768 -32768 -32768 -32768 -32768 -32768 -32768 -32768 -32768 -32768 -32768 -32768
-32768 -32768 -32768 -32768 -32768 -32768 -32768 -32768 -32768 -32768 -32768 -32768 -32768 -32768 -32768 -32768 -32768 -32768 -32768 2 3 2 2 3 2 1 -32768 4 4 7 12 28 37 44 53 38 21 15 15 16 19 21 23 22 26 29 38 41 44 53 58 69 82 96 113 126 137 -32768 -32768 -32768 -32768 -32768 -32768 -32768 -32768 -32768 -32768 -32768 -32768 -32768 -32768 -32768 -32768 -32768 -32768 -32768 -32768 -32768 -32768 -32768 -32768 -32768
-32768 -32768 -32768 -32768 -32768 -32768 -32768 -32768 -32768 -32768 -32768 -32768 -32768 -32768 -32768 -32768 -32768 -32768 -32768 -32768 3 1 1 0 1 1 0 -32768 4 3 6 15 25 34 44 44 29 19 18 14 16 19 22 23 27 26 34 40 46 47 47 61 78 88 97 108 -32768 -32768 -32768 -32768 -32768 -32768 -32768 -32768 -32768 -32768 -32768 -32768 -32768 -32768 -32768 -32768 -32768 -32768 -32768 -32768 -32768 -32768 -32768 -32768 -32768 -32768
-32768 -32768 -32768 -32768 -32768 -32768 -32768 -32768 -32768 -32768 -32768 -32768 -32768 -32768 -32768 -32768 -32768 -32768 -32768 -32768 -32768 1 0 0 0 1 1 1 -32768 -32768 4 10 17 30 40 52 39 25 17 15 15 17 19 21 22 22 26 32 41 46 52 62 77 85 92 96 -32768 -32768 -32768 -32768 -32768 -32768 -32768 -32768 -32768 -32768 -32768 -32768 -32768 -32768 -32768 -32768 -32768 -32768 -32768 -32768 -32768 -32768 -32768 -32768 -32768 -32768
-32768 -32768 -32768 -32768 -32768 -32768 -32768 -32768 -32768 -32768 -32768 -32768 -32768 -32768 -32768 -32768 -32768 -32768 -32768 -32768 -32768 -32768 -32768 -32768 0 0 2 2 -32768 -32768 -32768 6 12 29 45 56 46 39 17 13 14 16 16 17 18 23 25 24 31 53 67 60 72 78 92 97 -32768 -32768 -32768 -32768 -32768 -32768 -32768 -32768 -32768 -32768 -32768 -32768 -32768 -32768 -32768 -32768 -32768 -32768 -32768 -32768 -32768 -32768 -32768 -32768 -32768 -32768
-32768 -32768 -32768 -32768 -32768 -32768 -32768 -32768 -32768 -32768 -32768 -32768 -32768 -32768 -32768 -32768 -32768 -32768 -32768 -32768 -32768 -32768 -32768 -32768 -32768 0 2 4 6 -32768 -32768 5 7 9 32 56 53 48 26 12 16 18 14 13 13 18 26 30 28 53 62 54 68 80 88 97 -32768 -32768 -32768 -32768 -32768 -32768 -32768 -32768 -32768 -32768 -32768 -32768 -32768 -32768 -32768 -32768 -32768 -32768 -32768 -32768 -32768 -32768 -32768 -32768 -32768 -32768
-32768 -32768 -32768 -32768 -32768 -32768 -32768 -32768 -32768 -32768 -32768 -32768 -32768 -32768 -32768 -32768 -32768 -32768 -32768 -32768 -32768 -32768 -32768 -32768 -32768 1 0 3 3 -32768 -32768 2 3 8 17 33 43 57 39 16 12 14 14 14 16 22 33 40 47 59 62 54 65 80 93 97 -32768 -32768 -32768 -32768 -32768 -32768 -32768 -32768 -32768 -32768 -32768 -32768 -32768 -32768 -32768 -32768 -32768 -32768 -32768 -32768 -32768 -32768 -32768 -32768 -32768 -32768
-32768 -32768 -32768 -32768 -32768 -32768 -32768 -32768 -32768 -32768 -32768 -32768 -32768 -32768 -32768 -32768 -32768 -32768 -32768 -32768 -32768 -32768 -32768 -32768 -32768 1 1 1 3 2 -32768 -32768 -32768 11 10 13 27 43 52 28 13 15 13 16 17 20 31 43 47 56 61 64 80 77 94 -32768 -32768 -32768 -32768 -32768 -32768 -32768 -32768 -32768 -32768 -32768 -32768 -32768 -32768 -32768 -32768 -32768 -32768 -32768 -32768 -32768 -32768 -32768 -32768 -32768 -32768 -32768
-32768 -32768 -32768 -32768 -32768 -32768 -32768 -32768 -32768 -32768 -32768 -32768 -32768 -32768 -32768 -32768 -32768 -32768 -32768 -32768 -32768 -32768 -32768 -32768 -32768 -32768 0 0 1 3 2 -32768 -32768 -32768 7 6 19 40 51 36 20 17 15 13 15 16 26 35 37 46 58 55 66 69 80 -32768 -32768 -32768 -32768 -32768 -32768 -32768 -32768 -32768 -32768 -32768 -32768 -32768 -32768 -32768 -32768 -32768 -32768 -32768 -32768 -32768 -32768 -32768 -32768 -32768 -32768 -32768
-32768 -32768 -32768 -32768 -32768 -32768 -32768 -32768 -32768 -32768 -32768 -32768 -32768 -32768 -32768 -32768 -32768 -32768 -32768 -32768 -32768 -32768 -32768 -32768 -32768 -32768 -32768 -32768 1 4 3 2 -32768 -32768 -32768 4 8 32 47 47 32 14 16 14 18 20 20 31 40 43 60 54 66 67 77 -32768 -32768 -32768 -32768 -32768 -32768 -32768 -32768 -32768 -32768 -32768 -32768 -32768 -32768 -32768 -32768 -32768 -32768 -32768 -32768 -32768 -32768 -32768 -32768 -32768 -32768 -32768
-32768 -32768 -32768 -32768 -32768 -32768 -32768 -32768 -32768 -32768 -32768 -32768 -32768 -32768 -32768 -32768 -32768 -32768 -32768 -32768 -32768 -32768 -32768 -32768 -32768 -32768 -32768 -32768 -32768 3 3 2 -32768 -32768 -32768 -32768 11 18 35 39 30 15 15 19 16 20 23 26 41 41 46 54 52 60 62 -32768 -32768 -32768 -32768 -32768 -32768 -32768 -32768 -32768 -32768 -32768 -32768 -32768 -32768 -32768 -32768 -32768 -32768 -32768 -32768 -32768 -32768 -32768 -32768 -32768 -32768 -32768
-32768 -32768 -32768 -32768 -32768 -32768 -32768 -32768 -32768 -32768 -32768 -32768 -32768 -32768 -32768 -32768 -32768 -32768 -32768 -32768 -32768 -32768 -32768 -32768 -32768 -32768 -32768 -32768 -32768 1 2 -32768 -32768 -32768 -32768 -32768 -32768 8 13 24 22 16 15 19 16 22 24 27 38 43 44 64 45 46 45 -32768 -32768 -32768 -32768 -32768 -32768 -32768 -32768 -32768 -32768 -32768 -32768 -32768 -32768 -32768 36 -32768 -32768 -32768 -32768 -32768 -32768 -32768 -32768 -32768 -32768 167
-32768 -32768 -32768 -32768 -32768 -32768 -32768 -32768 -32768 -32768 -32768 -32768 -32768 -32768 -32768 -32768 -32768 -32768 -32768 -32768 -32768 -32768 -32768 -32768 -32768 -32768 -32768 -32768 -32768 -32768 -32768 -32768 -32768 -32768 -32768 -32768 -32768 -32768 9 14 19 20 16 17 24 23 27 29 31 39 35 66 63 53 54 -32768 -32768 -32768 -32768 -32768 -32768 -32768 -32768 -32768 -32768 -32768 -32768 -32768 -32768 -32768 -32768 -32768 -32768 -32768 -32768 -32768 -32768 -32768 -32768 -32768 143 132
