final project/Practice/maxentOut/bio17.asc
NCOLS 186 
NROWS 192 
XLLCORNER -125 
YLLCORNER -56 
CELLSIZE 0.5 
NODATA_value -32768 
[rows 72 to 107 of 192, columns 82 to 163 of 186]
-32768 -32768 -32768 -32768 182 -32768 -32768 -32768 -32768 -32768 -32768 -32768 -32768 937 403 206 303 216 227 218 284 148 127 115 112 117 154 196 230 259 276 273 247 268 284 325 342 342 373 404 445 434 396 311 201 105 68 53 76 98 152 184 186 190 183 191 198 222 244 248 239 253 272 253 199 180 -32768 -32768 -32768 -32768 -32768 -32768 -32768 -32768 -32768 -32768 -32768 -32768 -32768 -32768 -32768 -32768
-32768 -32768 -32768 -32768 -32768 -32768 -32768 -32768 -32768 -32768 -32768 801 1149 1194 378 236 323 158 259 303 234 205 177 159 155 166 196 236 276 309 331 334 312 300 366 427 407 346 395 427 412 366 311 252 173 112 75 61 83 120 134 160 164 164 144 146 167 183 199 209 219 232 233 215 194 174 164 -32768 -32768 -32768 -32768 -32768 -32768 -32768 -32768 -32768 -32768 -32768 -32768 -32768 -32768 -32768
-32768 -32768 -32768 -32768 -32768 -32768 -32768 -32768 -32768 -32768 743 814 1174 1267 329 294 277 213 281 334 250 225 210 200 201 217 249 291 334 374 408 436 440 355 432 484 430 361 370 435 405 323 258 215 170 133 92 79 100 126 143 161 162 156 141 140 149 157 163 174 192 208 211 205 193 178 160 -32768 -32768 -32768 -32768 -32768 -32768 -32768 -32768 -32768 -32768 -32768 -32768 -32768 -32768 -32768
-32768 -32768 -32768 -32768 -32768 -32768 -32768 -32768 -32768 -32768 593 860 872 274 261 353 260 335 321 313 229 207 214 225 243 270 308 355 405 450 494 538 566 556 536 518 456 396 385 350 325 277 217 194 167 130 103 107 126 155 164 171 170 171 167 159 150 141 143 153 177 197 205 205 192 169 144 122 -32768 -32768 -32768 -32768 -32768 -32768 -32768 -32768 -32768 -32768 -32768 -32768 -32768 -32768
-32768 -32768 -32768 -32768 -32768 -32768 -32768 -32768 -32768 242 391 957 567 174 347 347 352 363 325 269 221 209 228 254 284 323 371 430 488 530 570 631 656 643 581 536 500 449 408 339 212 186 198 197 188 159 137 139 166 192 189 193 189 190 188 181 156 136 126 139 167 196 211 212 190 150 113 94 80 -32768 -32768 -32768 -32768 -32768 -32768 -32768 -32768 -32768 -32768 -32768 -32768 -32768
-32768 -32768 -32768 -32768 -32768 -32768 -32768 -32768 77 227 431 808 280 254 523 565 524 376 311 272 244 239 255 286 326 376 436 509 586 621 642 705 713 670 630 608 562 498 425 334 267 229 218 217 203 183 164 173 214 223 216 219 219 213 210 198 175 148 129 142 171 199 223 234 202 134 85 75 69 -32768 -32768 -32768 -32768 -32768 -32768 -32768 -32768 -32768 -32768 -32768 -32768 -32768
-32768 -32768 -32768 -32768 -32768 -32768 -32768 166 118 285 367 165 190 386 704 707 540 384 322 294 279 278 295 327 372 430 501 585 664 708 712 712 678 634 674 654 599 528 449 387 327 301 268 262 243 212 194 216 260 230 229 232 245 245 240 229 203 177 159 164 185 205 233 244 211 126 83 77 68 -32768 -32768 -32768 -32768 -32768 -32768 -32768 -32768 -32768 -32768 -32768 -32768 -32768
-32768 -32768 -32768 -32768 -32768 -32768 -32768 91 107 234 190 111 310 574 671 638 512 398 355 333 322 323 339 371 419 480 555 634 670 700 709 705 639 550 547 564 565 542 498 459 403 345 331 334 307 258 230 263 275 252 246 253 268 281 281 266 240 210 189 182 196 202 214 222 195 122 109 113 81 59 -32768 -32768 -32768 -32768 -32768 -32768 -32768 -32768 -32768 -32768 -32768 -32768
-32768 -32768 -32768 -32768 -32768 -32768 -32768 31 89 180 176 195 398 706 715 610 490 412 405 382 371 372 385 414 466 530 603 653 662 692 705 691 636 570 538 530 523 510 511 489 424 370 353 382 363 323 299 294 284 270 269 277 299 317 327 316 280 235 194 181 200 197 194 196 170 164 186 184 110 64 41 39 -32768 -32768 -32768 -32768 -32768 -32768 -32768 -32768 -32768 -32768
-32768 -32768 -32768 -32768 -32768 -32768 6 20 64 112 94 228 610 658 677 589 483 441 434 429 426 426 435 462 514 583 650 623 617 667 686 684 645 592 554 531 516 502 498 484 427 335 277 348 387 366 329 310 300 285 278 285 299 327 349 357 315 252 180 144 173 178 182 200 220 254 288 262 177 113 80 95 76 49 30 20 -32768 -32768 -32768 -32768 -32768 -32768
-32768 -32768 -32768 -32768 -32768 13 18 25 17 60 96 312 766 644 629 579 506 463 464 484 492 491 498 520 567 634 655 611 608 633 675 695 664 614 571 543 523 513 514 489 429 344 300 354 371 367 352 343 329 298 279 272 268 280 297 318 292 248 205 143 136 141 162 204 255 314 332 298 194 136 163 214 160 104 65 43 35 30 18 -32768 -32768 -32768
-32768 -32768 -32768 -32768 -32768 -32768 24 10 9 41 114 417 797 677 630 589 533 486 514 565 590 576 571 577 613 659 643 610 600 594 699 714 682 632 590 558 538 550 572 523 464 424 431 432 388 347 357 395 366 296 271 256 226 188 197 216 196 175 168 127 104 115 144 191 210 228 244 217 172 159 231 258 201 152 129 128 107 45 21 21 -32768 -32768
-32768 -32768 -32768 -32768 -32768 2 5 10 8 64 98 407 625 634 624 612 575 557 593 667 726 671 640 628 638 641 621 589 585 638 724 715 667 627 583 533 557 665 630 537 480 459 470 463 409 337 332 379 358 289 270 254 211 163 165 164 144 128 122 122 111 111 132 180 176 189 204 180 182 182 206 220 208 177 165 176 145 57 25 27 22 19
-32768 -32768 -32768 -32768 -32768 -32768 9 9 37 99 185 481 544 581 591 591 580 592 647 725 739 674 627 608 600 597 580 546 528 612 734 658 593 570 532 487 516 579 542 469 431 423 426 406 358 305 288 293 309 300 265 254 227 203 208 198 172 143 137 135 124 107 109 129 136 154 170 167 154 140 151 154 145 149 158 156 128 76 44 46 38 29
-32768 -32768 -32768 -32768 -32768 -32768 -32768 12 53 78 265 515 517 519 509 492 516 555 638 682 657 607 567 554 539 546 539 511 469 489 554 532 500 504 491 474 467 451 404 370 351 357 375 354 319 277 256 230 246 269 229 266 283 254 237 252 204 170 153 147 140 99 92 110 113 120 130 129 122 114 108 100 86 91 120 129 104 94 99 79 59 46
-32768 -32768 -32768 -32768 -32768 -32768 1 11 32 123 456 544 542 504 469 437 428 434 553 593 563 554 524 508 502 505 511 503 450 404 426 450 454 451 446 440 418 380 338 305 278 290 316 306 306 302 265 249 261 281 271 277 277 262 266 248 208 176 152 146 148 111 97 129 146 115 102 103 98 92 86 76 64 64 84 100 93 85 77 71 59 47
-32768 -32768 -32768 -32768 -32768 0 1 6 19 116 426 591 571 514 466 426 398 399 446 474 465 470 466 457 459 467 477 466 419 386 390 406 415 406 397 387 371 345 314 285 265 265 289 307 318 308 278 270 288 291 275 267 263 256 249 226 213 185 142 129 124 105 101 132 141 113 97 100 94 86 79 70 58 55 63 75 64 47 49 54 55 48
-32768 -32768 -32768 -32768 -32768 0 0 1 32 122 327 561 560 493 452 413 384 378 389 407 440 421 398 402 415 426 428 404 379 368 363 362 361 349 335 331 327 315 297 282 272 270 282 306 314 288 268 265 282 279 258 239 236 237 233 229 215 177 136 117 110 105 105 114 106 89 93 95 91 84 84 74 58 49 50 51 42 39 47 49 45 37
-32768 -32768 -32768 -32768 -32768 0 0 0 29 129 212 387 401 417 402 379 365 359 368 398 447 405 353 363 376 381 375 358 343 334 325 312 302 295 285 287 296 296 283 272 267 253 249 256 273 268 252 247 262 255 228 204 196 200 200 201 186 149 119 103 97 98 107 113 102 92 96 95 87 71 73 68 52 50 44 41 43 42 46 43 36 32
-32768 -32768 -32768 -32768 -32768 0 0 0 11 95 127 173 210 275 311 327 337 340 346 378 393 370 341 337 341 340 331 318 303 291 279 264 255 256 256 263 277 288 273 242 239 220 206 211 243 237 221 211 225 220 194 170 159 162 164 164 148 103 94 89 87 93 107 115 111 104 99 91 83 75 75 66 52 59 46 32 31 26 32 33 36 32
-32768 -32768 -32768 -32768 -32768 0 0 0 2 64 93 98 129 174 236 319 327 318 324 342 349 336 319 313 315 309 296 282 265 250 238 233 232 233 234 241 255 277 265 206 193 187 186 209 251 222 194 176 179 176 160 140 124 127 131 123 89 73 78 81 83 86 99 115 120 116 103 93 82 79 85 75 63 59 52 33 30 30 38 39 36 30
-32768 -32768 -32768 -32768 -32768 -32768 0 0 0 24 84 82 106 130 200 245 309 281 292 309 315 304 286 282 293 283 264 250 237 225 224 230 227 217 211 212 216 223 203 161 155 160 167 185 202 185 168 156 145 142 134 121 109 106 108 108 91 75 76 81 80 73 74 87 104 114 100 84 75 74 75 71 64 56 55 38 32 32 32 25 23 21
-32768 -32768 -32768 -32768 -32768 -32768 -32768 -32768 0 4 33 59 77 128 230 268 278 253 273 281 289 272 248 237 253 246 234 224 216 217 228 247 221 195 184 180 172 165 155 131 132 139 140 139 137 130 137 138 121 119 116 110 102 94 92 89 81 74 72 71 67 58 51 57 70 78 80 71 64 62 65 65 48 41 40 28 19 17 14 12 12 11
-32768 -32768 -32768 -32768 -32768 -32768 -32768 -32768 0 0 9 38 53 80 270 329 337 298 258 245 248 232 211 201 203 206 206 189 192 201 212 215 185 158 151 148 136 128 133 122 121 122 114 102 98 93 106 118 108 103 101 100 98 88 80 74 69 65 62 59 56 51 49 53 54 50 61 57 51 49 57 53 38 31 25 20 12 9 10 9 8 7
-32768 -32768 -32768 -32768 -32768 -32768 -32768 -32768 -32768 0 3 22 37 48 194 332 373 364 242 208 204 189 173 168 174 187 181 154 166 184 184 171 144 119 121 119 106 107 113 114 114 106 99 91 82 79 84 90 90 88 87 87 85 76 67 62 58 54 51 50 48 46 46 49 48 42 45 44 40 39 46 39 30 25 22 17 11 10 9 9 9 10
-32768 -32768 -32768 -32768 -32768 -32768 -32768 -32768 -32768 -32768 0 3 19 32 66 315 395 419 247 199 182 160 140 141 143 145 137 131 143 168 159 145 131 114 109 107 93 94 103 104 100 92 90 92 76 63 64 69 73 74 74 73 71 63 55 54 50 43 41 43 43 42 42 41 40 38 35 35 38 34 33 25 22 19 17 11 9 9 9 8 6 9
-32768 -32768 -32768 -32768 -32768 -32768 -32768 -32768 -32768 -32768 0 0 11 24 45 167 264 370 223 194 178 160 145 132 122 116 107 106 107 120 131 131 132 120 98 82 71 84 100 99 90 80 75 66 54 46 49 54 59 61 61 60 59 52 47 52 49 39 37 41 39 38 37 36 34 33 31 31 39 34 26 19 16 13 11 9 9 7 8 7 3 4
-32768 -32768 -32768 -32768 -32768 -32768 -32768 -32768 -32768 -32768 -32768 0 3 15 41 56 91 278 225 206 189 176 162 141 123 112 101 92 86 90 107 121 122 104 88 65 52 75 93 94 88 73 54 40 37 34 39 46 50 51 48 49 49 50 48 48 51 51 48 40 35 34 33 31 31 30 29 32 35 30 24 17 14 10 8 7 5 4 6 7 3 2
-32768 -32768 -32768 -32768 -32768 -32768 -32768 -32768 -32768 -32768 -32768 0 0 9 36 65 78 245 288 218 199 188 173 156 139 125 109 91 77 78 93 116 120 105 88 67 56 62 75 87 91 82 59 30 25 31 36 40 43 40 34 39 39 41 42 42 47 45 38 33 30 30 30 29 27 26 26 28 29 26 20 15 13 10 7 6 4 3 4 4 4 3
-32768 -32768 -32768 -32768 -32768 -32768 -32768 -32768 -32768 -32768 -32768 -32768 0 3 25 58 70 180 254 221 193 193 184 174 163 151 132 106 77 73 86 111 116 109 95 74 62 53 61 82 92 94 70 45 35 37 40 40 37 29 23 35 33 34 36 35 32 26 23 24 25 28 28 24 23 22 22 24 24 23 18 15 15 11 8 5 3 2 3 4 4 4
-32768 -32768 -32768 -32768 -32768 -32768 -32768 -32768 -32768 -32768 -32768 -32768 0 1 16 52 51 112 192 188 179 185 190 193 195 192 178 150 117 102 102 111 117 115 107 87 66 52 51 71 82 79 69 63 55 48 47 42 36 31 27 32 33 33 33 31 23 16 14 19 24 27 23 17 15 15 19 21 21 21 16 14 15 13 10 6 2 3 10 3 2 4
-32768 -32768 -32768 -32768 -32768 -32768 -32768 -32768 -32768 -32768 -32768 -32768 0 0 3 30 35 48 82 157 156 176 189 208 232 251 251 225 183 145 126 123 122 119 113 94 69 53 47 52 61 62 61 58 54 53 54 43 39 37 32 30 30 30 33 29 19 13 13 18 27 30 21 14 13 13 18 19 16 17 14 12 14 13 11 7 2 4 6 4 2 2
-32768 -32768 -32768 -32768 -32768 -32768 -32768 -32768 -32768 -32768 -32768 -32768 -32768 1 1 7 25 39 59 107 125 133 152 140 235 323 353 327 253 180 149 139 131 122 110 92 71 54 42 39 46 50 52 53 52 50 49 46 40 41 38 33 28 30 33 30 19 13 13 19 27 28 20 16 18 15 16 16 15 18 14 10 10 12 11 9 5 6 6 5 3 5
-32768 -32768 -32768 -32768 -32768 -32768 -32768 -32768 -32768 -32768 -32768 -32768 -32768 -32768 1 1 12 31 47 54 86 93 93 80 176 410 487 455 337 223 180 161 145 129 112 93 74 59 46 41 43 45 47 50 51 52 54 56 50 50 48 41 35 32 33 29 21 17 17 21 25 23 16 15 16 16 16 16 18 18 15 11 8 12 14 12 8 6 4 4 4 4
-32768 -32768 -32768 -32768 -32768 -32768 -32768 -32768 -32768 -32768 -32768 -32768 -32768 -32768 1 1 2 15 30 37 47 50 42 23 34 185 571 645 438 297 225 189 164 141 121 101 82 69 61 53 51 50 51 52 54 57 62 59 54 58 59 52 42 34 35 37 30 25 25 29 30 23 13 11 15 16 18 21 20 17 16 14 16 12 14 14 8 4 3 3 2 2
-32768 -32768 -32768 -32768 -32768 -32768 -32768 -32768 -32768 -32768 -32768 -32768 -32768 -32768 -32768 0 0 5 15 23 33 31 24 18 18 25 34 176 340 293 237 210 187 157 135 117 98 88 81 72 66 61 59 58 59 61 63 62 59 59 60 58 52 41 40 51 44 34 34 40 37 27 14 12 15 16 19 21 19 17 20 17 17 19 12 16 8 3 3 3 1 2
