final project/Practice/maxentOut/bio16.asc
NCOLS 186 
NROWS 192 
XLLCORNER -125 
YLLCORNER -56 
CELLSIZE 0.5 
NODATA_value -32768 
[rows 70 to 104 of 192, columns 79 to 157 of 186]
-32768 -32768 -32768 -32768 -32768 -32768 -32768 -32768 -32768 -32768 -32768 -32768 -32768 -32768 -32768 -32768 2128 1865 806 666 647 536 360 593 1568 1239 938 832 795 979 1060 1101 1149 1180 1215 1286 1375 1418 1318 1327 1410 1436 1364 1382 1378 1278 1119 1025 832 677 630 845 1040 1045 1037 985 967 985 969 904 899 924 935 961 1055 1269 1376 1435 -32768 -32768 -32768 -32768 -32768 -32768 -32768 -32768 -32768 -32768 -32768
-32768 -32768 -32768 -32768 -32768 -32768 -32768 -32768 -32768 -32768 -32768 -32768 -32768 -32768 -32768 2362 2326 1434 503 566 570 536 448 1240 1292 1102 982 938 970 1081 1119 1140 1161 1187 1224 1336 1411 1367 1350 1335 1310 1274 1211 1127 1102 1037 939 836 745 593 514 611 836 945 987 997 1020 1040 1083 973 942 1018 946 957 1079 1268 1373 1462 1475 -32768 -32768 -32768 -32768 -32768 -32768 -32768 -32768 -32768 -32768
-32768 -32768 -32768 -32768 -32768 -32768 -32768 746 -32768 -32768 -32768 -32768 -32768 -32768 -32768 -32768 2458 859 461 691 686 610 615 1208 1009 963 977 981 982 1056 1119 1150 1169 1183 1195 1271 1381 1370 1382 1301 1194 1124 1032 933 902 929 902 885 806 725 728 767 796 879 937 967 996 1042 1109 1010 998 1035 957 942 969 1090 1222 1374 1486 -32768 -32768 -32768 -32768 -32768 -32768 -32768 -32768 -32768 -32768
-32768 -32768 -32768 -32768 -32768 -32768 -32768 -32768 -32768 -32768 -32768 -32768 -32768 -32768 1512 2183 2153 821 587 765 672 563 906 1072 1034 1026 1018 1025 1042 1082 1122 1161 1187 1207 1233 1276 1304 1333 1359 1249 1035 977 906 817 798 836 892 917 883 835 889 920 868 864 914 947 941 952 969 960 973 984 977 943 931 973 1049 1256 1461 1566 -32768 -32768 -32768 -32768 -32768 -32768 -32768 -32768 -32768
-32768 -32768 -32768 -32768 -32768 -32768 -32768 -32768 -32768 -32768 -32768 -32768 -32768 1237 1378 1801 1908 952 611 582 561 570 1028 1038 1006 1018 1018 1034 1058 1095 1134 1162 1188 1219 1269 1325 1269 1290 1292 1150 949 855 855 777 773 815 873 921 944 883 911 894 826 857 905 929 932 929 894 870 919 962 969 953 941 953 1021 1195 1429 1614 -32768 -32768 -32768 -32768 -32768 -32768 -32768 -32768 -32768
-32768 -32768 -32768 -32768 -32768 -32768 -32768 -32768 -32768 -32768 -32768 -32768 -32768 1175 1397 1285 1134 865 551 487 582 700 961 933 919 965 995 1029 1068 1099 1130 1159 1180 1205 1252 1283 1250 1219 1186 1065 926 843 808 798 799 811 851 893 903 903 958 941 881 877 895 922 960 967 899 840 902 959 955 956 954 964 1029 1154 1323 1511 1563 -32768 -32768 -32768 -32768 -32768 -32768 -32768 -32768
-32768 -32768 -32768 -32768 -32768 -32768 -32768 -32768 -32768 -32768 -32768 -32768 780 1042 1663 1040 701 620 635 775 972 927 882 864 881 928 977 1026 1069 1095 1135 1154 1148 1150 1214 1217 1156 1116 1087 1033 960 910 872 830 808 809 841 893 902 944 975 948 907 895 932 952 978 981 960 892 908 932 935 942 957 968 1007 1072 1156 1274 1397 1436 -32768 -32768 -32768 -32768 -32768 -32768 -32768
-32768 -32768 -32768 -32768 -32768 -32768 -32768 -32768 -32768 -32768 -32768 505 741 978 1287 671 558 926 1123 1220 1091 967 911 883 894 936 967 1005 1048 1083 1124 1146 1131 1111 1185 1163 1071 1012 1024 1033 991 955 923 901 847 797 821 864 909 972 993 903 921 969 993 996 981 977 959 930 921 917 921 934 946 961 979 990 1006 1068 1238 1338 -32768 -32768 -32768 -32768 -32768 -32768 -32768
-32768 -32768 -32768 -32768 -32768 -32768 -32768 -32768 -32768 -32768 754 687 930 921 532 350 631 1124 1251 1123 966 960 954 925 930 951 961 986 1012 1048 1079 1117 1142 1128 1127 1065 977 996 1035 1015 975 959 990 967 898 804 823 864 884 908 902 844 985 1017 1003 1007 996 989 984 959 937 918 917 930 938 964 960 941 947 1007 1175 1284 -32768 -32768 -32768 -32768 -32768 -32768 -32768
-32768 -32768 -32768 -32768 -32768 -32768 -32768 -32768 -32768 -32768 673 995 1381 915 371 440 895 1070 1090 1006 945 1007 1010 964 950 956 955 960 962 982 1011 1054 1092 1121 1125 1001 916 943 958 931 912 942 1039 1031 902 848 878 881 839 809 813 862 958 1001 1008 1022 1035 1032 1012 980 941 913 895 911 917 941 953 949 1015 1146 1265 1381 1583 -32768 -32768 -32768 -32768 -32768 -32768
-32768 -32768 -32768 -32768 -32768 -32768 -32768 -32768 -32768 -32768 497 1110 1481 846 392 702 1092 1053 973 930 936 1040 1013 959 939 948 947 933 926 931 951 995 1045 1101 1118 1011 914 895 893 870 842 875 943 929 860 870 900 880 822 800 832 888 947 1008 1028 1053 1069 1074 1053 998 928 870 850 882 898 935 960 938 1026 1289 1500 1455 1507 1462 1532 -32768 -32768 -32768 -32768
-32768 -32768 -32768 -32768 -32768 -32768 -32768 -32768 -32768 190 543 1163 1333 378 391 1153 1057 986 932 892 923 964 949 913 891 903 916 918 930 939 939 971 1034 1060 1062 1012 949 911 890 869 852 872 892 872 869 931 859 820 834 894 945 975 991 1004 1018 1046 1090 1112 1093 1013 903 810 775 818 844 905 976 966 982 1124 1286 1327 1236 1358 1431 1485 1496 1348 1224
-32768 -32768 -32768 -32768 -32768 -32768 -32768 -32768 94 247 737 1084 1132 278 578 1300 1071 979 930 888 872 885 887 848 828 852 890 922 950 970 984 1023 1059 1029 1025 1012 971 929 903 887 890 912 920 920 950 965 823 768 869 999 1074 1054 1014 987 983 1002 1056 1098 1099 1005 868 784 745 770 760 827 978 993 934 950 1094 1213 1250 1138 1091 1183 1214 1179 1113
-32768 -32768 -32768 -32768 -32768 -32768 -32768 -32768 -32768 294 637 885 994 308 689 1122 1021 954 912 867 814 841 872 854 807 838 878 922 973 1001 1011 1044 1084 983 989 998 967 938 926 919 949 997 979 959 960 946 870 849 937 1029 1118 1080 985 939 912 916 953 1029 1064 981 822 729 761 801 816 880 1008 973 929 961 1098 1153 1215 1179 1078 1064 1071 1029 1012
-32768 -32768 -32768 -32768 -32768 -32768 -32768 -32768 80 199 479 675 943 290 748 930 852 883 887 846 816 846 939 951 881 864 879 916 985 1009 984 981 1013 1006 967 954 941 939 928 980 1130 1104 1001 952 942 942 930 934 955 975 990 959 907 881 849 862 909 1014 1019 924 853 893 905 950 922 931 999 1007 1095 1144 1241 1215 1221 1242 1176 1089 1035 992 995
-32768 -32768 -32768 -32768 -32768 -32768 -32768 -32768 -32768 256 320 544 440 342 872 785 752 765 787 761 769 835 922 956 912 893 899 915 951 955 911 882 969 1053 956 917 902 904 908 981 1071 1026 932 889 894 920 928 908 913 1011 857 819 866 879 887 901 924 956 979 909 880 1011 936 1007 927 882 917 986 1081 1213 1283 1277 1286 1299 1255 1114 1019 975 982
-32768 -32768 -32768 -32768 -32768 -32768 -32768 -32768 -32768 -32768 223 434 330 448 897 731 699 646 622 667 725 782 841 874 868 899 916 904 910 903 864 827 867 927 896 883 892 916 943 951 929 864 807 783 826 898 932 874 848 946 877 819 838 914 892 801 873 923 1091 967 845 878 885 874 836 852 905 997 1018 1129 1225 1280 1291 1263 1179 1047 952 931 950
-32768 -32768 -32768 -32768 -32768 -32768 -32768 -32768 -32768 148 432 710 378 640 795 723 678 618 588 631 691 729 771 811 851 889 893 871 859 882 878 836 806 837 855 865 893 936 981 943 860 795 738 712 779 871 957 866 771 825 813 777 807 875 885 847 921 968 1070 932 818 830 860 810 765 808 955 1082 1112 1083 1157 1261 1266 1219 1115 965 866 870 904
-32768 -32768 -32768 -32768 -32768 -32768 -32768 -32768 54 217 503 662 468 611 770 736 684 636 610 627 667 707 734 756 827 854 845 814 771 791 877 879 855 856 851 855 883 929 963 942 885 830 780 762 809 847 886 857 834 838 793 715 752 856 903 913 936 927 910 861 849 834 832 787 756 780 885 988 1026 1050 1152 1213 1214 1191 1090 934 827 805 833
-32768 -32768 -32768 -32768 -32768 -32768 -32768 -32768 31 85 235 543 495 554 758 726 678 664 623 622 654 698 723 767 826 818 809 782 750 770 863 912 928 919 880 861 865 915 964 958 929 898 889 873 857 859 869 909 960 922 854 767 781 877 932 915 902 876 869 916 904 870 834 808 790 792 846 891 923 987 1064 1105 1118 1166 1084 887 766 724 720
-32768 -32768 -32768 -32768 -32768 -32768 -32768 -32768 23 37 135 344 374 441 576 536 583 623 629 628 654 684 696 736 752 784 791 779 772 796 858 926 996 993 920 877 876 936 991 990 973 940 930 936 923 917 944 968 990 979 935 864 850 888 914 906 890 883 948 1026 980 907 858 839 843 850 846 856 876 917 968 995 993 1031 980 825 710 663 623
-32768 -32768 -32768 -32768 -32768 -32768 -32768 -32768 23 26 69 229 342 313 315 360 446 524 646 656 685 717 689 716 744 770 786 784 786 807 854 913 974 983 933 894 917 963 1001 1021 1028 977 898 947 985 984 1023 1025 1007 994 961 916 899 908 915 906 902 926 1006 1107 1002 929 878 863 866 860 845 843 846 865 887 903 914 884 851 793 697 661 641
-32768 -32768 -32768 -32768 -32768 -32768 -32768 -32768 24 21 34 117 356 302 291 351 385 422 623 689 691 722 715 739 767 786 795 795 796 819 862 890 899 940 961 947 954 972 993 1022 1081 1067 936 946 980 1003 1054 1100 1049 1003 960 921 925 943 942 914 922 939 946 945 954 950 918 891 875 865 861 842 828 824 823 802 772 760 766 768 722 653 643
-32768 -32768 -32768 -32768 -32768 -32768 -32768 -32768 -32768 15 20 31 225 393 364 390 362 403 421 584 620 662 719 774 802 808 809 808 803 830 892 899 875 951 1025 1017 985 971 966 959 989 1007 948 946 953 978 1029 1071 1045 1005 936 883 928 978 988 994 994 966 917 916 981 1010 981 943 898 887 932 878 812 792 775 746 722 724 782 788 725 642 607
-32768 -32768 -32768 -32768 -32768 -32768 -32768 -32768 -32768 -32768 -32768 12 128 335 405 419 420 507 498 557 559 617 714 813 830 808 805 780 774 851 958 947 951 1020 1111 1061 984 951 941 864 819 938 978 950 917 925 969 1007 1007 1023 964 859 923 985 1029 1083 1085 1023 979 986 1053 1103 1043 988 931 888 951 903 806 786 781 767 768 759 834 822 717 631 601
-32768 -32768 -32768 -32768 -32768 -32768 -32768 -32768 -32768 -32768 -32768 5 31 208 365 406 410 594 653 700 662 628 684 777 807 793 778 734 740 837 909 950 982 1026 1066 1018 938 917 934 858 765 904 944 945 908 898 930 998 1039 1072 1071 963 959 995 1040 1085 1093 1060 1036 1042 1077 1106 1070 1022 975 955 947 885 791 809 812 790 811 834 842 821 708 600 588
-32768 -32768 -32768 -32768 -32768 -32768 -32768 -32768 -32768 -32768 -32768 -32768 4 79 259 375 367 516 736 873 868 631 626 690 745 796 771 760 809 845 859 928 973 971 959 933 886 859 864 886 840 860 896 941 933 923 950 1026 1097 1093 1071 1014 988 1000 1028 1058 1071 1066 1063 1067 1075 1086 1077 1049 1015 986 961 893 817 804 799 768 770 848 832 846 730 602 559
-32768 -32768 -32768 -32768 -32768 -32768 -32768 -32768 -32768 -32768 -32768 -32768 -32768 7 118 306 327 364 755 1100 1168 686 590 623 668 696 723 737 783 824 859 915 964 891 860 871 854 807 763 798 812 832 871 944 981 979 976 1020 1055 1048 1034 1008 990 991 1007 1028 1047 1060 1076 1085 1094 1095 1087 1070 1041 1003 955 894 829 772 760 830 880 918 856 826 747 642 588
-32768 -32768 -32768 -32768 -32768 -32768 -32768 -32768 -32768 -32768 -32768 -32768 -32768 7 42 320 366 348 529 836 1124 709 614 615 654 710 696 687 737 807 848 859 873 844 818 845 853 801 761 740 761 803 877 969 1039 1057 1002 1009 1002 989 989 978 971 974 986 990 984 1031 1081 1093 1108 1111 1094 1089 1062 1016 956 895 833 764 749 919 1065 1000 860 813 767 680 637
-32768 -32768 -32768 -32768 -32768 -32768 -32768 -32768 -32768 -32768 -32768 -32768 -32768 -32768 13 229 345 372 337 418 886 749 698 666 681 714 702 696 728 775 799 793 795 811 824 829 820 794 800 726 735 784 872 974 1011 983 920 926 941 940 950 949 953 952 970 981 984 1016 1063 1083 1083 1074 1099 1113 1087 1026 957 900 852 816 840 958 1065 962 841 782 771 694 639
-32768 -32768 -32768 -32768 -32768 -32768 -32768 -32768 -32768 -32768 -32768 -32768 -32768 -32768 4 87 328 377 413 437 889 983 784 686 686 702 715 724 738 754 754 738 741 773 816 814 783 766 768 738 724 765 851 970 1022 944 896 863 915 926 931 937 939 925 957 988 1024 1021 1013 1034 1042 1054 1103 1147 1114 1030 948 894 868 866 894 944 960 879 822 755 744 696 641
-32768 -32768 -32768 -32768 -32768 -32768 -32768 -32768 -32768 -32768 -32768 -32768 -32768 -32768 -32768 9 224 381 442 482 719 924 812 656 659 697 728 749 769 772 744 697 693 721 783 782 758 740 751 750 716 744 799 911 993 907 911 911 931 935 935 928 912 866 903 969 1002 986 957 935 951 1018 1077 1138 1106 1009 908 866 867 890 914 917 891 817 767 753 736 702 644
-32768 -32768 -32768 -32768 -32768 -32768 -32768 -32768 -32768 -32768 -32768 -32768 -32768 -32768 -32768 5 47 341 441 373 518 701 697 649 641 691 746 796 836 842 798 713 700 723 745 752 737 723 738 749 745 743 741 809 861 843 883 900 916 943 950 939 924 919 932 962 982 959 910 885 919 979 1020 1092 1074 962 839 824 843 905 925 893 824 767 763 784 770 738 683
-32768 -32768 -32768 -32768 -32768 -32768 -32768 -32768 -32768 -32768 -32768 -32768 -32768 -32768 -32768 1 11 167 446 380 399 454 621 655 672 707 785 864 941 980 944 851 787 767 756 745 730 717 718 725 723 716 726 756 786 801 817 837 882 933 950 957 957 973 979 994 1011 980 910 875 915 952 1007 1089 1087 957 846 808 809 876 898 865 760 716 762 799 776 797 797
-32768 -32768 -32768 -32768 -32768 -32768 -32768 -32768 -32768 -32768 -32768 -32768 -32768 -32768 -32768 -32768 7 39 323 467 386 385 527 613 658 701 657 883 1073 1175 1173 1047 903 826 786 756 731 714 706 703 698 692 706 721 740 757 773 792 817 848 915 962 976 989 1004 1021 1030 1046 992 940 952 951 994 1059 1054 947 856 805 788 803 837 810 721 708 777 763 764 814 903
