final project/Practice/maxentOut/bio1.asc
NCOLS 186 
NROWS 192 
XLLCORNER -125 
YLLCORNER -56 
CELLSIZE 0.5 
NODATA_value -32768 
[rows 0 to 34 of 192, columns 0 to 78 of 186]
-32768.000000000000000 113 112 112 110 161 153 105 77 69 88 100 109 104 96 86 77 77 73 68 64 70 85 97 96 88 69 36 52 58 76 73 59 51 45 16 27 7 -4 66 96 93 93 93 99 102 105 102 107 110 110 109 112 111 115 117 116 115 116 117 115 111 113 116 115 115 117 115 113 113 114 115 113 113 111 111 108 109 107
-32768 -32768 115 122 123 154 164 147 107 59 79 99 109 97 73 71 75 66 73 59 57 75 94 92 101 87 71 44 84 92 69 91 94 78 35 22 -3 -8 9 40 71 81 84 91 96 100 108 108 112 115 115 114 117 121 124 125 121 121 123 124 126 121 120 120 119 119 118 117 119 118 119 119 118 117 118 117 115 115 116
-32768 -32768 116 124 135 149 162 161 139 71 64 81 95 100 79 68 58 72 88 77 67 79 86 96 91 67 49 77 91 112 114 97 67 86 70 12 1 7 20 34 78 88 92 98 100 103 112 114 116 116 117 120 124 123 127 128 123 122 125 127 126 123 123 122 125 125 122 123 124 128 126 124 123 122 124 124 121 119 122
-32768 -32768 -32768 126 135 147 156 158 152 108 43 42 64 90 97 97 85 94 94 94 90 80 76 90 72 45 41 80 107 109 112 80 88 57 42 11 9 21 41 63 105 112 110 111 111 110 111 115 117 120 123 126 132 129 128 127 128 128 128 131 129 128 127 124 129 128 125 124 125 127 130 128 126 129 131 128 126 125 128
-32768 -32768 -32768 124 132 142 151 160 162 144 89 32 56 73 100 108 108 98 105 107 106 96 90 90 51 53 63 106 119 116 86 85 73 35 -2 -7 4 43 51 39 93 109 116 116 114 116 120 123 123 123 127 130 134 134 134 134 133 134 135 136 135 131 129 129 131 128 128 127 126 125 130 130 130 134 136 135 132 130 132
-32768 -32768 -32768 -32768 -32768 133 144 153 165 162 146 82 27 84 117 125 126 111 122 131 127 129 125 116 89 90 115 126 135 128 120 118 97 69 61 45 20 31 55 29 73 103 108 110 117 122 126 129 132 131 135 138 137 138 140 140 140 140 140 139 140 135 131 130 127 127 129 131 130 129 135 138 138 138 139 138 135 134 135
-32768 -32768 -32768 -32768 -32768 134 138 142 155 167 168 156 69 70 134 167 169 156 148 130 175 174 141 131 125 90 117 123 112 115 121 103 111 106 96 71 54 32 57 29 75 83 100 116 124 126 132 136 137 137 141 145 146 145 146 147 146 145 147 145 143 135 131 133 137 134 131 131 136 142 144 143 142 142 141 140 137 139 137
-32768 -32768 -32768 -32768 -32768 -32768 122 136 136 166 171 172 118 65 130 151 191 175 124 165 189 192 142 126 124 88 111 120 113 100 108 87 97 105 92 77 57 77 69 47 92 101 108 120 127 129 134 139 138 139 141 146 147 148 150 152 152 151 152 151 148 139 139 139 142 141 140 143 149 150 149 146 144 142 140 140 141 142 140
-32768 -32768 -32768 -32768 -32768 -32768 -32768 130 143 151 170 176 147 112 164 175 190 194 163 166 192 172 142 124 106 101 97 133 119 107 102 84 91 95 91 94 81 96 61 81 97 119 127 129 134 134 140 144 143 145 145 149 151 151 153 156 157 156 155 157 153 145 141 141 142 144 149 155 158 155 154 152 148 145 141 140 143 142 139
-32768 -32768 -32768 -32768 -32768 -32768 -32768 136 140 141 150 177 163 135 170 171 176 201 175 162 200 172 147 118 112 100 74 114 128 118 115 100 88 77 86 100 123 104 94 106 124 137 142 142 135 137 141 140 147 152 153 155 156 156 159 160 161 159 162 161 161 158 155 154 156 155 158 160 160 160 158 154 152 151 144 144 145 143 137
-32768 -32768 -32768 -32768 -32768 -32768 -32768 -32768 137 143 130 118 137 156 161 167 172 193 199 199 213 202 166 139 122 134 132 91 109 119 119 107 90 82 88 115 127 100 102 112 132 135 136 134 134 135 141 146 155 162 163 162 159 163 163 162 160 162 162 161 156 153 152 153 161 164 165 162 160 161 158 156 156 155 153 153 152 147 143
-32768 -32768 -32768 -32768 -32768 -32768 -32768 -32768 -32768 145 148 153 160 159 141 149 124 177 210 221 217 217 199 178 152 150 151 121 97 102 88 87 80 75 84 109 125 114 108 120 138 144 141 141 139 139 144 146 160 166 167 167 170 170 168 167 167 165 166 166 161 156 155 160 164 167 169 166 165 165 161 161 163 158 151 154 153 153 151
-32768 -32768 -32768 -32768 -32768 -32768 -32768 -32768 -32768 142 147 -32768 -32768 176 170 169 153 194 198 219 223 217 207 194 195 205 193 167 145 125 87 69 78 76 84 112 139 127 115 125 147 149 141 140 142 148 153 154 160 167 172 171 175 175 175 173 173 170 170 171 169 169 168 167 166 166 168 170 170 171 165 165 167 163 158 160 161 160 156
-32768 -32768 -32768 -32768 -32768 -32768 -32768 -32768 -32768 -32768 150 154 161 162 164 168 145 193 226 217 222 217 219 219 216 211 211 195 174 162 127 120 100 88 95 144 136 151 100 121 150 154 144 144 148 154 157 165 168 172 177 175 177 176 178 177 177 172 172 173 175 175 174 171 170 169 170 174 174 173 167 167 168 168 168 167 166 163 158
-32768 -32768 -32768 -32768 -32768 -32768 -32768 -32768 -32768 -32768 -32768 -32768 155 153 -32768 171 158 163 218 226 226 228 231 230 221 205 210 202 183 154 157 154 134 119 123 146 142 158 114 124 151 159 156 158 162 164 166 171 172 178 180 177 176 179 179 184 184 179 177 176 180 180 178 174 174 176 177 177 177 175 171 170 170 172 174 173 172 170 168
-32768 -32768 -32768 -32768 -32768 -32768 -32768 -32768 -32768 -32768 -32768 -32768 -32768 -32768 -32768 165 161 141 182 220 226 223 220 223 212 204 200 199 178 161 155 157 151 146 152 153 155 162 149 154 146 171 170 170 171 173 173 174 174 174 177 177 175 177 182 186 186 186 185 183 180 180 181 178 178 181 182 181 179 178 175 173 174 176 177 179 181 180 177
-32768 -32768 -32768 -32768 -32768 -32768 -32768 -32768 -32768 -32768 -32768 -32768 -32768 -32768 -32768 -32768 161 147 149 203 218 218 216 215 207 202 185 175 163 163 159 139 147 155 164 167 169 169 154 163 158 172 180 179 176 177 174 171 175 180 180 181 179 180 183 188 188 189 190 188 184 181 179 182 185 184 185 184 179 180 179 180 177 179 180 179 180 179 182
-32768 -32768 -32768 -32768 -32768 -32768 -32768 -32768 -32768 -32768 -32768 -32768 -32768 -32768 -32768 -32768 162 161 144 175 207 216 210 212 208 198 188 170 157 156 160 165 149 165 167 174 174 167 164 155 161 167 180 182 184 186 177 174 181 184 181 181 183 182 188 191 194 192 190 188 188 185 183 185 189 188 188 185 182 185 186 185 182 184 186 182 181 183 187
-32768 -32768 -32768 -32768 -32768 -32768 -32768 -32768 -32768 -32768 -32768 -32768 -32768 -32768 -32768 -32768 -32768 178 162 149 197 -32768 -32768 214 213 207 204 193 176 166 166 175 159 163 161 174 174 165 156 159 166 153 163 175 179 184 183 179 180 180 179 181 185 185 190 194 198 198 196 191 188 189 188 189 191 192 192 190 189 189 190 191 190 192 192 191 189 190 191
-32768 -32768 -32768 -32768 -32768 -32768 -32768 -32768 -32768 -32768 -32768 -32768 -32768 -32768 -32768 -32768 -32768 188 183 169 189 -32768 -32768 -32768 211 203 197 198 190 184 182 185 156 136 160 171 169 166 164 164 165 158 158 164 171 186 192 190 187 182 178 179 184 189 197 197 199 200 198 196 196 195 194 196 196 195 195 195 196 197 196 196 197 196 198 198 195 195 196
-32768 -32768 -32768 -32768 -32768 -32768 -32768 -32768 -32768 -32768 -32768 -32768 -32768 -32768 -32768 -32768 -32768 -32768 193 185 178 198 208 211 216 211 204 208 213 206 204 202 159 119 130 152 153 161 171 174 193 188 180 185 194 201 207 205 197 188 183 189 192 197 200 200 201 200 202 204 203 203 200 200 200 198 198 200 201 203 203 202 202 -32768 -32768 -32768 -32768 -32768 200
-32768 -32768 -32768 -32768 -32768 -32768 -32768 -32768 -32768 -32768 -32768 -32768 -32768 167 -32768 -32768 -32768 -32768 -32768 199 196 182 198 208 228 223 231 231 231 226 223 213 182 127 119 135 133 161 180 183 191 193 197 197 192 192 208 213 210 203 203 206 207 207 206 205 205 204 204 205 208 -32768 -32768 -32768 -32768 -32768 201 204 205 206 206 207 207 -32768 -32768 -32768 -32768 -32768 -32768
-32768 -32768 -32768 -32768 -32768 -32768 -32768 -32768 -32768 -32768 -32768 -32768 -32768 172 -32768 -32768 -32768 -32768 -32768 -32768 205 203 187 212 221 225 239 243 237 236 234 206 175 139 134 131 135 158 185 186 186 178 182 203 192 187 204 213 216 215 215 213 212 212 212 213 212 211 210 208 -32768 -32768 -32768 -32768 -32768 -32768 -32768 -32768 -32768 -32768 -32768 209 -32768 -32768 -32768 -32768 -32768 -32768 -32768
-32768 -32768 -32768 -32768 -32768 -32768 -32768 -32768 -32768 -32768 -32768 -32768 -32768 -32768 -32768 -32768 -32768 -32768 199 196 -32768 210 198 194 216 233 242 242 243 242 241 211 178 144 122 130 145 163 185 188 177 179 183 188 189 184 212 214 216 221 220 219 217 216 217 216 215 214 -32768 -32768 -32768 -32768 -32768 -32768 -32768 -32768 -32768 -32768 -32768 -32768 -32768 -32768 -32768 -32768 -32768 -32768 -32768 -32768 -32768
-32768 -32768 -32768 -32768 -32768 -32768 -32768 -32768 -32768 -32768 -32768 -32768 -32768 -32768 -32768 -32768 -32768 -32768 -32768 200 197 205 210 202 210 225 -32768 246 249 249 246 227 204 165 124 127 150 170 179 184 181 180 181 191 184 185 202 219 220 222 227 224 217 219 221 221 218 -32768 -32768 -32768 -32768 -32768 -32768 -32768 -32768 -32768 -32768 -32768 -32768 -32768 -32768 -32768 -32768 -32768 -32768 -32768 -32768 -32768 -32768
-32768 -32768 -32768 -32768 -32768 -32768 -32768 -32768 -32768 -32768 -32768 -32768 -32768 -32768 -32768 -32768 -32768 -32768 -32768 -32768 194 200 202 210 204 221 236 -32768 250 252 251 247 219 189 164 139 149 174 175 181 181 176 180 189 181 190 204 221 223 223 231 229 220 224 224 223 -32768 -32768 -32768 -32768 -32768 -32768 -32768 -32768 -32768 -32768 -32768 -32768 -32768 -32768 -32768 -32768 -32768 -32768 -32768 -32768 -32768 -32768 -32768
-32768 -32768 -32768 -32768 -32768 -32768 -32768 -32768 -32768 -32768 -32768 -32768 -32768 -32768 -32768 -32768 -32768 -32768 -32768 -32768 -32768 206 205 212 204 201 226 234 -32768 -32768 241 243 239 231 202 153 143 154 164 179 184 189 191 191 192 200 199 202 213 220 231 229 226 226 225 222 -32768 -32768 -32768 -32768 -32768 -32768 -32768 -32768 -32768 -32768 -32768 -32768 -32768 -32768 -32768 -32768 -32768 -32768 -32768 -32768 -32768 -32768 -32768
-32768 -32768 -32768 -32768 -32768 -32768 -32768 -32768 -32768 -32768 -32768 -32768 -32768 -32768 -32768 -32768 -32768 -32768 -32768 -32768 -32768 -32768 -32768 -32768 218 214 213 234 -32768 -32768 -32768 244 243 231 210 174 137 123 157 171 184 197 201 201 203 192 189 198 204 213 222 232 235 231 229 227 -32768 -32768 -32768 -32768 -32768 -32768 -32768 -32768 -32768 -32768 -32768 -32768 -32768 -32768 -32768 -32768 -32768 -32768 -32768 -32768 -32768 -32768 -32768
-32768 -32768 -32768 -32768 -32768 -32768 -32768 -32768 -32768 -32768 -32768 -32768 -32768 -32768 -32768 -32768 -32768 -32768 -32768 -32768 -32768 -32768 -32768 -32768 -32768 225 219 226 238 -32768 -32768 245 248 248 228 202 148 129 147 178 182 194 203 211 212 210 200 197 189 213 226 233 233 233 233 231 -32768 -32768 -32768 -32768 -32768 -32768 -32768 -32768 -32768 -32768 -32768 -32768 -32768 -32768 -32768 -32768 -32768 -32768 -32768 -32768 -32768 -32768 -32768
-32768 -32768 -32768 -32768 -32768 -32768 -32768 -32768 -32768 -32768 -32768 -32768 -32768 -32768 -32768 -32768 -32768 -32768 -32768 -32768 -32768 -32768 -32768 -32768 -32768 220 220 214 225 -32768 -32768 247 248 248 243 231 197 140 140 165 185 205 206 204 208 202 192 184 157 162 224 232 235 233 234 233 -32768 -32768 -32768 -32768 -32768 -32768 -32768 -32768 -32768 -32768 -32768 -32768 -32768 -32768 -32768 -32768 -32768 -32768 -32768 -32768 -32768 -32768 -32768
-32768 -32768 -32768 -32768 -32768 -32768 -32768 -32768 -32768 -32768 -32768 -32768 -32768 -32768 -32768 -32768 -32768 -32768 -32768 -32768 -32768 -32768 -32768 -32768 -32768 216 214 215 219 231 -32768 -32768 -32768 250 251 251 231 189 134 144 171 186 190 201 208 197 190 186 176 162 202 225 223 233 236 -32768 -32768 -32768 -32768 -32768 -32768 -32768 -32768 -32768 -32768 -32768 -32768 -32768 -32768 -32768 -32768 -32768 -32768 -32768 -32768 -32768 -32768 -32768 -32768
-32768 -32768 -32768 -32768 -32768 -32768 -32768 -32768 -32768 -32768 -32768 -32768 -32768 -32768 -32768 -32768 -32768 -32768 -32768 -32768 -32768 -32768 -32768 -32768 -32768 -32768 212 221 223 230 233 -32768 -32768 -32768 253 253 246 196 141 128 161 173 160 178 190 189 181 177 178 176 182 230 235 237 238 -32768 -32768 -32768 -32768 -32768 -32768 -32768 -32768 -32768 -32768 -32768 -32768 -32768 -32768 -32768 -32768 -32768 -32768 -32768 -32768 -32768 -32768 -32768 -32768
-32768 -32768 -32768 -32768 -32768 -32768 -32768 -32768 -32768 -32768 -32768 -32768 -32768 -32768 -32768 -32768 -32768 -32768 -32768 -32768 -32768 -32768 -32768 -32768 -32768 -32768 -32768 -32768 228 220 220 243 -32768 -32768 -32768 255 252 235 175 130 140 173 156 171 167 171 169 170 174 181 157 214 243 239 238 -32768 -32768 -32768 -32768 -32768 -32768 -32768 -32768 -32768 -32768 -32768 -32768 -32768 -32768 -32768 -32768 -32768 -32768 -32768 -32768 -32768 -32768 -32768 -32768
-32768 -32768 -32768 -32768 -32768 -32768 -32768 -32768 -32768 -32768 -32768 -32768 -32768 -32768 -32768 -32768 -32768 -32768 -32768 -32768 -32768 -32768 -32768 -32768 -32768 -32768 -32768 -32768 -32768 225 221 239 -32768 -32768 -32768 -32768 250 246 227 182 158 158 151 156 165 175 172 166 184 194 183 209 243 223 235 -32768 -32768 -32768 -32768 -32768 -32768 -32768 -32768 -32768 -32768 -32768 -32768 -32768 -32768 -32768 -32768 -32768 -32768 -32768 -32768 -32768 -32768 -32768 -32768
-32768 -32768 -32768 -32768 -32768 -32768 -32768 -32768 -32768 -32768 -32768 -32768 -32768 -32768 -32768 -32768 -32768 -32768 -32768 -32768 -32768 -32768 -32768 -32768 -32768 -32768 -32768 -32768 -32768 232 234 -32768 -32768 -32768 -32768 -32768 -32768 249 246 218 184 178 164 153 161 168 168 175 189 206 208 233 253 241 236 -32768 -32768 -32768 -32768 -32768 -32768 -32768 -32768 -32768 -32768 -32768 -32768 -32768 -32768 -32768 262 -32768 -32768 -32768 -32768 -32768 -32768 -32768 -32768
