final project/Practice/maxentOut/bio12.asc
NCOLS 186 
NROWS 192 
XLLCORNER -125 
YLLCORNER -56 
CELLSIZE 0.5 
NODATA_value -9999 
[rows 96 to 127 of 192, columns 73 to 145 of 186]
-9999 -9999 -9999 -9999 -9999 -9999 -9999 -9999 -9999 -9999 -9999 -9999 -9999 -9999 -9999 -9999 -9999 -9999 2.68 81.74 353.76 578.88 594.29 1009.69 1505.49 1774.16 1760.09 1257.59 1181.88 1279.7 1348.71 1398.29 1355.41 1338.66 1401.64 1457.25 1491.42 1568.47 1600.63 1555.07 1502.81 1461.94 1421.74 1427.1 1423.08 1407.67 1357.42 1399.63 1427.77 1465.29 1458.59 1441.84 1469.98 1555.74 1645.52 1671.65 1644.85 1559.76 1512.86 1513.53 1548.37 1599.29 1630.11 1630.11 1621.4 1614.03 1614.03 1612.69 1589.24 1541.67 1492.09 1452.56 1429.78
-9999 -9999 -9999 -9999 -9999 -9999 -9999 -9999 -9999 -9999 -9999 -9999 -9999 -9999 -9999 -9999 -9999 -9999 -9999 6.7 123.28 418.75 503.84 620.42 1461.94 2103.13 2265.27 1342.01 1135.65 1165.8 1191.26 1188.58 1246.2 1274.34 1322.58 1364.79 1423.75 1507.5 1581.2 1453.9 1381.54 1385.56 1368.81 1323.92 1266.97 1283.72 1299.8 1337.32 1374.17 1450.55 1484.72 1486.06 1498.79 1518.22 1539.66 1541.67 1524.92 1492.76 1467.97 1469.31 1496.78 1540.33 1569.81 1584.55 1605.99 1623.41 1630.11 1626.09 1604.65 1565.79 1518.89 1463.28 1402.31
-9999 -9999 -9999 -9999 -9999 -9999 -9999 -9999 -9999 -9999 -9999 -9999 -9999 -9999 -9999 -9999 -9999 -9999 -9999 6.03 37.52 397.31 531.31 560.79 952.74 1541.67 2097.1 1296.45 1147.04 1151.73 1177.19 1218.73 1216.72 1200.64 1240.17 1286.4 1343.35 1363.45 1391.59 1362.78 1319.23 1344.69 1338.66 1283.05 1230.79 1174.51 1205.33 1295.11 1386.23 1481.37 1520.9 1561.1 1494.1 1435.14 1413.03 1406.33 1407 1407 1400.97 1401.64 1421.07 1461.27 1478.69 1528.27 1583.21 1605.99 1624.08 1637.48 1614.03 1581.87 1532.29 1465.96 1386.9
-9999 -9999 -9999 -9999 -9999 -9999 -9999 -9999 -9999 -9999 -9999 -9999 -9999 -9999 -9999 -9999 -9999 -9999 -9999 -9999 12.06 241.2 460.29 569.5 546.72 704.17 1613.36 1326.6 1240.17 1193.94 1225.43 1275.01 1243.52 1206.67 1226.1 1255.58 1266.3 1249.55 1253.57 1285.06 1301.81 1305.83 1284.39 1259.6 1244.86 1115.55 1132.3 1249.55 1373.5 1507.5 1531.62 1476.01 1331.96 1245.53 1283.72 1297.79 1319.23 1335.98 1340 1337.99 1351.39 1412.36 1467.97 1510.85 1541.67 1562.44 1580.53 1599.96 1604.65 1593.26 1546.36 1459.93 1365.46
-9999 -9999 -9999 -9999 -9999 -9999 -9999 -9999 -9999 -9999 -9999 -9999 -9999 -9999 -9999 -9999 -9999 -9999 -9999 -9999 5.36 69.68 354.43 535.33 648.56 695.46 1522.24 1681.7 1359.43 1202.65 1212.03 1246.2 1261.61 1257.59 1258.26 1251.56 1221.41 1181.88 1181.21 1227.44 1281.04 1277.69 1250.22 1224.76 1192.6 1120.24 1098.13 1184.56 1315.88 1493.43 1571.15 1400.97 1239.5 1159.77 1234.81 1270.99 1289.08 1297.12 1297.12 1287.07 1335.98 1393.6 1474.67 1484.72 1461.94 1462.61 1476.01 1513.53 1573.16 1606.66 1556.41 1447.87 1331.96
-9999 -9999 -9999 -9999 -9999 -9999 -9999 -9999 -9999 -9999 -9999 -9999 -9999 -9999 -9999 -9999 -9999 -9999 -9999 -9999 -9999 10.05 215.07 490.44 669.33 724.94 1190.59 1547.03 1386.23 1143.69 1157.76 1235.48 1291.09 1318.56 1331.96 1305.83 1233.47 1139.67 1125.6 1159.77 1236.15 1230.79 1205.33 1179.87 1149.05 1114.88 1064.63 1130.96 1208.68 1364.12 1480.03 1321.91 1288.41 1266.3 1275.01 1290.42 1292.43 1284.39 1259.6 1196.62 1247.54 1337.99 1402.31 1404.99 1364.79 1316.55 1326.6 1422.41 1515.54 1579.86 1535.64 1409.01 1255.58
-9999 -9999 -9999 -9999 -9999 -9999 -9999 -9999 -9999 -9999 -9999 -9999 -9999 -9999 -9999 -9999 -9999 -9999 -9999 -9999 -9999 6.7 40.87 396.64 631.81 546.05 824.1 1185.23 1175.18 1128.28 1144.36 1237.49 1336.65 1412.36 1457.92 1443.85 1348.71 1197.96 1157.09 1171.83 1183.89 1177.86 1145.7 1102.15 1080.04 1086.74 1091.43 1115.55 1099.47 1189.25 1258.26 1224.09 1281.71 1299.8 1292.43 1313.87 1308.51 1288.41 1270.99 1264.29 1251.56 1293.1 1344.69 1350.72 1299.13 1237.49 1263.62 1358.76 1453.23 1528.27 1492.09 1327.94 1143.02
-9999 -9999 -9999 -9999 -9999 -9999 -9999 -9999 -9999 -9999 -9999 -9999 -9999 -9999 -9999 -9999 -9999 -9999 -9999 -9999 -9999 0.67 11.39 158.79 570.17 523.27 576.2 697.47 1024.43 1082.72 1167.14 1247.54 1379.53 1517.55 1642.84 1689.74 1605.99 1429.78 1294.44 1232.13 1191.26 1152.4 1104.16 1048.55 1026.44 1039.17 1051.9 1061.28 1065.3 1102.15 1143.02 1168.48 1206.67 1236.15 1258.93 1313.87 1316.55 1297.79 1295.11 1305.16 1283.72 1304.49 1359.43 1368.14 1298.46 1209.35 1250.22 1321.24 1414.37 1518.22 1506.16 1315.21 1161.11
-9999 -9999 -9999 -9999 -9999 -9999 -9999 -9999 -9999 -9999 -9999 -9999 -9999 -9999 -9999 -9999 -9999 -9999 -9999 -9999 -9999 -9999 9.38 34.17 343.04 582.23 526.62 554.09 810.03 954.75 1047.21 1149.72 1059.94 1492.76 1866.62 2031.44 1986.55 1732.62 1456.58 1308.51 1224.76 1157.76 1094.78 1043.19 1015.05 1008.35 1009.02 1012.37 1023.09 1044.53 1074.68 1103.49 1128.95 1140.34 1132.3 1213.37 1298.46 1315.88 1322.58 1331.96 1327.94 1331.29 1373.5 1422.41 1369.48 1266.97 1277.02 1283.05 1350.72 1445.19 1441.84 1290.42 1174.51
-9999 -9999 -9999 -9999 -9999 -9999 -9999 -9999 -9999 -9999 -9999 -9999 -9999 -9999 -9999 -9999 -9999 -9999 -9999 -9999 -9999 -9999 -9999 10.72 123.95 431.48 521.26 535.33 548.73 764.47 865.64 881.05 760.45 1145.7 2133.95 2475.65 2432.77 2039.48 1620.73 1404.32 1275.68 1175.85 1100.14 1046.54 1014.38 995.62 986.91 975.52 980.21 1001.65 1025.77 1047.88 1065.97 1077.36 1090.09 1185.9 1280.37 1330.62 1346.7 1363.45 1376.18 1352.73 1346.03 1356.08 1306.5 1240.17 1256.25 1211.36 1264.96 1309.18 1283.05 1197.96 1122.25
-9999 -9999 -9999 -9999 -9999 -9999 -9999 -9999 -9999 -9999 -9999 -9999 -9999 -9999 -9999 -9999 -9999 -9999 -9999 -9999 -9999 -9999 -9999 8.71 16.08 231.82 505.18 548.06 544.04 566.82 615.06 632.48 509.2 482.4 1124.26 2763.08 3120.19 2359.74 1827.76 1507.5 1321.91 1195.28 1108.18 1055.92 1025.77 1002.99 993.61 980.88 968.82 978.87 990.26 1003.66 1020.41 1049.89 1114.21 1228.11 1286.4 1326.6 1335.98 1346.7 1362.11 1327.94 1282.38 1292.43 1295.78 1257.59 1219.4 1177.86 1194.61 1191.93 1163.12 1098.13 1057.93
-9999 -9999 -9999 -9999 -9999 -9999 -9999 -9999 -9999 -9999 -9999 -9999 -9999 -9999 -9999 -9999 -9999 -9999 -9999 -9999 -9999 -9999 -9999 -9999 1.34 35.51 335 510.54 528.63 517.91 524.61 529.3 522.6 496.47 515.23 538.68 1177.19 1959.08 1804.31 1512.19 1332.63 1206.67 1108.85 1072 1063.29 1052.57 1047.88 1035.15 1008.35 983.56 966.81 962.12 976.19 1010.36 1076.02 1159.1 1208.68 1270.99 1276.35 1252.23 1263.62 1300.47 1285.73 1282.38 1291.09 1245.53 1179.2 1128.28 1085.4 1082.72 1087.41 1046.54 1025.1
-9999 -9999 -9999 -9999 -9999 -9999 -9999 -9999 -9999 -9999 -9999 -9999 -9999 -9999 -9999 -9999 -9999 -9999 -9999 -9999 -9999 -9999 -9999 -9999 0.67 4.02 67 370.51 533.32 566.15 564.14 533.32 551.41 579.55 533.99 513.89 491.11 605.68 1184.56 1246.87 1189.25 1234.14 1124.93 1106.84 1132.3 1157.76 1152.4 1126.94 1074.01 1005.67 948.72 917.23 918.57 948.72 992.94 1057.26 1085.4 1129.62 1160.44 1121.58 1118.23 1265.63 1306.5 1250.22 1185.23 1147.71 1113.54 1100.81 1142.35 1158.43 1097.46 1053.91 1013.71
-9999 -9999 -9999 -9999 -9999 -9999 -9999 -9999 -9999 -9999 -9999 -9999 -9999 -9999 -9999 -9999 -9999 -9999 -9999 -9999 -9999 -9999 -9999 -9999 -9999 1.34 3.35 137.35 454.93 655.93 607.02 503.84 507.19 548.06 552.75 497.14 460.96 460.96 497.81 925.27 976.19 1203.99 1206.67 1161.11 1224.09 1256.25 1259.6 1246.2 1161.11 1033.14 921.92 860.28 853.58 877.7 912.54 951.4 978.2 1005 1060.61 1051.9 1073.34 1197.96 1179.87 1076.02 992.94 1029.12 1084.73 1153.07 1266.97 1314.54 1184.56 1080.71 1017.06
-9999 -9999 -9999 -9999 -9999 -9999 -9999 -9999 -9999 -9999 -9999 -9999 -9999 -9999 -9999 -9999 -9999 -9999 -9999 -9999 -9999 -9999 -9999 -9999 -9999 -9999 3.35 16.08 126.63 452.92 408.03 426.79 428.8 485.08 505.85 542.03 473.02 504.51 500.49 658.61 917.9 1082.05 1199.97 1279.03 1375.51 1428.44 1462.61 1429.78 1283.05 1067.98 874.35 786.58 788.59 816.06 848.89 883.73 919.91 962.12 1021.08 1028.45 1041.85 1063.29 1011.03 917.9 875.69 1000.31 1110.86 1185.23 1226.77 1228.78 1155.75 1108.85 1064.63
-9999 -9999 -9999 -9999 -9999 -9999 -9999 -9999 -9999 -9999 -9999 -9999 -9999 -9999 -9999 -9999 -9999 -9999 -9999 -9999 -9999 -9999 -9999 -9999 -9999 -9999 -9999 2.01 16.08 97.82 90.45 201 198.32 330.98 368.5 473.02 466.32 605.68 529.97 504.51 653.25 958.77 1140.34 1366.8 1608.67 1766.79 1824.41 1729.94 1464.62 1123.59 820.75 715.56 753.75 774.52 801.99 849.56 917.9 976.19 1009.02 994.28 971.5 937.33 914.55 862.96 848.89 947.38 1124.93 1134.98 1165.13 1173.84 1093.44 1050.56 1056.59
-9999 -9999 -9999 -9999 -9999 -9999 -9999 -9999 -9999 -9999 -9999 -9999 -9999 -9999 -9999 -9999 -9999 -9999 -9999 -9999 -9999 -9999 -9999 -9999 -9999 -9999 -9999 -9999 1.34 4.02 5.36 8.04 17.42 88.44 243.88 350.41 442.87 487.09 528.63 466.99 449.57 692.78 937.33 1236.82 1694.43 2129.26 2222.39 2105.14 1675.67 1201.31 853.58 733.65 756.43 747.05 769.16 822.09 929.29 995.62 1002.32 966.81 919.91 873.01 849.56 832.14 842.86 904.5 1033.14 1052.57 1096.79 1153.07 1142.35 1060.61 1060.61
-9999 -9999 -9999 -9999 -9999 -9999 -9999 -9999 -9999 -9999 -9999 -9999 -9999 -9999 -9999 -9999 -9999 -9999 -9999 -9999 -9999 -9999 -9999 -9999 -9999 -9999 -9999 -9999 -9999 -9999 0 1.34 1.34 10.72 67 199.66 363.81 393.96 431.48 395.97 353.76 432.82 619.08 753.08 1070.66 2127.25 2428.08 2304.13 1739.32 1215.38 860.28 699.48 683.4 702.83 754.42 846.88 974.85 1044.53 1011.03 950.73 893.78 851.57 829.46 828.12 846.21 883.06 924.6 1007.01 1055.25 1114.21 1153.07 1124.26 1110.86
-9999 -9999 -9999 -9999 -9999 -9999 -9999 -9999 -9999 -9999 -9999 -9999 -9999 -9999 -9999 -9999 -9999 -9999 -9999 -9999 -9999 -9999 -9999 -9999 -9999 -9999 -9999 -9999 -9999 -9999 -9999 -9999 9.38 7.37 5.36 57.62 187.6 304.18 314.9 298.82 276.04 275.37 359.79 530.64 568.83 891.77 1717.88 1763.44 1485.39 1134.31 840.18 653.25 617.74 641.86 710.2 825.44 1003.66 1102.15 1000.98 921.25 866.98 833.48 820.75 826.78 847.55 878.37 913.88 990.26 1047.21 1082.05 1128.95 1139 1118.23
-9999 -9999 -9999 -9999 -9999 -9999 -9999 -9999 -9999 -9999 -9999 -9999 -9999 -9999 -9999 -9999 -9999 -9999 -9999 -9999 -9999 -9999 -9999 -9999 -9999 -9999 -9999 -9999 -9999 -9999 -9999 -9999 -9999 -9999 2.01 3.35 24.79 185.59 234.5 248.57 226.46 220.43 278.05 367.83 424.11 383.24 427.46 595.63 684.07 850.23 813.38 611.71 553.42 569.5 630.47 724.27 859.61 935.99 916.56 864.97 828.12 810.03 807.35 824.1 852.24 885.74 924.6 982.22 1021.75 1051.9 1105.5 1117.56 1091.43
-9999 -9999 -9999 -9999 -9999 -9999 -9999 -9999 -9999 -9999 -9999 -9999 -9999 -9999 -9999 -9999 -9999 -9999 -9999 -9999 -9999 -9999 -9999 -9999 -9999 -9999 -9999 -9999 -9999 -9999 -9999 -9999 -9999 -9999 -9999 2.01 4.69 85.09 205.69 212.39 203.01 203.01 223.11 265.32 344.38 452.92 393.29 354.43 386.59 508.53 639.85 519.25 473.69 487.76 536 608.36 707.52 756.43 783.23 795.96 783.9 777.87 787.92 820.75 856.93 897.13 938 985.57 1009.69 1026.44 1076.02 1092.1 1061.28
-9999 -9999 -9999 -9999 -9999 -9999 -9999 -9999 -9999 -9999 -9999 -9999 -9999 -9999 -9999 -9999 -9999 -9999 -9999 -9999 -9999 -9999 -9999 -9999 -9999 -9999 -9999 -9999 -9999 -9999 -9999 -9999 -9999 -9999 -9999 -9999 1.34 36.85 158.79 172.86 174.87 189.61 209.71 217.75 266.66 379.89 426.12 381.23 525.95 640.52 518.58 409.37 395.3 413.39 455.6 521.93 603.67 674.02 709.53 722.26 719.58 727.62 771.84 820.08 864.97 906.51 946.71 995.62 1006.34 1024.43 1047.88 1069.32 1054.58
-9999 -9999 -9999 -9999 -9999 -9999 -9999 -9999 -9999 -9999 -9999 -9999 -9999 -9999 -9999 -9999 -9999 -9999 -9999 -9999 -9999 -9999 -9999 -9999 -9999 -9999 -9999 -9999 -9999 -9999 -9999 -9999 -9999 -9999 -9999 -9999 0 10.72 97.82 135.34 146.06 166.83 172.86 162.14 182.24 302.84 406.02 407.36 527.96 673.35 491.78 372.52 349.74 358.45 389.27 448.23 529.3 614.39 674.02 681.39 685.41 718.24 775.19 828.79 876.36 916.56 952.07 1000.31 998.3 1015.05 1025.77 1021.75 1018.4
-9999 -9999 -9999 -9999 -9999 -9999 -9999 -9999 -9999 -9999 -9999 -9999 -9999 -9999 -9999 -9999 -9999 -9999 -9999 -9999 -9999 -9999 -9999 -9999 -9999 -9999 -9999 -9999 -9999 -9999 -9999 -9999 -9999 -9999 -9999 -9999 0.67 2.01 45.56 102.51 111.89 127.3 119.93 103.85 134.67 229.81 339.02 425.45 556.77 598.31 503.84 396.64 341.03 324.28 337.68 391.28 476.37 563.47 627.12 640.52 663.3 726.95 795.96 845.54 893.11 931.97 963.46 977.53 998.97 997.63 986.91 981.55 979.54
-9999 -9999 -9999 -9999 -9999 -9999 -9999 -9999 -9999 -9999 -9999 -9999 -9999 -9999 -9999 -9999 -9999 -9999 -9999 -9999 -9999 -9999 -9999 -9999 -9999 -9999 -9999 -9999 -9999 -9999 -9999 -9999 -9999 -9999 -9999 -9999 0.67 0 24.12 71.02 79.73 88.44 87.77 90.45 127.3 211.72 296.81 405.35 525.28 542.03 519.92 408.03 317.58 316.91 328.3 375.2 448.9 519.25 573.52 605.68 632.48 726.95 818.74 871 917.23 958.1 960.78 967.48 981.55 969.49 952.74 941.35 929.29
-9999 -9999 -9999 -9999 -9999 -9999 -9999 -9999 -9999 -9999 -9999 -9999 -9999 -9999 -9999 -9999 -9999 -9999 -9999 -9999 -9999 -9999 -9999 -9999 -9999 -9999 -9999 -9999 -9999 -9999 -9999 -9999 -9999 -9999 -9999 -9999 0.67 0 9.38 49.58 57.62 60.3 65.66 79.06 107.87 194.97 281.4 386.59 512.55 531.31 481.73 375.87 303.51 349.07 373.19 404.68 448.9 497.14 549.4 606.35 669.33 752.41 830.8 891.77 925.94 954.08 948.72 956.76 965.47 950.06 926.61 894.45 863.63
-9999 -9999 -9999 -9999 -9999 -9999 -9999 -9999 -9999 -9999 -9999 -9999 -9999 -9999 -9999 -9999 -9999 -9999 -9999 -9999 -9999 -9999 -9999 -9999 -9999 -9999 -9999 -9999 -9999 -9999 -9999 -9999 -9999 -9999 -9999 -9999 0 0 4.69 34.17 42.21 42.21 48.91 67.67 95.14 170.85 266.66 358.45 487.09 558.78 487.09 382.57 314.23 367.83 424.11 442.87 462.3 485.75 537.34 623.1 724.27 807.35 863.63 904.5 919.24 936.66 945.37 950.73 960.78 945.37 905.84 860.28 806.68
-9999 -9999 -9999 -9999 -9999 -9999 -9999 -9999 -9999 -9999 -9999 -9999 -9999 -9999 -9999 -9999 -9999 -9999 -9999 -9999 -9999 -9999 -9999 -9999 -9999 -9999 -9999 -9999 -9999 -9999 -9999 -9999 -9999 -9999 -9999 -9999 0.67 0.67 6.03 22.78 33.5 39.53 44.89 62.98 101.17 187.6 242.54 354.43 536 609.03 552.75 428.13 361.8 384.58 437.51 475.03 478.38 464.98 514.56 637.17 789.93 872.34 896.46 915.22 915.89 935.32 942.02 952.74 978.2 961.45 901.82 838.17 786.58
-9999 -9999 -9999 -9999 -9999 -9999 -9999 -9999 -9999 -9999 -9999 -9999 -9999 -9999 -9999 -9999 -9999 -9999 -9999 -9999 -9999 -9999 -9999 -9999 -9999 -9999 -9999 -9999 -9999 -9999 -9999 -9999 -9999 -9999 -9999 -9999 0.67 1.34 8.04 17.42 24.79 37.52 45.56 61.64 100.5 165.49 199.66 418.75 683.4 682.73 612.38 456.27 357.11 377.88 429.47 472.35 482.4 449.57 505.18 642.53 785.91 854.25 909.19 933.31 920.58 944.7 972.84 982.89 1032.47 994.95 892.44 822.09 785.91
-9999 -9999 -9999 -9999 -9999 -9999 -9999 -9999 -9999 -9999 -9999 -9999 -9999 -9999 -9999 -9999 -9999 -9999 -9999 -9999 -9999 -9999 -9999 -9999 -9999 -9999 -9999 -9999 -9999 -9999 -9999 -9999 -9999 -9999 -9999 -9999 0.67 2.68 8.71 16.08 23.45 34.84 44.89 61.64 89.78 130.65 177.55 531.98 718.24 614.39 643.2 459.62 316.24 357.11 412.05 431.48 446.89 469.67 544.71 657.94 765.81 846.88 930.63 954.08 944.03 968.82 1031.13 1042.52 1039.84 962.79 863.63 831.47 828.79
-9999 -9999 -9999 -9999 -9999 -9999 -9999 -9999 -9999 -9999 -9999 -9999 -9999 -9999 -9999 -9999 -9999 -9999 -9999 -9999 -9999 -9999 -9999 -9999 -9999 -9999 -9999 -9999 -9999 -9999 -9999 -9999 -9999 -9999 -9999 2.01 2.01 4.02 8.71 13.4 26.13 32.16 42.88 59.63 83.08 111.22 147.4 470.34 580.89 551.41 555.43 460.29 379.22 379.22 397.31 397.98 427.46 502.5 584.91 668.66 779.21 848.22 918.57 950.73 968.15 1007.68 1052.57 1055.92 1015.05 939.34 884.4 869.66 877.03
-9999 -9999 -9999 -9999 -9999 -9999 -9999 -9999 -9999 -9999 -9999 -9999 -9999 -9999 -9999 -9999 -9999 -9999 -9999 -9999 -9999 -9999 -9999 -9999 -9999 -9999 -9999 -9999 -9999 -9999 -9999 -9999 -9999 -9999 -9999 2.01 2.01 4.02 6.7 12.73 22.11 31.49 42.88 59.63 83.08 111.22 308.2 499.82 531.98 522.6 499.15 456.27 428.8 426.79 422.77 416.07 451.58 538.01 609.7 647.22 722.26 804.67 873.68 921.25 966.14 1031.8 1082.05 1076.69 1023.09 945.37 966.81 940.01 947.38
