final project/Practice/maxentOut/bio16.asc
NCOLS 186 
NROWS 192 
XLLCORNER -125 
YLLCORNER -56 
CELLSIZE 0.5 
NODATA_value -32768 
[rows 0 to 34 of 192, columns 0 to 78 of 186]
-32768.000000000000000 936 810 662 532 276 438 628 557 264 103 60 42 51 65 89 101 102 102 97 96 92 76 69 76 108 131 136 105 100 81 91 112 125 130 143 126 148 196 169 173 178 184 201 210 218 230 254 258 264 263 264 268 284 303 319 328 342 349 352 349 337 328 331 337 331 325 316 309 306 292 301 311 311 320 332 334 318 322
-32768 -32768 595 631 500 274 283 541 742 471 169 57 41 49 67 83 87 92 89 94 100 92 70 74 70 100 98 120 78 77 106 89 89 110 143 136 160 172 171 190 194 188 182 192 200 207 225 238 243 252 250 254 263 282 309 325 348 352 351 368 362 355 344 336 340 336 328 314 298 295 299 305 309 310 318 335 343 328 322
-32768 -32768 586 620 557 397 255 313 550 575 289 98 52 44 53 65 79 72 69 81 93 89 81 71 90 105 111 86 78 65 75 98 130 105 110 152 157 168 166 199 197 178 164 171 185 200 215 223 235 245 245 261 274 288 305 321 340 347 345 361 362 357 356 345 338 327 318 309 296 291 294 300 311 318 329 339 349 339 335
-32768 -32768 -32768 593 527 392 242 229 367 561 420 216 94 49 43 47 58 61 73 75 82 95 97 83 104 125 127 98 70 74 83 120 115 156 164 176 167 155 155 169 151 138 136 153 172 189 201 214 231 243 247 261 271 284 305 326 338 351 361 358 361 358 353 347 335 327 320 311 302 297 302 314 329 342 346 347 349 344 342
-32768 -32768 -32768 548 463 312 224 163 195 379 454 310 156 92 45 45 50 68 74 77 82 91 94 101 134 121 114 77 66 74 114 116 137 201 248 245 220 125 124 183 160 145 138 155 175 187 192 209 232 249 257 260 266 281 298 323 341 342 355 358 367 364 353 343 333 325 319 316 323 327 328 341 351 353 351 350 356 352 353
-32768 -32768 -32768 -32768 -32768 390 310 205 138 188 333 399 273 118 54 47 51 69 69 64 75 84 106 125 126 104 68 55 53 67 75 81 106 152 168 181 222 169 111 197 181 164 167 180 185 191 198 215 232 240 253 260 264 281 290 311 324 336 350 357 363 362 351 339 333 329 332 333 339 352 361 364 366 368 363 359 358 365 370
-32768 -32768 -32768 -32768 -32768 414 268 224 139 110 155 300 335 205 80 48 42 52 56 74 48 63 99 108 98 117 68 55 78 83 75 95 82 92 110 147 171 201 149 225 196 213 202 185 187 194 202 216 228 231 240 250 259 277 294 309 315 329 336 346 352 358 352 338 327 328 342 349 360 371 379 380 382 376 368 367 368 371 373
-32768 -32768 -32768 -32768 -32768 -32768 399 231 248 124 107 148 303 265 101 69 40 43 85 48 44 52 92 109 105 130 85 67 79 101 94 122 105 91 110 139 189 163 181 242 201 201 200 190 190 195 204 217 224 229 235 254 266 282 304 311 310 321 340 355 366 366 359 354 342 346 353 361 370 384 380 385 386 384 390 379 358 378 389
-32768 -32768 -32768 -32768 -32768 -32768 -32768 172 210 215 105 103 222 214 74 50 37 33 53 57 47 59 90 118 135 133 126 79 86 99 107 134 122 117 121 129 179 167 244 225 214 191 192 197 197 204 210 218 228 229 243 262 278 291 309 320 327 341 348 364 372 373 371 376 377 384 379 374 380 386 388 395 395 396 408 405 386 398 406
-32768 -32768 -32768 -32768 -32768 -32768 -32768 122 282 289 229 102 147 149 58 49 46 31 56 74 48 61 87 135 148 174 194 132 98 104 107 126 140 161 152 144 117 161 189 183 184 182 189 194 204 213 224 231 234 230 247 253 265 295 314 332 343 352 356 368 368 325 348 374 380 396 401 392 392 393 401 407 412 417 423 420 411 421 436
-32768 -32768 -32768 -32768 -32768 -32768 -32768 -32768 210 266 352 306 211 132 85 67 77 45 47 53 46 58 91 135 167 173 176 204 157 132 126 137 155 167 166 133 111 175 171 171 172 186 198 203 202 211 222 222 219 219 240 229 246 299 318 332 347 359 379 395 399 380 405 417 411 393 396 397 407 412 414 427 427 428 418 415 416 431 441
-32768 -32768 -32768 -32768 -32768 -32768 -32768 -32768 -32768 242 287 256 271 265 318 254 230 81 42 38 44 50 71 102 153 177 183 207 219 198 214 194 191 196 188 167 137 176 187 169 165 172 189 199 200 206 212 219 210 213 230 240 261 289 305 323 343 358 372 388 413 432 440 423 405 392 390 395 406 414 426 433 419 437 444 432 429 427 434
-32768 -32768 -32768 -32768 -32768 -32768 -32768 -32768 -32768 242 254 -32768 -32768 192 202 205 220 82 52 38 35 49 70 89 96 95 129 171 185 203 254 267 224 223 217 184 134 167 194 185 158 167 190 201 204 199 203 210 210 213 221 235 252 272 287 312 337 355 356 366 380 386 389 387 379 383 387 388 411 418 423 424 422 435 449 442 426 430 436
-32768 -32768 -32768 -32768 -32768 -32768 -32768 -32768 -32768 -32768 130 132 134 164 165 182 269 105 31 34 34 55 66 64 65 74 88 151 172 166 210 216 235 243 238 149 158 130 250 208 160 163 188 196 197 194 203 202 203 211 220 236 258 272 288 313 340 348 349 346 353 352 354 364 374 383 394 398 408 420 427 429 431 439 442 442 437 444 455
-32768 -32768 -32768 -32768 -32768 -32768 -32768 -32768 -32768 -32768 -32768 -32768 118 128 -32768 160 223 164 73 24 30 41 46 56 75 104 103 148 175 193 165 163 191 216 210 155 151 127 231 201 159 159 177 180 179 179 188 195 206 215 219 233 252 267 284 298 317 328 339 336 346 347 343 357 379 387 403 415 414 417 422 430 433 435 433 437 438 438 449
-32768 -32768 -32768 -32768 -32768 -32768 -32768 -32768 -32768 -32768 -32768 -32768 -32768 -32768 -32768 133 169 177 111 33 32 39 51 65 107 128 147 158 195 199 183 171 163 159 145 144 139 132 152 137 143 155 157 156 162 167 173 186 210 223 223 234 257 277 289 301 305 310 323 327 339 347 347 366 401 404 410 422 418 404 425 438 441 448 441 425 415 408 418
-32768 -32768 -32768 -32768 -32768 -32768 -32768 -32768 -32768 -32768 -32768 -32768 -32768 -32768 -32768 -32768 179 157 112 37 28 33 40 60 109 142 199 229 245 224 208 231 187 157 140 132 127 126 143 123 118 141 139 133 140 153 166 185 206 211 220 239 250 263 281 280 291 304 312 318 330 344 357 380 412 428 426 434 437 438 443 438 449 462 458 448 445 430 409
-32768 -32768 -32768 -32768 -32768 -32768 -32768 -32768 -32768 -32768 -32768 -32768 -32768 -32768 -32768 -32768 176 151 150 67 29 29 34 48 90 151 207 259 288 269 224 194 211 168 157 138 127 139 142 146 144 150 140 130 133 153 171 188 198 202 210 225 234 257 274 279 285 296 307 316 331 350 375 405 421 429 436 448 450 453 455 450 450 453 456 462 456 442 410
-32768 -32768 -32768 -32768 -32768 -32768 -32768 -32768 -32768 -32768 -32768 -32768 -32768 -32768 -32768 -32768 -32768 109 126 136 37 -32768 -32768 47 66 118 170 230 310 307 267 222 228 201 186 154 136 148 160 167 169 186 179 157 153 164 171 191 204 204 202 223 244 265 277 284 294 305 321 339 361 381 394 420 435 427 426 434 456 449 447 462 483 481 492 496 499 510 493
-32768 -32768 -32768 -32768 -32768 -32768 -32768 -32768 -32768 -32768 -32768 -32768 -32768 -32768 -32768 -32768 -32768 97 85 80 43 -32768 -32768 -32768 58 115 182 225 325 334 299 271 270 241 206 182 173 180 173 186 191 176 190 193 172 156 168 187 200 210 220 238 265 277 278 289 307 311 326 363 384 404 419 415 423 432 449 450 460 448 442 472 499 498 507 506 521 539 548
-32768 -32768 -32768 -32768 -32768 -32768 -32768 -32768 -32768 -32768 -32768 -32768 -32768 -32768 -32768 -32768 -32768 -32768 65 67 57 41 36 35 48 92 163 210 280 312 313 316 341 356 286 234 254 236 193 198 197 169 179 167 140 132 149 173 188 219 238 240 261 271 291 306 312 311 325 362 378 405 440 457 476 511 533 533 517 494 481 485 498 -32768 -32768 -32768 -32768 -32768 552
-32768 -32768 -32768 -32768 -32768 -32768 -32768 -32768 -32768 -32768 -32768 -32768 -32768 59 -32768 -32768 -32768 -32768 -32768 53 51 64 51 41 50 76 109 171 261 320 340 340 393 412 353 303 339 259 196 198 194 174 170 152 155 150 128 173 185 204 212 229 230 229 268 297 314 326 369 405 364 -32768 -32768 -32768 -32768 -32768 550 563 546 522 506 508 506 -32768 -32768 -32768 -32768 -32768 -32768
-32768 -32768 -32768 -32768 -32768 -32768 -32768 -32768 -32768 -32768 -32768 -32768 -32768 53 -32768 -32768 -32768 -32768 -32768 -32768 47 57 72 44 47 65 98 157 247 310 379 431 446 417 352 331 332 311 224 207 191 210 175 107 138 183 162 175 170 191 196 211 222 227 257 295 327 356 393 452 -32768 -32768 -32768 -32768 -32768 -32768 -32768 -32768 -32768 -32768 -32768 507 -32768 -32768 -32768 -32768 -32768 -32768 -32768
-32768 -32768 -32768 -32768 -32768 -32768 -32768 -32768 -32768 -32768 -32768 -32768 -32768 -32768 -32768 -32768 -32768 -32768 37 43 -32768 39 57 61 43 51 106 152 213 300 365 505 579 556 471 385 331 332 236 210 228 209 152 115 123 176 224 200 177 202 202 210 215 232 275 332 338 355 -32768 -32768 -32768 -32768 -32768 -32768 -32768 -32768 -32768 -32768 -32768 -32768 -32768 -32768 -32768 -32768 -32768 -32768 -32768 -32768 -32768
-32768 -32768 -32768 -32768 -32768 -32768 -32768 -32768 -32768 -32768 -32768 -32768 -32768 -32768 -32768 -32768 -32768 -32768 -32768 38 47 42 48 55 56 62 -32768 123 158 224 325 492 540 571 481 397 362 336 263 228 230 211 188 148 152 168 204 189 171 184 199 190 218 246 286 323 337 -32768 -32768 -32768 -32768 -32768 -32768 -32768 -32768 -32768 -32768 -32768 -32768 -32768 -32768 -32768 -32768 -32768 -32768 -32768 -32768 -32768 -32768
-32768 -32768 -32768 -32768 -32768 -32768 -32768 -32768 -32768 -32768 -32768 -32768 -32768 -32768 -32768 -32768 -32768 -32768 -32768 -32768 50 47 50 46 64 75 55 -32768 124 127 183 394 506 616 560 409 377 359 342 274 231 219 222 186 168 147 157 169 180 182 196 203 212 236 265 292 -32768 -32768 -32768 -32768 -32768 -32768 -32768 -32768 -32768 -32768 -32768 -32768 -32768 -32768 -32768 -32768 -32768 -32768 -32768 -32768 -32768 -32768 -32768
-32768 -32768 -32768 -32768 -32768 -32768 -32768 -32768 -32768 -32768 -32768 -32768 -32768 -32768 -32768 -32768 -32768 -32768 -32768 -32768 -32768 44 48 49 62 104 74 66 -32768 -32768 178 293 449 551 557 562 489 403 364 310 238 195 179 167 145 120 137 169 204 208 209 207 219 233 259 270 -32768 -32768 -32768 -32768 -32768 -32768 -32768 -32768 -32768 -32768 -32768 -32768 -32768 -32768 -32768 -32768 -32768 -32768 -32768 -32768 -32768 -32768 -32768
-32768 -32768 -32768 -32768 -32768 -32768 -32768 -32768 -32768 -32768 -32768 -32768 -32768 -32768 -32768 -32768 -32768 -32768 -32768 -32768 -32768 -32768 -32768 -32768 43 67 120 90 -32768 -32768 -32768 245 388 606 656 647 578 456 372 328 243 191 153 134 121 144 153 138 160 267 300 222 219 221 261 283 -32768 -32768 -32768 -32768 -32768 -32768 -32768 -32768 -32768 -32768 -32768 -32768 -32768 -32768 -32768 -32768 -32768 -32768 -32768 -32768 -32768 -32768 -32768
-32768 -32768 -32768 -32768 -32768 -32768 -32768 -32768 -32768 -32768 -32768 -32768 -32768 -32768 -32768 -32768 -32768 -32768 -32768 -32768 -32768 -32768 -32768 -32768 -32768 37 101 125 98 -32768 -32768 213 265 427 653 602 581 473 403 336 285 204 160 108 98 120 153 145 142 293 313 269 259 241 275 298 -32768 -32768 -32768 -32768 -32768 -32768 -32768 -32768 -32768 -32768 -32768 -32768 -32768 -32768 -32768 -32768 -32768 -32768 -32768 -32768 -32768 -32768 -32768
-32768 -32768 -32768 -32768 -32768 -32768 -32768 -32768 -32768 -32768 -32768 -32768 -32768 -32768 -32768 -32768 -32768 -32768 -32768 -32768 -32768 -32768 -32768 -32768 -32768 36 67 148 141 -32768 -32768 189 255 398 575 677 667 611 471 359 272 208 177 136 124 187 218 205 202 314 369 314 291 257 279 300 -32768 -32768 -32768 -32768 -32768 -32768 -32768 -32768 -32768 -32768 -32768 -32768 -32768 -32768 -32768 -32768 -32768 -32768 -32768 -32768 -32768 -32768 -32768
-32768 -32768 -32768 -32768 -32768 -32768 -32768 -32768 -32768 -32768 -32768 -32768 -32768 -32768 -32768 -32768 -32768 -32768 -32768 -32768 -32768 -32768 -32768 -32768 -32768 33 38 102 151 144 -32768 -32768 -32768 437 427 516 719 712 606 480 348 307 244 211 179 207 209 198 163 179 339 299 336 286 282 -32768 -32768 -32768 -32768 -32768 -32768 -32768 -32768 -32768 -32768 -32768 -32768 -32768 -32768 -32768 -32768 -32768 -32768 -32768 -32768 -32768 -32768 -32768 -32768
-32768 -32768 -32768 -32768 -32768 -32768 -32768 -32768 -32768 -32768 -32768 -32768 -32768 -32768 -32768 -32768 -32768 -32768 -32768 -32768 -32768 -32768 -32768 -32768 -32768 -32768 22 48 97 160 175 -32768 -32768 -32768 320 351 613 727 620 505 402 356 309 267 206 179 181 150 136 159 325 309 263 269 322 -32768 -32768 -32768 -32768 -32768 -32768 -32768 -32768 -32768 -32768 -32768 -32768 -32768 -32768 -32768 -32768 -32768 -32768 -32768 -32768 -32768 -32768 -32768 -32768
-32768 -32768 -32768 -32768 -32768 -32768 -32768 -32768 -32768 -32768 -32768 -32768 -32768 -32768 -32768 -32768 -32768 -32768 -32768 -32768 -32768 -32768 -32768 -32768 -32768 -32768 -32768 -32768 67 212 231 158 -32768 -32768 -32768 342 481 652 677 568 480 334 340 292 222 180 168 130 161 193 301 331 338 340 491 -32768 -32768 -32768 -32768 -32768 -32768 -32768 -32768 -32768 -32768 -32768 -32768 -32768 -32768 -32768 -32768 -32768 -32768 -32768 -32768 -32768 -32768 -32768 -32768
-32768 -32768 -32768 -32768 -32768 -32768 -32768 -32768 -32768 -32768 -32768 -32768 -32768 -32768 -32768 -32768 -32768 -32768 -32768 -32768 -32768 -32768 -32768 -32768 -32768 -32768 -32768 -32768 -32768 157 265 192 -32768 -32768 -32768 -32768 557 607 788 712 543 374 347 290 239 205 173 148 171 180 244 401 404 493 562 -32768 -32768 -32768 -32768 -32768 -32768 -32768 -32768 -32768 -32768 -32768 -32768 -32768 -32768 -32768 -32768 -32768 -32768 -32768 -32768 -32768 -32768 -32768 -32768
-32768 -32768 -32768 -32768 -32768 -32768 -32768 -32768 -32768 -32768 -32768 -32768 -32768 -32768 -32768 -32768 -32768 -32768 -32768 -32768 -32768 -32768 -32768 -32768 -32768 -32768 -32768 -32768 -32768 148 168 -32768 -32768 -32768 -32768 -32768 -32768 520 666 878 616 413 357 279 261 233 172 184 200 226 339 700 479 476 567 -32768 -32768 -32768 -32768 -32768 -32768 -32768 -32768 -32768 -32768 -32768 -32768 -32768 -32768 -32768 171 -32768 -32768 -32768 -32768 -32768 -32768 -32768 -32768
