final project/Practice/maxentOut/bio17.asc
NCOLS 186 
NROWS 192 
XLLCORNER -125 
YLLCORNER -56 
CELLSIZE 0.5 
NODATA_value -32768 
[rows 108 to 143 of 192, columns 82 to 163 of 186]
-32768 -32768 -32768 -32768 -32768 -32768 -32768 -32768 -32768 -32768 -32768 -32768 -32768 -32768 -32768 0 0 0 5 17 33 35 25 19 18 19 24 25 45 132 160 172 213 180 159 145 134 121 109 98 86 76 69 64 63 63 64 63 61 57 54 51 57 49 40 48 49 39 35 41 39 28 19 15 15 16 17 20 16 15 16 15 17 15 12 20 13 6 3 2 2 2
-32768 -32768 -32768 -32768 -32768 -32768 -32768 -32768 -32768 -32768 -32768 -32768 -32768 -32768 -32768 -32768 0 0 1 10 32 34 22 18 17 16 15 17 22 31 96 114 206 212 183 171 165 154 143 130 111 93 79 71 66 65 65 66 63 56 52 51 54 52 54 68 55 42 36 37 35 29 22 16 17 19 17 18 21 16 15 19 19 13 14 18 16 12 7 6 3 3
-32768 -32768 -32768 -32768 -32768 -32768 -32768 -32768 -32768 -32768 -32768 -32768 -32768 -32768 -32768 -32768 -32768 0 0 2 17 17 15 13 14 14 18 16 22 29 51 112 154 180 192 194 190 193 190 172 141 110 89 77 70 66 63 62 60 56 55 55 57 62 79 86 57 45 36 31 28 27 27 23 19 19 16 20 27 21 20 22 19 16 19 17 16 12 8 5 4 4
-32768 -32768 -32768 -32768 -32768 -32768 -32768 -32768 -32768 -32768 -32768 -32768 -32768 -32768 -32768 -32768 -32768 -32768 0 0 1 1 4 4 8 9 12 13 25 30 32 59 114 146 188 229 253 267 260 225 174 119 93 82 75 68 66 67 69 70 65 60 58 63 66 52 43 45 31 27 29 24 23 27 20 20 17 19 23 20 27 29 26 21 19 16 15 11 6 8 5 3
-32768 -32768 -32768 -32768 -32768 -32768 -32768 -32768 -32768 -32768 -32768 -32768 -32768 -32768 -32768 -32768 -32768 -32768 -32768 0 0 0 0 0 1 4 8 14 19 26 28 32 64 98 152 238 317 347 342 280 202 137 106 94 83 73 73 87 94 90 79 69 61 61 57 49 42 41 31 30 39 39 34 33 29 27 23 20 20 24 30 30 29 27 20 21 16 11 16 13 6 11
-32768 -32768 -32768 -32768 -32768 -32768 -32768 -32768 -32768 -32768 -32768 -32768 -32768 -32768 -32768 -32768 -32768 -32768 -32768 -32768 -32768 0 0 0 0 0 3 9 11 14 18 20 29 47 68 120 316 373 381 297 214 148 114 99 92 85 95 120 132 117 97 81 70 64 59 53 47 42 40 41 49 49 45 39 34 32 27 22 21 27 29 34 43 49 35 17 16 13 19 16 10 15
-32768 -32768 -32768 -32768 -32768 -32768 -32768 -32768 -32768 -32768 -32768 -32768 -32768 -32768 -32768 -32768 -32768 -32768 -32768 -32768 -32768 -32768 -32768 1 1 0 0 3 7 6 8 11 13 18 32 47 96 267 289 243 186 150 123 99 89 89 105 148 173 137 109 90 77 70 65 60 56 53 53 55 56 54 51 49 43 41 34 26 23 25 29 37 50 66 55 17 15 16 14 16 15 18
-32768 -32768 -32768 -32768 -32768 -32768 -32768 -32768 -32768 -32768 -32768 -32768 -32768 -32768 -32768 -32768 -32768 -32768 -32768 -32768 -32768 -32768 -32768 -32768 -32768 0 0 0 3 4 4 6 9 12 14 12 11 15 64 109 148 146 118 89 78 76 86 122 145 131 109 93 83 76 72 70 68 67 68 66 62 59 57 59 55 52 43 31 26 25 27 35 42 47 34 21 18 15 13 16 19 22
-32768 -32768 -32768 -32768 -32768 -32768 -32768 -32768 -32768 -32768 -32768 -32768 -32768 -32768 -32768 -32768 -32768 -32768 -32768 -32768 -32768 -32768 -32768 -32768 -32768 -32768 0 0 0 3 3 4 6 9 8 8 8 9 19 35 56 89 79 67 61 62 72 94 107 107 101 92 85 80 80 79 80 82 85 79 71 69 67 65 62 58 50 37 27 22 23 26 26 28 26 25 21 14 14 16 26 31
-32768 -32768 -32768 -32768 -32768 -32768 -32768 -32768 -32768 -32768 -32768 -32768 -32768 -32768 -32768 -32768 -32768 -32768 -32768 -32768 -32768 -32768 -32768 -32768 -32768 -32768 -32768 0 0 1 1 3 4 6 5 6 10 12 14 32 53 49 42 44 46 51 61 74 86 88 88 85 83 86 87 89 91 94 97 90 83 78 77 74 70 63 54 40 31 24 30 30 25 27 31 34 29 17 18 20 27 35
-32768 -32768 -32768 -32768 -32768 -32768 -32768 -32768 -32768 -32768 -32768 -32768 -32768 -32768 -32768 -32768 -32768 -32768 -32768 -32768 -32768 -32768 -32768 -32768 -32768 -32768 -32768 0 0 0 1 1 2 3 3 2 8 10 15 25 42 33 29 31 35 41 50 60 69 76 80 86 91 95 95 98 100 101 104 97 92 87 83 80 79 74 62 47 38 34 35 38 36 38 46 38 33 34 31 26 29 37
-32768 -32768 -32768 -32768 -32768 -32768 -32768 -32768 -32768 -32768 -32768 -32768 -32768 -32768 -32768 -32768 -32768 -32768 -32768 -32768 -32768 -32768 -32768 -32768 -32768 -32768 -32768 0 0 0 0 0 1 1 0 1 4 10 22 29 32 27 26 26 28 32 39 49 58 66 75 89 107 104 104 107 109 109 107 106 99 93 88 85 87 86 72 59 47 42 45 50 46 46 54 37 32 34 27 32 33 36
-32768 -32768 -32768 -32768 -32768 -32768 -32768 -32768 -32768 -32768 -32768 -32768 -32768 -32768 -32768 -32768 -32768 -32768 -32768 -32768 -32768 -32768 -32768 -32768 -32768 -32768 -32768 0 0 0 0 0 0 0 0 2 4 9 20 28 28 26 20 17 22 29 36 45 54 63 72 83 109 113 115 119 121 114 113 113 106 99 93 88 87 87 76 71 59 49 52 55 46 45 50 44 42 44 30 36 46 38
-32768 -32768 -32768 -32768 -32768 -32768 -32768 -32768 -32768 -32768 -32768 -32768 -32768 -32768 -32768 -32768 -32768 -32768 -32768 -32768 -32768 -32768 -32768 -32768 -32768 -32768 -32768 0 0 0 0 0 0 0 0 1 2 6 15 20 18 16 13 12 22 33 39 45 53 63 76 93 112 124 132 132 130 119 118 119 114 106 97 88 83 83 78 77 69 63 60 55 58 53 54 59 59 49 47 47 51 50
-32768 -32768 -32768 -32768 -32768 -32768 -32768 -32768 -32768 -32768 -32768 -32768 -32768 -32768 -32768 -32768 -32768 -32768 -32768 -32768 -32768 -32768 -32768 -32768 -32768 -32768 -32768 0 0 0 0 0 0 0 0 0 1 3 9 13 12 11 10 12 25 38 42 46 52 64 83 107 128 142 149 145 140 133 131 130 126 118 108 95 87 84 81 83 81 73 65 66 81 65 62 68 71 58 54 53 62 57
-32768 -32768 -32768 -32768 -32768 -32768 -32768 -32768 -32768 -32768 -32768 -32768 -32768 -32768 -32768 -32768 -32768 -32768 -32768 -32768 -32768 -32768 -32768 -32768 -32768 -32768 -32768 0 0 0 0 0 0 0 0 0 0 3 6 12 13 14 12 15 24 34 42 46 50 64 89 125 148 159 168 160 155 153 151 148 144 135 126 122 115 105 102 97 101 89 77 78 80 68 76 82 78 61 61 60 59 64
-32768 -32768 -32768 -32768 -32768 -32768 -32768 -32768 -32768 -32768 -32768 -32768 -32768 -32768 -32768 -32768 -32768 -32768 -32768 -32768 -32768 -32768 -32768 -32768 -32768 -32768 -32768 0 0 0 0 0 0 0 0 0 2 3 10 22 22 21 16 14 19 29 39 47 50 65 93 125 144 163 182 171 168 178 173 172 167 153 143 135 131 129 124 125 122 109 95 92 85 78 90 96 85 83 85 67 68 109
-32768 -32768 -32768 -32768 -32768 -32768 -32768 -32768 -32768 -32768 -32768 -32768 -32768 -32768 -32768 -32768 -32768 -32768 -32768 -32768 -32768 -32768 -32768 -32768 -32768 -32768 -32768 0 0 0 0 0 0 0 0 1 1 3 17 26 19 24 18 13 18 27 35 44 55 72 93 115 138 157 171 177 183 198 196 195 188 163 160 163 161 145 144 160 144 119 115 104 90 93 109 120 122 94 94 97 120 153
-32768 -32768 -32768 -32768 -32768 -32768 -32768 -32768 -32768 -32768 -32768 -32768 -32768 -32768 -32768 -32768 -32768 -32768 -32768 -32768 -32768 -32768 -32768 -32768 -32768 -32768 0 0 0 0 0 0 0 0 0 1 1 3 16 17 15 19 19 20 25 29 33 44 65 84 95 119 143 162 174 189 206 219 221 224 222 198 200 197 189 180 177 190 165 133 124 114 105 118 114 112 109 136 211 168 144 166
-32768 -32768 -32768 -32768 -32768 -32768 -32768 -32768 -32768 -32768 -32768 -32768 -32768 -32768 -32768 -32768 -32768 -32768 -32768 -32768 -32768 -32768 -32768 -32768 -32768 -32768 0 0 0 0 1 1 0 0 1 1 2 11 18 14 13 16 21 28 34 35 36 48 75 98 105 120 140 163 182 205 232 248 246 251 275 271 254 237 237 251 245 223 171 159 146 140 133 169 208 286 267 252 -32768 -32768 -32768 -32768
-32768 -32768 -32768 -32768 -32768 -32768 -32768 -32768 -32768 -32768 -32768 -32768 -32768 -32768 -32768 -32768 -32768 -32768 -32768 -32768 -32768 -32768 -32768 -32768 -32768 -32768 0 0 0 0 1 1 1 1 2 2 3 17 14 13 12 16 21 29 36 39 44 57 77 99 113 119 136 162 185 217 256 274 281 286 294 314 288 280 291 295 270 227 212 195 183 183 195 215 262 318 309 -32768 -32768 -32768 -32768 -32768
-32768 -32768 -32768 -32768 -32768 -32768 -32768 -32768 -32768 -32768 -32768 -32768 -32768 -32768 -32768 -32768 -32768 -32768 -32768 -32768 -32768 -32768 -32768 -32768 -32768 -32768 0 0 0 1 2 2 0 2 2 3 4 11 12 10 11 16 21 28 34 41 51 63 80 100 120 120 138 171 188 225 267 275 301 306 311 338 312 323 314 312 306 267 260 217 232 227 245 261 -32768 -32768 -32768 -32768 -32768 -32768 -32768 -32768
-32768 -32768 -32768 -32768 -32768 -32768 -32768 -32768 -32768 -32768 -32768 -32768 -32768 -32768 -32768 -32768 -32768 -32768 -32768 -32768 -32768 -32768 -32768 -32768 -32768 -32768 0 0 0 1 3 3 3 3 3 1 3 8 11 11 12 16 21 28 34 42 52 65 80 99 119 134 168 177 200 244 287 271 304 331 373 379 364 369 360 335 291 271 273 265 267 291 314 -32768 -32768 -32768 -32768 -32768 -32768 -32768 -32768 -32768
-32768 -32768 -32768 -32768 -32768 -32768 -32768 -32768 -32768 -32768 -32768 -32768 -32768 -32768 -32768 -32768 -32768 -32768 -32768 -32768 -32768 -32768 -32768 -32768 -32768 -32768 0 0 0 1 3 4 4 4 5 1 1 6 11 12 13 17 22 28 35 44 54 65 83 102 122 149 182 220 240 257 273 297 316 337 381 397 377 395 382 345 292 280 258 260 271 285 -32768 -32768 -32768 -32768 -32768 -32768 -32768 -32768 -32768 -32768
-32768 -32768 -32768 -32768 -32768 -32768 -32768 5 5 -32768 -32768 -32768 -32768 -32768 -32768 -32768 -32768 -32768 -32768 -32768 -32768 -32768 -32768 -32768 -32768 -32768 0 0 0 2 5 7 4 4 6 4 4 10 13 13 15 18 24 30 37 46 58 70 88 108 130 161 190 233 243 241 282 307 294 338 426 439 433 460 417 366 324 292 273 284 266 -32768 -32768 -32768 -32768 -32768 -32768 -32768 -32768 -32768 -32768 -32768
-32768 -32768 -32768 -32768 -32768 -32768 -32768 -32768 -32768 -32768 -32768 -32768 -32768 -32768 -32768 -32768 -32768 -32768 -32768 -32768 -32768 -32768 -32768 -32768 -32768 -32768 0 0 0 4 8 10 6 5 4 3 11 33 17 14 16 20 26 32 40 49 62 77 95 117 142 168 176 203 266 295 329 312 307 364 422 447 467 511 445 406 377 326 294 291 272 -32768 -32768 -32768 -32768 -32768 -32768 -32768 -32768 -32768 -32768 -32768
-32768 -32768 -32768 -32768 -32768 -32768 -32768 -32768 -32768 -32768 -32768 -32768 -32768 -32768 -32768 -32768 -32768 -32768 -32768 -32768 -32768 -32768 -32768 -32768 -32768 -32768 0 0 1 7 13 12 5 6 5 8 56 67 25 15 16 21 29 36 44 54 66 83 103 126 145 172 176 188 288 328 348 345 357 377 411 429 443 444 404 407 389 334 292 296 275 250 -32768 -32768 -32768 -32768 -32768 -32768 -32768 -32768 -32768 -32768
-32768 -32768 -32768 -32768 -32768 -32768 -32768 -32768 -32768 -32768 -32768 -32768 -32768 -32768 -32768 -32768 -32768 -32768 -32768 -32768 -32768 -32768 -32768 -32768 -32768 0 0 0 3 11 17 12 5 7 15 22 35 45 26 16 18 25 33 42 50 60 71 88 107 127 144 170 198 227 281 316 344 372 392 408 424 418 408 397 379 389 367 316 307 304 263 229 -32768 -32768 -32768 -32768 -32768 -32768 -32768 -32768 -32768 -32768
-32768 -32768 -32768 -32768 -32768 -32768 -32768 -32768 -32768 -32768 -32768 -32768 -32768 -32768 -32768 -32768 -32768 -32768 -32768 -32768 -32768 -32768 -32768 -32768 -32768 0 0 1 8 14 17 10 7 8 15 18 19 22 21 19 21 29 39 48 56 67 80 96 111 125 141 167 199 233 269 306 347 398 432 424 412 402 381 373 389 395 370 336 338 271 267 -32768 -32768 -32768 -32768 -32768 -32768 -32768 -32768 -32768 -32768 -32768
-32768 -32768 -32768 -32768 -32768 -32768 -32768 -32768 -32768 -32768 -32768 -32768 -32768 -32768 -32768 -32768 -32768 -32768 -32768 -32768 -32768 -32768 -32768 -32768 0 0 0 3 14 16 14 7 11 10 12 14 16 17 19 22 27 35 45 53 63 74 89 105 117 128 143 167 197 228 259 293 344 403 433 426 411 371 341 376 397 404 404 385 309 257 275 -32768 -32768 -32768 -32768 -32768 -32768 -32768 -32768 -32768 -32768 -32768
-32768 -32768 -32768 -32768 -32768 -32768 -32768 -32768 -32768 -32768 -32768 -32768 -32768 -32768 -32768 -32768 -32768 -32768 -32768 -32768 -32768 -32768 -32768 -32768 0 0 1 9 18 17 14 8 11 10 12 15 15 16 19 25 32 41 48 56 66 79 95 112 118 127 140 160 188 224 246 289 345 397 421 424 417 348 277 237 320 388 458 450 306 265 -32768 -32768 -32768 -32768 -32768 -32768 -32768 -32768 -32768 -32768 -32768 -32768
-32768 -32768 -32768 -32768 -32768 -32768 -32768 -32768 -32768 -32768 -32768 -32768 -32768 -32768 -32768 -32768 -32768 -32768 -32768 -32768 -32768 -32768 -32768 -32768 1 0 1 12 22 20 15 8 9 10 12 14 15 16 19 26 38 45 51 59 69 82 95 106 112 121 134 141 171 216 221 285 346 378 385 393 397 343 266 225 282 337 363 375 338 -32768 -32768 -32768 -32768 -32768 -32768 -32768 -32768 -32768 -32768 -32768 -32768 -32768
-32768 -32768 -32768 -32768 -32768 -32768 -32768 -32768 -32768 -32768 -32768 -32768 -32768 -32768 -32768 -32768 -32768 -32768 -32768 -32768 -32768 -32768 -32768 -32768 0 0 1 14 27 15 11 7 8 10 11 13 15 17 20 27 39 46 53 61 72 84 97 109 116 126 144 165 203 223 239 289 337 354 351 353 360 339 315 304 321 316 323 335 -32768 -32768 -32768 -32768 -32768 -32768 -32768 -32768 -32768 -32768 -32768 -32768 -32768 -32768
-32768 -32768 -32768 -32768 -32768 -32768 -32768 -32768 -32768 -32768 -32768 -32768 -32768 -32768 -32768 -32768 -32768 -32768 -32768 -32768 -32768 -32768 -32768 -32768 0 1 3 16 23 23 13 8 9 11 13 14 17 20 25 31 38 46 55 64 76 86 99 115 131 139 163 197 231 247 263 292 328 317 315 317 323 327 329 320 308 299 302 314 -32768 -32768 -32768 -32768 -32768 -32768 -32768 -32768 -32768 -32768 -32768 -32768 -32768 -32768
-32768 -32768 -32768 -32768 -32768 -32768 -32768 -32768 -32768 -32768 -32768 -32768 -32768 -32768 -32768 -32768 -32768 -32768 -32768 -32768 -32768 -32768 -32768 -32768 0 2 7 19 25 26 15 8 11 12 15 18 20 24 31 36 38 46 56 66 78 86 98 110 129 146 175 211 241 253 265 289 292 285 281 269 284 297 305 291 281 276 286 -32768 -32768 -32768 -32768 -32768 -32768 -32768 -32768 -32768 -32768 -32768 -32768 -32768 -32768 -32768
-32768 -32768 -32768 -32768 -32768 -32768 -32768 -32768 -32768 -32768 -32768 -32768 -32768 -32768 -32768 -32768 -32768 -32768 -32768 -32768 -32768 -32768 -32768 -32768 0 2 8 19 27 37 18 10 10 13 17 20 22 26 34 36 39 47 56 67 77 88 99 110 127 144 176 209 232 246 259 279 286 279 261 243 255 275 276 263 247 260 -32768 -32768 -32768 -32768 -32768 -32768 -32768 -32768 -32768 -32768 -32768 -32768 -32768 -32768 -32768 -32768
