final project/Practice/maxentOut/bio1.asc
NCOLS 186 
NROWS 192 
XLLCORNER -125 
YLLCORNER -56 
CELLSIZE 0.5 
NODATA_value -32768 
[rows 105 to 139 of 192, columns 79 to 157 of 186]
-32768 -32768 -32768 -32768 -32768 -32768 -32768 -32768 -32768 -32768 -32768 -32768 -32768 -32768 -32768 -32768 -32768 192 143 61 34 82 113 175 198 190 156 184 239 246 248 250 253 255 257 259 261 262 263 264 266 264 260 256 252 249 244 238 232 224 214 220 229 237 243 248 252 255 252 250 247 247 246 246 249 251 254 258 267 269 269 265 265 259 255 257 257 256 246
-32768 -32768 -32768 -32768 -32768 -32768 -32768 -32768 -32768 -32768 -32768 -32768 -32768 -32768 -32768 -32768 -32768 194 186 115 43 43 104 131 146 111 89 97 144 210 234 244 250 253 256 259 261 262 262 263 264 263 260 256 253 248 245 242 238 230 226 217 227 232 239 244 252 254 251 248 245 244 243 243 245 249 251 256 264 267 265 264 260 255 254 243 254 253 241
-32768 -32768 -32768 -32768 -32768 -32768 -32768 -32768 -32768 -32768 -32768 -32768 -32768 -32768 -32768 -32768 -32768 -32768 193 173 87 57 82 110 101 98 95 87 43 50 114 190 215 233 246 257 261 261 260 259 260 261 259 257 254 250 244 243 238 230 234 222 224 229 235 240 246 252 251 244 242 239 236 240 244 245 249 258 263 264 264 262 257 248 250 241 236 255 240
-32768 -32768 -32768 -32768 -32768 -32768 -32768 -32768 -32768 -32768 -32768 -32768 -32768 -32768 -32768 -32768 -32768 -32768 187 189 166 83 58 73 76 61 66 68 55 29 42 72 158 194 215 248 260 259 256 255 257 259 258 256 252 250 247 242 241 225 237 236 223 226 232 240 248 252 249 244 239 238 234 233 240 242 251 258 261 263 261 260 254 250 248 231 241 254 239
-32768 -32768 -32768 -32768 -32768 -32768 -32768 -32768 -32768 -32768 -32768 -32768 -32768 -32768 -32768 -32768 -32768 -32768 -32768 192 199 149 83 49 46 22 31 44 58 57 63 50 45 170 197 239 251 255 252 251 254 258 257 256 252 250 246 243 242 236 231 238 230 229 237 254 255 255 247 245 239 231 223 227 233 240 250 257 260 261 257 250 247 246 234 223 246 245 233
-32768 -32768 -32768 -32768 -32768 -32768 -32768 -32768 -32768 -32768 -32768 -32768 -32768 -32768 -32768 -32768 -32768 -32768 -32768 -32768 191 184 143 90 79 38 29 24 31 25 78 81 62 131 213 230 238 250 251 251 253 256 256 256 253 248 245 242 241 242 242 245 243 242 247 257 256 245 243 240 231 222 222 224 231 232 244 257 260 258 251 243 242 242 235 224 235 225 229
-32768 -32768 -32768 -32768 -32768 -32768 -32768 -32768 -32768 -32768 -32768 -32768 -32768 -32768 -32768 -32768 -32768 -32768 -32768 -32768 -32768 196 178 135 146 93 98 37 28 34 68 84 88 96 140 219 223 232 250 253 254 254 254 254 254 246 239 237 238 240 244 245 238 251 255 260 251 250 257 254 229 234 226 221 231 236 249 257 256 256 247 239 239 226 217 214 219 225 233
-32768 -32768 -32768 -32768 -32768 -32768 -32768 -32768 -32768 -32768 -32768 -32768 -32768 -32768 -32768 -32768 -32768 -32768 -32768 -32768 -32768 -32768 194 177 176 176 179 127 47 36 37 70 84 80 59 161 190 205 231 253 254 253 252 251 251 241 233 234 234 236 242 245 248 256 259 259 259 260 261 259 240 245 240 231 228 238 243 253 248 249 240 232 229 222 218 212 218 227 225
-32768 -32768 -32768 -32768 -32768 -32768 -32768 -32768 -32768 -32768 -32768 -32768 -32768 -32768 -32768 -32768 -32768 -32768 -32768 -32768 -32768 -32768 -32768 -32768 197 196 190 175 129 73 21 45 73 72 78 113 134 133 160 233 253 252 249 248 247 246 240 236 234 235 242 249 254 258 261 261 263 262 262 260 256 242 240 226 230 238 238 238 241 240 241 238 230 224 222 217 218 233 231
-32768 -32768 -32768 -32768 -32768 -32768 -32768 -32768 -32768 -32768 -32768 -32768 -32768 -32768 -32768 -32768 -32768 -32768 -32768 -32768 -32768 -32768 -32768 -32768 -32768 -32768 195 193 172 129 67 33 65 80 72 83 70 114 103 147 212 238 244 243 244 244 245 244 243 244 242 245 252 258 260 261 262 262 262 260 258 242 233 229 227 231 230 227 231 237 243 241 235 233 233 225 225 235 236
-32768 -32768 -32768 -32768 -32768 -32768 -32768 -32768 -32768 -32768 -32768 -32768 -32768 -32768 -32768 -32768 -32768 -32768 -32768 -32768 -32768 -32768 -32768 -32768 -32768 -32768 -32768 -32768 182 178 152 52 52 61 74 84 84 76 144 140 155 168 192 222 240 247 246 246 247 247 245 247 243 253 257 258 261 261 261 260 259 248 243 239 226 228 230 230 229 237 246 240 236 238 237 229 226 237 232
-32768 -32768 -32768 -32768 -32768 -32768 -32768 -32768 -32768 -32768 -32768 -32768 -32768 -32768 -32768 -32768 -32768 -32768 -32768 -32768 -32768 -32768 -32768 -32768 -32768 -32768 -32768 -32768 -32768 183 178 104 17 55 68 80 89 71 110 165 177 181 180 193 236 246 247 248 248 245 241 248 250 245 248 252 260 260 260 260 259 253 249 247 230 227 235 235 238 236 245 242 238 238 233 227 225 228 223
-32768 -32768 -32768 -32768 -32768 -32768 -32768 -32768 -32768 -32768 -32768 -32768 -32768 -32768 -32768 -32768 -32768 -32768 -32768 -32768 -32768 -32768 -32768 -32768 -32768 -32768 -32768 -32768 -32768 -32768 170 128 41 53 79 85 93 83 97 120 170 175 183 209 241 246 248 248 247 245 246 248 251 253 255 256 259 259 259 259 259 248 249 243 235 227 233 239 242 241 246 244 236 223 219 211 215 220 219
-32768 -32768 -32768 -32768 -32768 -32768 -32768 -32768 -32768 -32768 -32768 -32768 -32768 -32768 -32768 -32768 -32768 -32768 -32768 -32768 -32768 -32768 -32768 -32768 -32768 -32768 -32768 -32768 -32768 -32768 163 145 63 47 78 88 94 84 72 105 148 151 184 222 231 246 249 248 247 247 248 247 244 251 256 255 258 257 257 257 254 239 245 239 235 237 239 236 241 242 242 239 234 227 217 208 207 210 208
-32768 -32768 -32768 -32768 -32768 -32768 -32768 -32768 -32768 -32768 -32768 -32768 -32768 -32768 -32768 -32768 -32768 -32768 -32768 -32768 -32768 -32768 -32768 -32768 -32768 -32768 -32768 -32768 -32768 -32768 168 154 96 37 72 81 92 80 68 91 126 144 186 213 223 242 246 245 247 249 249 249 248 252 257 258 256 254 253 252 245 243 235 236 240 241 242 235 236 235 236 238 237 232 227 216 199 197 201
-32768 -32768 -32768 -32768 -32768 -32768 -32768 -32768 -32768 -32768 -32768 -32768 -32768 -32768 -32768 -32768 -32768 -32768 -32768 -32768 -32768 -32768 -32768 -32768 -32768 -32768 -32768 -32768 -32768 -32768 173 161 114 43 69 85 94 85 99 126 127 146 186 210 224 238 242 244 246 248 248 250 251 255 258 257 252 246 246 243 243 240 234 238 241 240 242 240 235 228 229 232 236 236 232 220 203 196 203
-32768 -32768 -32768 -32768 -32768 -32768 -32768 -32768 -32768 -32768 -32768 -32768 -32768 -32768 -32768 -32768 -32768 -32768 -32768 -32768 -32768 -32768 -32768 -32768 -32768 -32768 -32768 -32768 -32768 -32768 178 165 140 46 51 77 91 99 94 137 142 155 204 212 223 236 239 241 244 248 250 251 252 254 256 255 249 235 241 239 239 235 233 238 238 239 240 240 229 227 226 227 228 227 226 214 202 203 201
-32768 -32768 -32768 -32768 -32768 -32768 -32768 -32768 -32768 -32768 -32768 -32768 -32768 -32768 -32768 -32768 -32768 -32768 -32768 -32768 -32768 -32768 -32768 -32768 -32768 -32768 -32768 -32768 -32768 -32768 182 172 154 51 50 59 82 87 82 120 138 154 189 218 234 236 238 238 242 248 251 252 252 253 253 252 244 231 238 234 230 234 234 236 236 234 234 232 225 222 223 224 224 222 219 214 206 194 198
-32768 -32768 -32768 -32768 -32768 -32768 -32768 -32768 -32768 -32768 -32768 -32768 -32768 -32768 -32768 -32768 -32768 -32768 -32768 -32768 -32768 -32768 -32768 -32768 -32768 -32768 -32768 -32768 -32768 -32768 173 158 144 71 40 32 65 59 83 118 114 156 188 204 230 235 235 237 242 249 252 251 250 250 250 249 240 233 235 225 231 236 237 236 232 230 231 225 222 218 215 215 217 217 210 208 207 192 189
-32768 -32768 -32768 -32768 -32768 -32768 -32768 -32768 -32768 -32768 -32768 -32768 -32768 -32768 -32768 -32768 -32768 -32768 -32768 -32768 -32768 -32768 -32768 -32768 -32768 -32768 -32768 -32768 -32768 -32768 164 154 144 107 74 24 37 46 81 98 85 161 205 215 229 231 232 235 241 248 250 249 247 247 248 248 241 237 232 220 229 232 233 232 230 228 224 222 218 214 210 207 209 210 202 197 202 196 182
-32768 -32768 -32768 -32768 -32768 -32768 -32768 -32768 -32768 -32768 -32768 -32768 -32768 -32768 -32768 -32768 -32768 -32768 -32768 -32768 -32768 -32768 -32768 -32768 -32768 -32768 -32768 -32768 -32768 -32768 167 152 145 113 99 32 32 38 67 92 89 180 218 226 231 231 230 233 238 242 243 243 242 242 244 243 236 235 228 221 223 228 227 228 225 219 218 218 219 217 212 210 204 201 206 206 200 186 167
-32768 -32768 -32768 -32768 -32768 -32768 -32768 -32768 -32768 -32768 -32768 -32768 -32768 -32768 -32768 -32768 -32768 -32768 -32768 -32768 -32768 -32768 -32768 -32768 -32768 -32768 -32768 -32768 -32768 174 166 157 137 110 137 56 46 60 75 84 83 170 224 230 231 231 231 232 234 235 236 237 236 236 241 240 236 231 226 222 219 222 222 221 218 215 202 197 208 210 209 205 202 202 197 198 191 181 181
-32768 -32768 -32768 -32768 -32768 -32768 -32768 -32768 -32768 -32768 -32768 -32768 -32768 -32768 -32768 -32768 -32768 -32768 -32768 -32768 -32768 -32768 -32768 -32768 -32768 -32768 -32768 -32768 -32768 176 165 167 140 124 127 55 50 60 82 79 130 193 215 224 230 231 231 231 231 230 231 233 233 234 237 236 233 228 225 224 218 219 217 212 210 208 207 198 190 188 198 200 200 196 191 182 173 177 189
-32768 -32768 -32768 -32768 -32768 -32768 -32768 -32768 -32768 -32768 -32768 -32768 -32768 -32768 -32768 -32768 -32768 -32768 -32768 -32768 -32768 -32768 -32768 -32768 -32768 -32768 -32768 -32768 -32768 176 150 165 133 96 72 66 65 47 57 71 163 195 190 224 228 229 229 228 227 227 228 230 231 233 233 232 229 225 223 223 219 213 213 209 208 202 198 197 190 184 180 177 180 180 192 209 203 218 219
-32768 -32768 -32768 -32768 -32768 -32768 -32768 -32768 -32768 -32768 -32768 -32768 -32768 -32768 -32768 -32768 -32768 -32768 -32768 -32768 -32768 -32768 -32768 -32768 -32768 -32768 -32768 -32768 -32768 173 141 151 114 70 50 88 72 61 58 111 173 179 206 220 224 226 226 225 225 225 226 227 229 231 230 231 230 225 218 218 216 211 206 195 191 195 186 177 185 179 174 174 193 197 207 219 215 -32768 -32768
-32768 -32768 -32768 -32768 -32768 -32768 -32768 -32768 -32768 -32768 -32768 -32768 -32768 -32768 -32768 -32768 -32768 -32768 -32768 -32768 -32768 -32768 -32768 -32768 -32768 -32768 -32768 -32768 -32768 182 166 154 85 59 44 55 68 49 110 128 169 193 210 218 221 223 224 223 223 223 223 224 225 226 226 230 226 225 220 215 216 211 203 191 183 180 178 171 171 178 178 176 173 193 214 222 -32768 -32768 -32768
-32768 -32768 -32768 -32768 -32768 -32768 -32768 -32768 -32768 -32768 -32768 -32768 -32768 -32768 -32768 -32768 -32768 -32768 -32768 -32768 -32768 -32768 -32768 -32768 -32768 -32768 -32768 -32768 -32768 181 170 155 86 54 52 62 43 45 120 144 163 193 207 216 219 221 223 223 222 222 221 220 220 221 224 226 221 219 216 212 210 209 202 192 185 182 176 166 161 169 170 169 165 195 208 -32768 -32768 -32768 -32768
-32768 -32768 -32768 -32768 -32768 -32768 -32768 -32768 -32768 -32768 164 162 -32768 -32768 -32768 -32768 -32768 -32768 -32768 -32768 -32768 -32768 -32768 -32768 -32768 -32768 -32768 -32768 -32768 188 169 148 89 37 36 70 67 47 72 141 182 185 208 214 217 220 222 223 221 219 218 217 217 218 223 224 221 217 213 210 203 202 194 181 176 174 165 160 163 169 169 167 173 207 -32768 -32768 -32768 -32768 -32768
-32768 -32768 -32768 -32768 -32768 -32768 -32768 -32768 -32768 -32768 -32768 -32768 -32768 -32768 -32768 -32768 -32768 -32768 -32768 -32768 -32768 -32768 -32768 -32768 -32768 -32768 -32768 -32768 -32768 167 145 115 61 25 24 59 64 84 125 115 187 200 210 213 215 218 219 220 219 217 214 214 215 218 222 223 222 219 217 212 205 199 190 189 190 189 170 154 157 153 163 173 190 202 -32768 -32768 -32768 -32768 -32768
-32768 -32768 -32768 -32768 -32768 -32768 -32768 -32768 -32768 -32768 -32768 -32768 -32768 -32768 -32768 -32768 -32768 -32768 -32768 -32768 -32768 -32768 -32768 -32768 -32768 -32768 -32768 -32768 -32768 157 139 103 46 5 31 118 92 145 113 173 200 203 209 212 214 215 216 217 218 216 214 212 213 218 219 222 224 224 216 211 203 197 199 198 199 194 186 175 164 155 161 183 179 193 201 -32768 -32768 -32768 -32768
-32768 -32768 -32768 -32768 -32768 -32768 -32768 -32768 -32768 -32768 -32768 -32768 -32768 -32768 -32768 -32768 -32768 -32768 -32768 -32768 -32768 -32768 -32768 -32768 -32768 -32768 -32768 -32768 166 159 122 76 25 -1 51 136 151 183 179 180 200 199 206 210 212 213 214 215 216 215 212 210 209 213 217 220 222 220 213 207 205 205 201 194 194 189 181 178 167 161 160 160 161 184 199 -32768 -32768 -32768 -32768
-32768 -32768 -32768 -32768 -32768 -32768 -32768 -32768 -32768 -32768 -32768 -32768 -32768 -32768 -32768 -32768 -32768 -32768 -32768 -32768 -32768 -32768 -32768 -32768 -32768 -32768 -32768 -32768 170 149 88 45 22 27 85 129 175 192 167 172 192 199 207 208 210 211 212 212 211 211 209 207 208 209 211 214 215 214 210 209 208 206 200 195 190 187 180 172 166 162 155 142 184 195 -32768 -32768 -32768 -32768 -32768
-32768 -32768 -32768 -32768 -32768 -32768 -32768 -32768 -32768 -32768 -32768 -32768 -32768 -32768 -32768 -32768 -32768 -32768 -32768 -32768 -32768 -32768 -32768 -32768 -32768 -32768 -32768 169 147 124 62 9 32 72 141 105 139 183 184 191 200 205 208 206 207 207 206 206 206 205 204 204 206 205 206 207 208 208 206 204 202 201 195 192 191 185 177 176 171 163 153 172 194 198 -32768 -32768 -32768 -32768 -32768
-32768 -32768 -32768 -32768 -32768 -32768 -32768 -32768 -32768 -32768 -32768 -32768 -32768 -32768 -32768 -32768 -32768 -32768 -32768 -32768 -32768 -32768 -32768 -32768 -32768 -32768 -32768 164 145 92 23 3 44 95 151 123 164 189 207 203 206 208 205 193 201 201 200 200 201 201 200 200 202 202 199 201 203 203 199 195 191 190 189 185 188 180 182 185 176 162 155 186 191 -32768 -32768 -32768 -32768 -32768 -32768
-32768 -32768 -32768 -32768 -32768 -32768 -32768 -32768 -32768 -32768 -32768 -32768 -32768 -32768 -32768 -32768 -32768 -32768 -32768 -32768 -32768 -32768 -32768 -32768 -32768 -32768 -32768 156 143 91 20 -8 50 103 168 146 175 203 208 206 209 207 191 179 195 195 194 194 196 197 197 198 198 198 197 199 200 198 194 188 189 192 193 191 192 193 195 195 193 187 181 188 -32768 -32768 -32768 -32768 -32768 -32768 -32768
