final project/Practice/maxentOut/bio12.asc
NCOLS 186 
NROWS 192 
XLLCORNER -125 
YLLCORNER -56 
CELLSIZE 0.5 
NODATA_value -9999 
[rows 0 to 31 of 192, columns 0 to 72 of 186]
-9999.000000000000000 1206 1042.52 846.21 702.83 356.44 572.85 824.1 771.17 392.62 171.52 119.93 89.78 103.85 138.02 179.56 206.36 211.05 219.09 214.4 211.72 198.32 161.47 143.38 156.78 235.84 296.14 318.92 242.54 222.44 172.86 205.69 265.99 296.81 316.24 354.43 288.77 351.08 448.23 305.52 267.33 253.26 247.9 263.31 276.71 293.46 310.21 343.71 357.11 369.84 383.91 401.33 424.11 462.3 489.1 519.25 539.35 574.19 602.33 613.72 617.07 624.44 627.79 663.3 675.36 658.61 655.26 645.21 633.82 633.15 621.09 638.51 661.96
-9999 -9999 773.85 797.97 635.16 337.68 362.47 696.13 997.63 658.61 260.63 115.24 85.09 100.5 146.73 177.55 183.58 198.32 194.97 215.74 229.81 204.35 148.74 154.77 138.69 216.41 231.82 274.7 154.77 155.44 233.83 196.98 202.34 259.29 343.71 316.24 383.91 390.61 313.56 308.87 297.48 265.32 248.57 259.29 270.01 282.07 303.51 320.93 341.03 363.14 367.83 398.65 428.8 454.93 487.76 525.28 562.8 589.6 609.03 638.51 641.86 651.91 658.61 658.61 671.34 660.62 664.64 651.24 637.17 635.16 643.87 653.25 667.32
-9999 -9999 751.07 779.21 686.08 482.4 321.6 401.33 737.67 797.97 426.79 172.86 111.22 96.48 121.27 156.11 187.6 170.18 161.47 192.29 220.43 205.02 180.23 150.75 189.61 240.53 243.21 160.8 142.04 123.95 155.44 214.4 297.48 225.12 240.53 343.71 355.1 339.02 255.94 306.86 287.43 241.87 221.77 233.16 248.57 268.67 292.79 310.88 337.01 357.11 369.17 398.65 435.5 464.31 494.46 551.41 576.2 596.97 615.73 645.88 659.28 674.02 685.41 679.38 676.03 657.27 662.63 657.94 649.23 645.88 645.88 661.96 690.77
-9999 -9999 -9999 735.66 639.85 472.35 290.78 296.81 490.44 771.17 602.33 332.32 168.84 109.88 99.16 104.52 134.67 144.05 170.18 178.89 194.97 222.44 218.42 181.57 235.84 270.01 249.24 180.9 127.97 143.38 169.51 253.93 235.84 330.98 349.07 367.16 344.38 286.76 256.61 272.69 235.17 197.65 193.63 215.07 235.84 254.6 276.71 301.5 331.65 355.77 373.19 402.67 433.49 468.33 509.2 552.08 574.19 605.68 643.2 672.68 692.11 699.48 700.15 704.84 699.48 686.75 678.71 684.07 681.39 677.37 680.05 700.82 720.25
-9999 -9999 -9999 681.39 580.22 392.62 290.78 215.74 262.64 505.85 625.11 451.58 240.53 166.16 102.51 99.16 112.56 150.08 162.81 171.52 184.92 207.7 208.37 227.8 298.15 234.5 218.42 140.03 122.61 144.72 238.52 239.19 284.75 436.17 553.42 547.39 489.1 205.02 187.6 308.2 274.03 229.14 209.04 225.12 246.56 260.63 269.34 295.47 329.64 365.82 394.63 414.06 440.19 477.04 509.2 547.39 592.28 619.08 659.28 688.76 717.57 725.61 716.9 715.56 716.9 717.57 710.87 712.21 728.96 736.33 741.69 758.44 769.16
-9999 -9999 -9999 -9999 -9999 495.8 395.3 268.67 178.22 249.24 441.53 535.33 404.68 184.25 103.18 95.81 105.19 142.04 143.38 138.02 160.13 174.2 209.71 247.9 267.33 221.77 137.35 104.52 99.83 127.97 150.08 163.48 219.09 324.28 351.75 373.19 489.77 323.61 160.8 332.99 288.1 250.58 249.24 264.65 265.32 268.67 282.07 307.53 337.68 363.81 392.62 417.41 440.86 482.4 511.88 554.09 598.98 632.48 669.33 702.83 722.93 732.31 730.97 730.3 731.64 728.29 732.98 747.05 767.82 783.9 793.28 804.67 816.73
-9999 -9999 -9999 -9999 -9999 497.14 329.64 288.77 181.57 144.05 196.98 384.58 455.6 300.16 123.95 81.74 77.05 96.48 111.22 152.09 97.82 121.94 194.97 222.44 209.04 250.58 138.02 101.84 146.73 159.46 142.71 183.58 151.42 172.19 211.72 278.72 314.9 382.57 233.16 376.54 276.71 293.46 281.4 263.98 272.02 286.09 294.8 312.89 339.69 366.49 389.94 413.39 442.87 483.74 526.62 567.49 609.03 641.86 670 713.55 735.66 744.37 748.39 737.67 727.62 726.95 755.09 782.56 800.65 806.68 815.39 841.52 875.69
-9999 -9999 -9999 -9999 -9999 -9999 499.82 290.11 314.9 155.44 130.65 188.27 399.99 371.85 146.73 109.21 67 76.38 163.48 99.16 87.77 101.17 190.28 225.12 212.39 268 166.16 121.27 144.05 187.6 170.85 219.76 181.57 150.75 176.88 221.1 322.94 257.28 278.05 362.47 267.33 261.3 264.65 258.62 270.68 291.45 301.5 323.61 343.71 367.83 386.59 423.44 454.26 486.42 529.3 574.19 608.36 644.54 678.71 724.94 765.81 767.82 767.15 769.83 755.09 763.8 779.88 799.98 812.71 829.46 833.48 871 901.15
-9999 -9999 -9999 -9999 -9999 -9999 -9999 217.08 251.92 261.3 127.3 131.32 290.78 288.1 101.17 75.04 62.31 60.3 103.85 114.57 92.46 117.92 173.53 217.08 245.89 248.57 236.51 129.98 144.05 171.52 185.59 226.46 195.64 181.57 175.54 186.26 290.78 254.6 369.17 301.5 281.4 254.6 255.94 266.66 278.05 300.83 316.24 337.01 359.79 373.19 404.01 444.88 481.06 503.84 544.04 580.22 615.06 654.59 694.12 736.33 776.53 801.99 801.99 812.04 816.06 838.84 828.12 818.74 820.08 837.5 859.61 883.73 901.82
-9999 -9999 -9999 -9999 -9999 -9999 -9999 152.76 340.36 349.07 279.39 126.63 190.28 199.66 79.73 73.7 77.05 57.62 109.21 146.06 93.13 121.27 158.79 231.15 242.54 314.23 373.19 231.82 150.75 160.8 165.49 194.97 223.78 253.93 213.73 205.02 174.87 239.86 254.6 238.52 247.9 245.22 250.58 265.99 294.13 313.56 329.64 357.78 374.53 379.89 413.39 446.89 476.37 521.93 570.84 603.67 645.21 682.73 724.27 764.47 771.84 688.09 760.45 810.7 832.81 862.29 863.63 845.54 844.87 851.57 878.37 905.84 922.59
-9999 -9999 -9999 -9999 -9999 -9999 -9999 -9999 254.6 312.22 421.43 385.92 267.33 162.14 111.89 97.15 118.59 81.07 86.43 100.5 89.78 113.23 176.88 243.88 276.71 291.45 345.05 373.19 248.57 192.29 180.23 191.62 217.75 229.14 216.41 171.52 157.45 251.25 225.79 222.44 234.5 252.59 267.33 282.07 292.12 308.2 330.31 345.05 353.76 365.82 404.68 413.39 466.99 532.65 586.25 615.73 660.62 702.16 771.84 824.77 844.2 814.72 873.68 908.52 900.48 852.24 849.56 852.24 879.04 891.1 913.21 954.08 952.74
-9999 -9999 -9999 -9999 -9999 -9999 -9999 -9999 -9999 278.05 320.93 287.43 314.9 309.54 385.92 321.6 320.93 136.68 73.7 69.01 85.76 97.15 140.03 196.98 279.39 328.3 361.8 393.29 373.19 316.24 335 255.27 247.9 248.57 225.79 201 177.55 235.17 243.88 218.42 224.45 237.85 257.28 274.03 293.46 307.53 328.97 351.75 352.42 369.84 410.04 438.18 483.07 532.65 572.18 609.7 660.62 710.87 770.5 826.78 879.04 927.95 964.13 944.03 912.54 875.02 850.9 868.32 895.79 920.58 948.05 967.48 948.05
-9999 -9999 -9999 -9999 -9999 -9999 -9999 -9999 -9999 277.38 286.09 -9999 -9999 218.42 242.54 253.26 295.47 125.96 95.81 67 62.98 88.44 125.29 162.81 182.24 186.93 262.64 345.72 336.34 335.67 400.66 383.24 299.49 282.07 255.27 217.08 170.18 215.07 245.89 231.15 211.72 228.47 259.96 282.07 304.18 309.54 324.95 355.1 373.19 393.29 422.77 448.9 479.72 517.24 562.13 613.05 657.27 718.24 760.45 795.29 832.14 850.9 880.38 897.8 886.41 897.8 895.79 886.41 912.54 932.64 954.75 955.42 945.37
-9999 -9999 -9999 -9999 -9999 -9999 -9999 -9999 -9999 -9999 153.43 154.1 159.46 196.31 199.66 222.44 347.73 148.74 50.25 59.63 57.62 92.46 111.22 109.88 113.9 131.32 164.82 304.85 311.55 273.36 314.23 312.89 326.29 312.89 283.41 173.53 196.31 170.85 316.91 255.27 211.72 222.44 257.28 280.06 300.16 310.88 332.99 351.08 370.51 395.97 426.12 457.61 493.12 526.62 563.47 616.4 660.62 706.85 745.71 762.46 799.31 808.69 828.12 870.33 869.66 905.84 926.61 911.2 917.23 939.34 966.14 963.46 940.68
-9999 -9999 -9999 -9999 -9999 -9999 -9999 -9999 -9999 -9999 -9999 -9999 142.04 155.44 -9999 188.27 280.73 214.4 95.81 39.53 49.58 68.34 75.04 87.1 113.9 165.49 169.51 261.3 290.11 284.75 230.48 226.46 257.28 276.04 252.59 186.26 186.26 162.81 293.46 251.25 209.71 218.42 243.88 263.31 280.06 292.12 318.25 344.38 379.22 406.02 426.79 456.27 493.12 519.92 550.07 576.2 624.44 679.38 718.24 733.65 777.2 810.7 823.43 873.68 895.79 897.13 924.6 941.35 929.29 927.95 953.41 966.14 952.74
-9999 -9999 -9999 -9999 -9999 -9999 -9999 -9999 -9999 -9999 -9999 -9999 -9999 -9999 -9999 159.46 205.69 239.19 157.45 52.26 48.91 62.31 81.07 98.49 156.11 182.24 204.35 219.76 275.37 255.27 232.49 224.45 213.73 201 172.19 170.18 170.85 164.15 190.95 175.54 185.59 214.4 221.77 229.81 251.25 271.35 298.15 332.99 376.54 419.42 434.83 458.28 493.79 527.29 545.38 579.55 617.74 657.94 699.48 732.98 781.22 818.74 829.46 879.04 944.7 930.63 928.62 944.7 938 913.21 968.82 977.53 970.16
-9999 -9999 -9999 -9999 -9999 -9999 -9999 -9999 -9999 -9999 -9999 -9999 -9999 -9999 -9999 -9999 205.02 205.02 180.9 60.3 37.52 45.56 60.3 92.46 155.44 186.93 251.25 284.75 307.53 255.94 241.2 292.79 231.82 186.93 155.44 148.74 150.75 152.09 172.86 154.77 152.76 193.63 198.32 198.32 225.12 251.92 282.07 326.96 369.17 395.97 426.79 454.93 481.73 507.19 546.05 560.79 607.69 666.65 703.5 734.99 779.21 828.79 864.3 899.14 955.42 980.88 976.19 984.23 990.26 995.62 1011.7 994.95 1000.98
-9999 -9999 -9999 -9999 -9999 -9999 -9999 -9999 -9999 -9999 -9999 -9999 -9999 -9999 -9999 -9999 192.29 177.55 211.72 107.87 40.2 41.54 51.59 69.68 123.95 186.93 243.21 308.2 358.45 317.58 251.25 226.46 257.28 195.64 172.86 147.4 144.72 160.13 166.16 174.87 182.24 201.67 203.68 201.67 212.39 243.21 286.09 328.97 357.11 381.23 413.39 442.87 464.98 502.5 533.99 576.87 611.04 665.98 706.85 739.68 779.21 842.19 898.47 942.69 975.52 990.93 1012.37 1042.52 1049.89 1051.23 1052.57 1043.86 1051.23
-9999 -9999 -9999 -9999 -9999 -9999 -9999 -9999 -9999 -9999 -9999 -9999 -9999 -9999 -9999 -9999 -9999 130.65 167.5 190.28 53.6 -9999 -9999 66.33 87.77 141.37 194.97 253.26 361.13 347.06 303.51 260.63 272.02 232.49 199.66 163.48 150.75 168.84 179.56 186.93 205.69 233.16 243.21 235.17 240.53 252.59 276.04 323.61 363.81 387.26 399.99 444.21 477.71 515.9 553.42 584.24 626.45 678.04 735.66 785.91 849.56 897.8 940.68 985.57 1037.83 1025.77 1020.41 1043.19 1102.82 1088.08 1068.65 1086.74 1096.79
-9999 -9999 -9999 -9999 -9999 -9999 -9999 -9999 -9999 -9999 -9999 -9999 -9999 -9999 -9999 -9999 -9999 114.57 111.22 124.62 69.68 -9999 -9999 -9999 83.08 142.04 204.35 231.82 330.98 365.82 351.75 320.26 316.24 263.98 212.39 185.59 177.55 186.26 174.87 187.6 213.06 213.73 245.89 268.67 259.29 241.2 261.97 307.53 359.12 404.68 433.49 477.04 527.96 555.43 558.78 598.31 655.93 696.13 752.41 829.46 897.8 938 972.84 968.15 1008.35 1005.67 1009.02 1024.43 1068.65 1048.55 1027.11 1053.91 1059.94
-9999 -9999 -9999 -9999 -9999 -9999 -9999 -9999 -9999 -9999 -9999 -9999 -9999 -9999 -9999 -9999 -9999 -9999 85.09 89.11 84.42 60.3 54.94 54.94 74.37 115.91 180.9 215.07 286.09 334.33 351.08 369.17 402.67 404.01 298.82 232.49 250.58 232.49 181.57 188.27 213.06 205.02 231.82 235.84 216.41 205.69 229.81 273.36 345.05 423.44 462.97 483.07 534.66 554.76 574.86 621.09 672.01 700.15 742.36 811.37 857.6 903.83 960.78 971.5 994.28 1025.1 1039.84 1069.99 1087.41 1061.95 1043.19 1019.74 1014.38
-9999 -9999 -9999 -9999 -9999 -9999 -9999 -9999 -9999 -9999 -9999 -9999 -9999 75.04 -9999 -9999 -9999 -9999 -9999 65.66 69.01 96.48 77.72 67 72.36 96.48 121.27 175.54 261.3 319.59 361.8 377.88 443.54 483.07 365.82 293.46 330.31 251.92 191.62 199.66 205.69 198.32 206.36 209.71 224.45 212.39 190.28 261.97 328.3 385.92 412.05 432.82 460.96 475.03 545.38 605.01 671.34 716.23 799.31 836.16 747.05 -9999 -9999 -9999 -9999 -9999 1040.51 1066.64 1055.92 1040.51 1026.44 975.52 959.44
-9999 -9999 -9999 -9999 -9999 -9999 -9999 -9999 -9999 -9999 -9999 -9999 -9999 66.33 -9999 -9999 -9999 -9999 -9999 -9999 64.32 78.39 107.87 71.69 75.04 88.44 107.2 152.76 240.53 308.87 392.62 456.94 473.69 458.28 354.43 312.22 314.9 294.13 225.12 212.39 200.33 221.77 203.01 156.78 197.65 243.88 229.14 282.74 306.86 351.75 369.17 397.98 429.47 456.94 522.6 588.93 668.66 739.68 806.68 883.06 -9999 -9999 -9999 -9999 -9999 -9999 -9999 -9999 -9999 -9999 -9999 955.42 -9999
-9999 -9999 -9999 -9999 -9999 -9999 -9999 -9999 -9999 -9999 -9999 -9999 -9999 -9999 -9999 -9999 -9999 -9999 39.53 49.58 -9999 60.3 85.09 98.49 71.69 69.68 109.88 145.39 195.64 288.77 359.79 515.9 573.52 576.87 494.46 374.53 301.5 299.49 231.82 213.06 233.83 219.09 176.88 167.5 182.24 243.21 325.62 301.5 293.46 335.67 363.81 368.5 391.28 440.19 520.59 607.69 651.24 692.78 -9999 -9999 -9999 -9999 -9999 -9999 -9999 -9999 -9999 -9999 -9999 -9999 -9999 -9999 -9999
-9999 -9999 -9999 -9999 -9999 -9999 -9999 -9999 -9999 -9999 -9999 -9999 -9999 -9999 -9999 -9999 -9999 -9999 -9999 41.54 62.98 63.65 75.71 86.43 81.07 72.36 -9999 119.93 148.07 215.74 306.86 481.73 546.05 591.61 542.7 418.75 338.35 302.84 247.9 230.48 242.54 229.14 218.42 192.96 208.37 237.18 306.86 306.19 281.4 304.18 323.61 336.34 389.94 437.51 497.14 540.02 598.31 -9999 -9999 -9999 -9999 -9999 -9999 -9999 -9999 -9999 -9999 -9999 -9999 -9999 -9999 -9999 -9999
-9999 -9999 -9999 -9999 -9999 -9999 -9999 -9999 -9999 -9999 -9999 -9999 -9999 -9999 -9999 -9999 -9999 -9999 -9999 -9999 69.01 65.66 73.7 68.34 85.76 83.08 64.32 -9999 124.62 125.29 182.24 366.49 499.15 624.44 603.67 446.89 373.86 330.31 313.56 263.31 239.86 239.19 251.25 222.44 217.08 209.04 236.51 267.33 285.42 292.12 310.88 335 375.2 414.06 446.89 478.38 -9999 -9999 -9999 -9999 -9999 -9999 -9999 -9999 -9999 -9999 -9999 -9999 -9999 -9999 -9999 -9999 -9999
-9999 -9999 -9999 -9999 -9999 -9999 -9999 -9999 -9999 -9999 -9999 -9999 -9999 -9999 -9999 -9999 -9999 -9999 -9999 -9999 -9999 56.28 58.29 73.03 87.77 115.91 85.09 76.38 -9999 -9999 182.91 272.69 432.15 554.76 586.92 606.35 503.17 391.28 344.38 301.5 245.89 213.06 199.66 198.32 184.25 166.83 194.97 239.86 284.08 314.9 337.68 345.72 375.2 406.02 439.52 457.61 -9999 -9999 -9999 -9999 -9999 -9999 -9999 -9999 -9999 -9999 -9999 -9999 -9999 -9999 -9999 -9999 -9999
-9999 -9999 -9999 -9999 -9999 -9999 -9999 -9999 -9999 -9999 -9999 -9999 -9999 -9999 -9999 -9999 -9999 -9999 -9999 -9999 -9999 -9999 -9999 -9999 63.65 86.43 131.99 99.83 -9999 -9999 -9999 231.82 354.43 579.55 678.71 712.88 612.38 482.4 363.14 316.24 250.58 208.37 176.21 162.81 154.1 186.26 201.67 188.27 221.1 375.2 452.25 366.49 377.88 387.93 439.52 460.29 -9999 -9999 -9999 -9999 -9999 -9999 -9999 -9999 -9999 -9999 -9999 -9999 -9999 -9999 -9999 -9999 -9999
-9999 -9999 -9999 -9999 -9999 -9999 -9999 -9999 -9999 -9999 -9999 -9999 -9999 -9999 -9999 -9999 -9999 -9999 -9999 -9999 -9999 -9999 -9999 -9999 -9999 51.59 115.91 135.34 113.9 -9999 -9999 203.68 250.58 381.9 632.48 677.37 671.34 539.35 407.36 320.93 296.81 219.76 180.9 138.69 127.3 157.45 202.34 197.65 198.32 399.99 452.25 399.32 416.07 413.39 454.93 477.04 -9999 -9999 -9999 -9999 -9999 -9999 -9999 -9999 -9999 -9999 -9999 -9999 -9999 -9999 -9999 -9999 -9999
-9999 -9999 -9999 -9999 -9999 -9999 -9999 -9999 -9999 -9999 -9999 -9999 -9999 -9999 -9999 -9999 -9999 -9999 -9999 -9999 -9999 -9999 -9999 -9999 -9999 54.94 81.74 145.39 141.37 -9999 -9999 181.57 239.19 362.47 525.95 677.37 735.66 716.23 505.18 356.44 273.36 219.09 193.63 163.48 150.75 227.8 283.41 292.12 298.15 446.22 527.29 452.25 432.15 421.43 464.98 495.13 -9999 -9999 -9999 -9999 -9999 -9999 -9999 -9999 -9999 -9999 -9999 -9999 -9999 -9999 -9999 -9999 -9999
-9999 -9999 -9999 -9999 -9999 -9999 -9999 -9999 -9999 -9999 -9999 -9999 -9999 -9999 -9999 -9999 -9999 -9999 -9999 -9999 -9999 -9999 -9999 -9999 -9999 46.9 54.27 107.87 151.42 144.72 -9999 -9999 -9999 402 389.94 480.39 711.54 761.12 661.96 481.06 337.01 300.16 245.89 220.43 210.38 246.56 272.69 290.78 265.32 310.21 504.51 485.08 517.91 454.93 468.33 -9999 -9999 -9999 -9999 -9999 -9999 -9999 -9999 -9999 -9999 -9999 -9999 -9999 -9999 -9999 -9999 -9999 -9999
-9999 -9999 -9999 -9999 -9999 -9999 -9999 -9999 -9999 -9999 -9999 -9999 -9999 -9999 -9999 -9999 -9999 -9999 -9999 -9999 -9999 -9999 -9999 -9999 -9999 -9999 33.5 61.64 101.17 157.45 169.51 -9999 -9999 -9999 306.86 331.65 585.58 767.15 688.76 528.63 395.3 351.08 312.22 272.02 231.82 213.73 236.51 229.81 222.44 261.97 475.7 487.76 444.88 441.53 509.87 -9999 -9999 -9999 -9999 -9999 -9999 -9999 -9999 -9999 -9999 -9999 -9999 -9999 -9999 -9999 -9999 -9999 -9999
