final project/Practice/maxentOut/bio16.asc
NCOLS 186 
NROWS 192 
XLLCORNER -125 
YLLCORNER -56 
CELLSIZE 0.5 
NODATA_value -32768 
[rows 105 to 139 of 192, columns 79 to 157 of 186]
-32768 -32768 -32768 -32768 -32768 -32768 -32768 -32768 -32768 -32768 -32768 -32768 -32768 -32768 -32768 -32768 -32768 8 138 395 409 402 407 532 588 595 517 714 1235 1434 1445 1243 1016 893 821 770 734 711 697 690 686 677 677 690 709 726 740 764 790 820 881 949 966 978 1000 1016 1024 1023 991 966 960 910 956 984 957 895 843 817 803 817 840 830 768 772 789 715 761 816 857
-32768 -32768 -32768 -32768 -32768 -32768 -32768 -32768 -32768 -32768 -32768 -32768 -32768 -32768 -32768 -32768 -32768 6 17 258 453 450 457 452 464 475 392 368 714 1662 1886 1444 1140 954 848 780 736 710 694 683 687 688 673 679 692 702 712 739 789 861 893 930 930 936 961 983 997 994 985 977 950 897 916 899 868 822 801 812 816 833 862 860 862 837 775 808 744 728 738
-32768 -32768 -32768 -32768 -32768 -32768 -32768 -32768 -32768 -32768 -32768 -32768 -32768 -32768 -32768 -32768 -32768 -32768 1 50 367 492 493 447 429 436 431 413 420 411 779 1241 1142 955 847 781 733 713 706 697 706 712 699 684 676 674 684 712 763 814 840 865 876 863 880 928 965 958 928 914 892 830 789 786 793 760 747 780 810 834 808 838 879 966 873 840 828 662 695
-32768 -32768 -32768 -32768 -32768 -32768 -32768 -32768 -32768 -32768 -32768 -32768 -32768 -32768 -32768 -32768 -32768 -32768 1 6 92 409 532 520 499 483 495 508 450 415 373 436 794 813 761 786 738 727 748 771 768 766 738 695 659 641 645 668 704 734 756 785 792 756 750 865 933 899 815 790 777 769 827 855 794 757 735 755 793 823 816 841 886 899 858 850 762 657 711
-32768 -32768 -32768 -32768 -32768 -32768 -32768 -32768 -32768 -32768 -32768 -32768 -32768 -32768 -32768 -32768 -32768 -32768 -32768 2 5 171 489 635 589 518 512 511 481 411 360 355 369 632 645 757 766 750 802 844 840 842 789 707 634 597 596 616 644 669 684 709 736 713 731 858 840 738 633 673 735 796 908 980 880 797 752 760 783 826 847 918 887 799 787 788 742 680 651
-32768 -32768 -32768 -32768 -32768 -32768 -32768 -32768 -32768 -32768 -32768 -32768 -32768 -32768 -32768 -32768 -32768 -32768 -32768 -32768 4 23 156 479 432 467 460 476 468 471 384 403 387 501 614 703 773 821 886 926 958 946 856 719 595 540 545 568 597 627 653 689 729 722 737 766 704 584 540 650 744 821 881 907 864 824 794 782 804 849 919 874 780 724 702 699 782 746 672
-32768 -32768 -32768 -32768 -32768 -32768 -32768 -32768 -32768 -32768 -32768 -32768 -32768 -32768 -32768 -32768 -32768 -32768 -32768 -32768 -32768 1 23 124 111 236 225 345 365 442 418 510 423 406 490 649 756 891 1034 1133 1173 1121 958 745 555 490 514 531 561 601 652 696 715 715 703 680 632 568 568 640 765 807 851 881 852 809 806 785 831 829 901 856 782 722 712 737 741 731 682
-32768 -32768 -32768 -32768 -32768 -32768 -32768 -32768 -32768 -32768 -32768 -32768 -32768 -32768 -32768 -32768 -32768 -32768 -32768 -32768 -32768 -32768 1 6 8 12 23 107 267 357 423 439 453 376 356 511 659 841 1104 1360 1415 1346 1081 787 572 499 508 506 538 582 659 705 712 694 666 632 599 572 576 627 724 768 818 875 877 809 818 837 862 866 855 799 730 697 717 694 677 707 690
-32768 -32768 -32768 -32768 -32768 -32768 -32768 -32768 -32768 -32768 -32768 -32768 -32768 -32768 -32768 -32768 -32768 -32768 -32768 -32768 -32768 -32768 -32768 -32768 0 1 1 16 86 226 382 392 404 345 296 355 486 574 763 1376 1547 1475 1122 793 571 469 460 479 528 598 684 728 707 670 636 607 586 578 591 625 668 731 773 806 847 835 837 853 816 780 751 712 677 666 670 644 628 651 663
-32768 -32768 -32768 -32768 -32768 -32768 -32768 -32768 -32768 -32768 -32768 -32768 -32768 -32768 -32768 -32768 -32768 -32768 -32768 -32768 -32768 -32768 -32768 -32768 -32768 -32768 7 6 8 74 217 325 313 281 252 250 323 452 458 654 1133 1151 989 775 552 424 411 439 497 580 688 743 678 631 601 582 573 577 595 624 658 708 741 760 807 818 804 772 740 738 717 694 678 680 694 674 623 625 693
-32768 -32768 -32768 -32768 -32768 -32768 -32768 -32768 -32768 -32768 -32768 -32768 -32768 -32768 -32768 -32768 -32768 -32768 -32768 -32768 -32768 -32768 -32768 -32768 -32768 -32768 -32768 -32768 2 4 31 215 251 254 226 214 261 340 395 359 393 457 476 550 516 403 363 385 437 505 575 607 595 573 558 552 555 571 596 626 659 696 717 733 763 772 764 727 728 784 727 698 683 698 746 731 696 709 753
-32768 -32768 -32768 -32768 -32768 -32768 -32768 -32768 -32768 -32768 -32768 -32768 -32768 -32768 -32768 -32768 -32768 -32768 -32768 -32768 -32768 -32768 -32768 -32768 -32768 -32768 -32768 -32768 -32768 2 5 112 251 242 225 216 223 260 331 452 375 310 313 374 405 347 313 325 361 406 454 467 492 512 514 518 533 561 594 628 662 694 706 711 729 739 734 726 749 788 738 704 663 685 746 754 744 754 787
-32768 -32768 -32768 -32768 -32768 -32768 -32768 -32768 -32768 -32768 -32768 -32768 -32768 -32768 -32768 -32768 -32768 -32768 -32768 -32768 -32768 -32768 -32768 -32768 -32768 -32768 -32768 -32768 -32768 -32768 1 51 212 219 210 220 233 218 260 366 397 342 427 484 358 282 262 270 297 334 378 415 444 462 469 477 513 555 593 627 658 688 695 701 709 720 722 725 736 744 733 720 663 694 766 768 769 770 782
-32768 -32768 -32768 -32768 -32768 -32768 -32768 -32768 -32768 -32768 -32768 -32768 -32768 -32768 -32768 -32768 -32768 -32768 -32768 -32768 -32768 -32768 -32768 -32768 -32768 -32768 -32768 -32768 -32768 -32768 0 15 136 180 184 202 200 172 183 283 351 349 452 555 372 256 230 231 246 279 329 387 427 432 442 467 512 556 594 625 650 674 677 683 688 693 702 717 719 708 710 715 691 701 743 774 805 802 794
-32768 -32768 -32768 -32768 -32768 -32768 -32768 -32768 -32768 -32768 -32768 -32768 -32768 -32768 -32768 -32768 -32768 -32768 -32768 -32768 -32768 -32768 -32768 -32768 -32768 -32768 -32768 -32768 -32768 -32768 1 3 64 141 148 161 147 120 141 224 294 347 472 513 414 286 227 210 209 239 297 359 399 397 417 472 524 562 595 622 641 650 658 659 658 662 672 695 701 657 646 663 696 724 739 788 811 798 779
-32768 -32768 -32768 -32768 -32768 -32768 -32768 -32768 -32768 -32768 -32768 -32768 -32768 -32768 -32768 -32768 -32768 -32768 -32768 -32768 -32768 -32768 -32768 -32768 -32768 -32768 -32768 -32768 -32768 -32768 1 0 34 101 108 116 112 107 137 207 269 341 431 449 430 313 225 215 209 234 279 321 349 361 375 452 523 557 589 618 621 623 630 627 623 623 626 641 647 589 598 632 681 698 721 782 775 779 758
-32768 -32768 -32768 -32768 -32768 -32768 -32768 -32768 -32768 -32768 -32768 -32768 -32768 -32768 -32768 -32768 -32768 -32768 -32768 -32768 -32768 -32768 -32768 -32768 -32768 -32768 -32768 -32768 -32768 -32768 1 0 13 71 81 83 86 98 124 200 265 337 423 431 387 289 223 249 255 262 278 299 324 352 387 441 494 530 558 583 585 588 594 592 587 579 571 556 561 562 586 625 672 696 726 778 764 744 776
-32768 -32768 -32768 -32768 -32768 -32768 -32768 -32768 -32768 -32768 -32768 -32768 -32768 -32768 -32768 -32768 -32768 -32768 -32768 -32768 -32768 -32768 -32768 -32768 -32768 -32768 -32768 -32768 -32768 -32768 0 0 7 50 60 59 65 84 114 186 259 327 408 452 396 298 234 273 304 293 284 287 312 356 411 458 489 510 520 531 539 545 557 560 551 540 529 506 522 563 582 582 626 674 703 738 739 749 747
-32768 -32768 -32768 -32768 -32768 -32768 -32768 -32768 -32768 -32768 -32768 -32768 -32768 -32768 -32768 -32768 -32768 -32768 -32768 -32768 -32768 -32768 -32768 -32768 -32768 -32768 -32768 -32768 -32768 -32768 1 1 8 32 47 55 58 78 118 199 244 328 443 478 436 331 271 283 308 311 294 273 297 362 440 482 494 500 501 505 507 518 545 542 520 502 492 502 526 560 575 586 602 638 677 697 667 765 791
-32768 -32768 -32768 -32768 -32768 -32768 -32768 -32768 -32768 -32768 -32768 -32768 -32768 -32768 -32768 -32768 -32768 -32768 -32768 -32768 -32768 -32768 -32768 -32768 -32768 -32768 -32768 -32768 -32768 -32768 1 2 8 21 33 50 58 76 115 176 204 372 546 524 472 351 273 271 291 307 298 262 290 365 438 470 498 503 490 492 517 542 592 568 494 464 462 483 526 533 554 595 577 605 663 680 654 741 777
-32768 -32768 -32768 -32768 -32768 -32768 -32768 -32768 -32768 -32768 -32768 -32768 -32768 -32768 -32768 -32768 -32768 -32768 -32768 -32768 -32768 -32768 -32768 -32768 -32768 -32768 -32768 -32768 -32768 -32768 1 2 8 18 28 45 56 74 102 141 181 454 581 487 502 362 251 256 274 276 273 273 312 374 425 463 514 519 494 498 547 579 591 541 470 436 446 480 528 538 548 582 570 611 614 619 634 695 776
-32768 -32768 -32768 -32768 -32768 -32768 -32768 -32768 -32768 -32768 -32768 -32768 -32768 -32768 -32768 -32768 -32768 -32768 -32768 -32768 -32768 -32768 -32768 -32768 -32768 -32768 -32768 -32768 -32768 3 2 2 8 15 28 40 53 70 94 122 153 405 484 457 444 362 291 275 272 257 258 287 328 372 414 447 480 496 497 516 551 568 547 490 445 425 454 499 539 501 501 541 522 564 573 558 601 650 660
-32768 -32768 -32768 -32768 -32768 -32768 -32768 -32768 -32768 -32768 -32768 -32768 -32768 -32768 -32768 -32768 -32768 -32768 -32768 -32768 -32768 -32768 -32768 -32768 -32768 -32768 -32768 -32768 -32768 2 2 2 6 13 24 37 51 68 94 121 290 428 442 428 398 352 324 316 292 270 270 297 325 334 360 407 455 474 486 523 553 559 519 442 439 444 486 528 544 505 469 481 485 513 516 557 712 771 902
-32768 -32768 -32768 -32768 -32768 -32768 -32768 -32768 -32768 -32768 -32768 -32768 -32768 -32768 -32768 -32768 -32768 -32768 -32768 -32768 -32768 -32768 -32768 -32768 -32768 -32768 -32768 -32768 -32768 4 5 4 5 12 23 35 49 69 91 128 432 393 437 414 371 337 326 323 314 314 314 318 327 336 346 392 468 464 465 509 539 539 501 452 483 514 525 527 536 473 467 512 529 544 577 673 773 879 982
-32768 -32768 -32768 -32768 -32768 -32768 -32768 -32768 -32768 -32768 -32768 -32768 -32768 -32768 -32768 -32768 -32768 -32768 -32768 -32768 -32768 -32768 -32768 -32768 -32768 -32768 -32768 -32768 -32768 7 7 5 5 14 25 32 48 69 100 197 396 377 403 380 351 328 315 311 324 351 350 341 340 347 358 397 471 456 486 521 518 510 502 491 560 584 566 537 497 477 482 522 466 544 665 753 748 -32768 -32768
-32768 -32768 -32768 -32768 -32768 -32768 -32768 -32768 -32768 -32768 -32768 -32768 -32768 -32768 -32768 -32768 -32768 -32768 -32768 -32768 -32768 -32768 -32768 -32768 -32768 -32768 -32768 -32768 -32768 14 9 7 8 15 26 36 49 72 110 194 343 388 344 337 332 317 308 310 330 356 360 356 355 369 414 444 455 464 499 502 477 505 542 539 552 552 525 512 489 463 492 534 544 723 905 1014 -32768 -32768 -32768
-32768 -32768 -32768 -32768 -32768 -32768 -32768 -32768 -32768 -32768 -32768 -32768 -32768 -32768 -32768 -32768 -32768 -32768 -32768 -32768 -32768 -32768 -32768 -32768 -32768 -32768 -32768 -32768 -32768 13 9 7 10 18 27 38 56 77 104 154 274 398 380 346 326 308 302 312 339 365 363 365 368 387 440 463 462 446 463 492 469 470 530 559 590 557 518 503 490 463 487 450 486 761 885 -32768 -32768 -32768 -32768
-32768 -32768 -32768 -32768 -32768 -32768 -32768 -32768 -32768 -32768 94 94 -32768 -32768 -32768 -32768 -32768 -32768 -32768 -32768 -32768 -32768 -32768 -32768 -32768 -32768 -32768 -32768 -32768 13 12 9 12 24 35 40 58 83 107 171 315 408 409 358 321 300 299 313 346 373 373 377 386 406 453 456 426 426 431 477 476 478 492 550 569 565 575 516 474 453 452 445 522 692 -32768 -32768 -32768 -32768 -32768
-32768 -32768 -32768 -32768 -32768 -32768 -32768 -32768 -32768 -32768 -32768 -32768 -32768 -32768 -32768 -32768 -32768 -32768 -32768 -32768 -32768 -32768 -32768 -32768 -32768 -32768 -32768 -32768 -32768 28 15 14 17 32 44 51 67 87 118 209 469 414 377 345 313 296 304 326 357 382 379 396 416 441 449 421 426 480 500 508 454 458 473 501 525 550 610 546 484 460 451 468 523 595 -32768 -32768 -32768 -32768 -32768
-32768 -32768 -32768 -32768 -32768 -32768 -32768 -32768 -32768 -32768 -32768 -32768 -32768 -32768 -32768 -32768 -32768 -32768 -32768 -32768 -32768 -32768 -32768 -32768 -32768 -32768 -32768 -32768 -32768 30 21 17 23 42 51 57 78 101 138 327 432 385 338 321 305 301 314 340 376 403 401 417 442 446 419 378 417 517 510 493 471 465 466 481 504 533 550 534 502 466 446 473 534 575 578 -32768 -32768 -32768 -32768
-32768 -32768 -32768 -32768 -32768 -32768 -32768 -32768 -32768 -32768 -32768 -32768 -32768 -32768 -32768 -32768 -32768 -32768 -32768 -32768 -32768 -32768 -32768 -32768 -32768 -32768 -32768 -32768 25 25 22 21 31 51 60 76 102 146 201 306 367 356 320 302 295 300 318 349 390 427 420 419 418 407 413 426 427 457 452 474 491 482 480 494 506 528 533 506 487 458 431 474 541 573 540 -32768 -32768 -32768 -32768
-32768 -32768 -32768 -32768 -32768 -32768 -32768 -32768 -32768 -32768 -32768 -32768 -32768 -32768 -32768 -32768 -32768 -32768 -32768 -32768 -32768 -32768 -32768 -32768 -32768 -32768 -32768 -32768 31 29 27 29 38 57 77 98 127 165 197 253 302 313 300 292 288 296 320 350 383 408 416 410 386 372 396 427 435 444 459 486 505 500 489 483 487 499 511 510 501 472 453 485 514 494 -32768 -32768 -32768 -32768 -32768
-32768 -32768 -32768 -32768 -32768 -32768 -32768 -32768 -32768 -32768 -32768 -32768 -32768 -32768 -32768 -32768 -32768 -32768 -32768 -32768 -32768 -32768 -32768 -32768 -32768 -32768 -32768 45 40 34 34 39 43 68 87 113 139 173 197 223 248 276 290 299 303 309 331 353 373 392 412 418 377 365 386 415 429 441 461 486 498 494 485 466 448 452 455 476 506 503 488 454 449 437 -32768 -32768 -32768 -32768 -32768
-32768 -32768 -32768 -32768 -32768 -32768 -32768 -32768 -32768 -32768 -32768 -32768 -32768 -32768 -32768 -32768 -32768 -32768 -32768 -32768 -32768 -32768 -32768 -32768 -32768 -32768 -32768 48 46 42 48 46 47 68 92 125 154 182 193 212 236 263 295 328 332 337 347 358 367 375 390 429 376 364 382 408 427 428 453 482 488 480 467 453 438 467 479 447 481 534 517 397 398 -32768 -32768 -32768 -32768 -32768 -32768
-32768 -32768 -32768 -32768 -32768 -32768 -32768 -32768 -32768 -32768 -32768 -32768 -32768 -32768 -32768 -32768 -32768 -32768 -32768 -32768 -32768 -32768 -32768 -32768 -32768 -32768 -32768 58 55 51 56 57 48 69 94 131 157 175 188 211 233 258 303 358 360 359 363 363 362 360 361 378 368 364 377 406 422 397 428 467 463 443 432 429 427 442 445 409 393 424 431 393 -32768 -32768 -32768 -32768 -32768 -32768 -32768
