final project/Practice/maxentOut/bio12.asc
NCOLS 186 
NROWS 192 
XLLCORNER -125 
YLLCORNER -56 
CELLSIZE 0.5 
NODATA_value -9999 
[rows 128 to 159 of 192, columns 73 to 145 of 186]
-9999 -9999 -9999 -9999 -9999 -9999 -9999 -9999 -9999 -9999 -9999 -9999 -9999 -9999 -9999 -9999 -9999 -9999 -9999 -9999 -9999 -9999 -9999 -9999 -9999 -9999 -9999 -9999 -9999 -9999 -9999 -9999 -9999 -9999 -9999 3.35 3.35 4.69 6.7 11.39 20.77 30.15 42.88 62.31 83.75 120.6 467.66 439.52 510.54 512.55 475.03 448.23 445.55 456.27 471.01 497.14 529.97 576.87 628.46 668.66 696.13 773.85 880.38 907.18 939.34 1017.06 1080.04 1094.78 1065.3 1000.31 1035.82 1041.85 1031.13
-9999 -9999 -9999 -9999 -9999 -9999 -9999 -9999 -9999 -9999 -9999 -9999 -9999 -9999 -9999 -9999 -9999 -9999 -9999 -9999 -9999 -9999 -9999 -9999 -9999 -9999 -9999 -9999 -9999 -9999 -9999 -9999 -9999 -9999 -9999 7.37 5.36 4.69 7.37 15.41 24.12 27.47 43.55 62.98 93.8 190.28 418.75 418.75 465.65 470.34 452.92 442.2 446.89 469 510.54 570.17 595.63 616.4 653.92 701.49 695.46 777.2 917.9 911.2 975.52 1053.91 1059.27 1084.73 1102.82 1074.68 1153.74 1118.23 1118.23
-9999 -9999 -9999 -9999 -9999 -9999 -9999 -9999 -9999 -9999 -9999 -9999 -9999 -9999 -9999 -9999 -9999 -9999 -9999 -9999 -9999 -9999 -9999 -9999 -9999 -9999 -9999 -9999 -9999 -9999 -9999 -9999 -9999 -9999 -9999 13.4 7.37 6.03 10.05 18.09 28.14 36.18 46.23 69.01 99.16 184.25 357.11 443.54 412.72 420.76 430.14 430.81 442.2 474.36 529.3 586.25 613.05 639.85 676.03 720.25 767.82 897.13 934.65 957.43 1027.11 1090.09 1033.14 1100.81 1176.52 1214.71 1224.09 1196.62 1172.5
-9999 -9999 -9999 -9999 -9999 -9999 -9999 -9999 -9999 -9999 -9999 -9999 -9999 -9999 -9999 -9999 -9999 -9999 -9999 -9999 -9999 -9999 -9999 -9999 -9999 -9999 -9999 -9999 -9999 -9999 -9999 -9999 -9999 -9999 -9999 12.06 8.04 6.03 13.4 23.45 30.82 39.53 57.62 77.05 92.46 142.71 284.08 460.96 454.26 428.8 420.09 417.41 429.47 469 542.7 609.03 613.05 657.27 706.18 763.13 858.27 935.99 977.53 988.25 1023.76 1080.71 1062.62 1100.14 1173.17 1220.07 1279.03 1234.81 1218.06
-9999 -9999 -9999 -9999 -9999 -9999 -9999 -9999 -9999 -9999 -9999 -9999 -9999 -9999 -9999 -9999 107.87 107.87 -9999 -9999 -9999 -9999 -9999 -9999 -9999 -9999 -9999 -9999 -9999 -9999 -9999 -9999 -9999 -9999 -9999 12.06 10.05 8.04 17.42 33.5 42.21 43.55 60.3 85.76 106.53 170.18 352.42 471.01 485.08 440.19 413.39 406.02 422.1 462.3 552.08 626.45 641.86 690.77 746.38 804.67 921.25 951.4 950.73 941.35 962.12 1078.7 1104.83 1092.1 1160.44 1285.06 1333.3 1320.57 1367.47
-9999 -9999 -9999 -9999 -9999 -9999 -9999 -9999 -9999 -9999 -9999 -9999 -9999 -9999 -9999 -9999 -9999 -9999 -9999 -9999 -9999 -9999 -9999 -9999 -9999 -9999 -9999 -9999 -9999 -9999 -9999 -9999 -9999 -9999 -9999 24.12 12.73 14.07 28.14 46.23 55.61 56.95 71.69 87.1 114.57 228.47 582.9 499.15 454.26 427.46 407.36 406.69 438.18 494.46 574.86 645.88 675.36 734.32 799.98 861.62 902.49 892.44 939.34 1061.95 1091.43 1155.08 1062.62 1072 1172.5 1247.54 1296.45 1354.07 1464.62
-9999 -9999 -9999 -9999 -9999 -9999 -9999 -9999 -9999 -9999 -9999 -9999 -9999 -9999 -9999 -9999 -9999 -9999 -9999 -9999 -9999 -9999 -9999 -9999 -9999 -9999 -9999 -9999 -9999 -9999 -9999 -9999 -9999 -9999 -9999 25.46 16.75 19.43 39.53 64.32 66.33 59.63 82.41 101.17 146.73 464.98 621.76 483.74 416.07 405.35 404.01 421.43 464.31 529.3 611.71 686.08 719.58 771.84 842.86 864.97 845.54 821.42 911.2 1127.61 1154.41 1161.78 1115.55 1129.62 1163.12 1206.67 1236.82 1285.73 1295.78
-9999 -9999 -9999 -9999 -9999 -9999 -9999 -9999 -9999 -9999 -9999 -9999 -9999 -9999 -9999 -9999 -9999 -9999 -9999 -9999 -9999 -9999 -9999 -9999 -9999 -9999 -9999 -9999 -9999 -9999 -9999 -9999 -9999 -9999 22.11 20.77 20.1 29.48 55.61 78.39 75.04 76.38 103.85 158.79 233.83 397.98 514.56 460.96 397.98 388.6 399.32 430.81 484.41 554.09 639.18 722.26 753.08 777.2 797.3 793.28 832.81 912.54 969.49 1060.61 1082.05 1132.97 1171.16 1181.21 1193.27 1219.4 1214.71 1225.43 1214.04
-9999 -9999 -9999 -9999 -9999 -9999 -9999 -9999 -9999 -9999 -9999 -9999 -9999 -9999 -9999 -9999 -9999 -9999 -9999 -9999 -9999 -9999 -9999 -9999 -9999 -9999 -9999 -9999 -9999 -9999 -9999 -9999 -9999 -9999 26.8 27.47 28.14 46.9 67 81.74 87.1 100.5 129.31 184.92 229.14 304.18 385.92 402.67 385.92 387.26 402 440.86 499.82 568.83 642.53 709.53 752.41 765.81 743.03 732.98 792.61 881.72 958.77 1010.36 1049.22 1109.52 1195.95 1243.52 1220.07 1191.93 1173.17 1155.08 1164.46
-9999 -9999 -9999 -9999 -9999 -9999 -9999 -9999 -9999 -9999 -9999 -9999 -9999 -9999 -9999 -9999 -9999 -9999 -9999 -9999 -9999 -9999 -9999 -9999 -9999 -9999 -9999 -9999 -9999 -9999 -9999 -9999 -9999 38.86 36.18 33.5 38.19 71.02 73.7 86.43 91.12 123.95 148.74 192.96 231.82 274.7 314.9 355.77 384.58 411.38 436.84 472.35 524.61 582.23 639.85 696.8 749.06 779.88 741.69 734.99 791.27 862.96 929.29 974.85 1019.07 1099.47 1195.28 1238.83 1220.74 1169.15 1108.18 1080.04 1110.86
-9999 -9999 -9999 -9999 -9999 -9999 -9999 -9999 -9999 -9999 -9999 -9999 -9999 -9999 -9999 -9999 -9999 -9999 -9999 -9999 -9999 -9999 -9999 -9999 -9999 -9999 -9999 -9999 -9999 -9999 -9999 -9999 -9999 42.88 42.88 40.87 63.65 83.75 78.39 85.09 99.16 138.69 169.51 213.73 241.87 264.65 294.13 339.02 396.64 460.96 488.43 517.91 553.42 593.62 635.16 676.03 723.6 789.26 749.73 742.36 786.58 848.22 916.56 932.64 1003.66 1102.82 1174.51 1206 1195.95 1161.11 1070.66 1011.03 961.45
-9999 -9999 -9999 -9999 -9999 -9999 -9999 -9999 -9999 -9999 -9999 -9999 -9999 -9999 -9999 -9999 -9999 -9999 -9999 -9999 -9999 -9999 -9999 -9999 -9999 -9999 -9999 -9999 -9999 -9999 -9999 -9999 -9999 54.94 53.6 49.58 76.38 101.84 83.75 88.44 102.51 144.05 180.23 215.74 237.85 266.66 296.14 337.68 416.74 514.56 536.67 555.43 581.56 605.01 630.47 653.92 676.03 707.52 718.24 728.96 735.66 801.32 883.06 848.89 970.16 1088.75 1116.89 1114.88 1116.22 1104.16 1021.08 933.31 877.7
-9999 -9999 -9999 -9999 -9999 -9999 -9999 -9999 -9999 -9999 -9999 -9999 -9999 -9999 -9999 -9999 -9999 -9999 -9999 -9999 -9999 -9999 -9999 -9999 -9999 -9999 -9999 -9999 -9999 -9999 -9999 -9999 -9999 73.7 70.35 64.32 93.8 119.93 66.33 85.09 102.51 145.39 181.57 216.41 253.26 283.41 308.87 344.38 432.82 521.26 554.76 574.19 594.29 613.05 628.46 644.54 662.63 678.71 702.83 737.67 781.89 871 868.32 858.94 933.31 1013.71 1038.5 1028.45 1024.43 1024.43 984.23 948.72 925.94
-9999 -9999 -9999 -9999 -9999 -9999 -9999 -9999 -9999 -9999 -9999 -9999 -9999 -9999 -9999 -9999 -9999 -9999 -9999 -9999 -9999 -9999 -9999 -9999 -9999 -9999 -9999 -9999 -9999 -9999 -9999 -9999 -9999 91.12 101.17 93.13 113.9 105.19 85.09 84.42 95.81 140.03 186.26 237.85 286.76 307.53 335 383.24 466.32 523.94 554.76 574.86 593.62 613.72 627.12 641.19 659.28 688.76 717.57 757.77 817.4 878.37 887.75 889.09 919.91 981.55 957.43 932.64 943.36 956.09 964.13 990.93 968.82
-9999 -9999 -9999 -9999 -9999 -9999 -9999 -9999 -9999 -9999 -9999 -9999 -9999 -9999 -9999 -9999 -9999 -9999 -9999 -9999 -9999 -9999 -9999 -9999 -9999 -9999 -9999 -9999 -9999 -9999 -9999 -9999 -9999 109.21 134 129.98 142.04 115.91 92.46 87.77 92.46 146.06 188.94 247.9 296.14 321.6 369.17 426.79 485.08 533.99 552.08 567.49 587.59 614.39 625.78 637.17 655.26 688.76 721.59 761.12 822.76 873.01 875.69 876.36 903.16 911.87 889.76 851.57 831.47 879.71 929.96 970.83 944.7
-9999 -9999 -9999 -9999 -9999 -9999 -9999 -9999 -9999 -9999 -9999 -9999 -9999 -9999 -9999 -9999 -9999 -9999 -9999 -9999 -9999 -9999 -9999 -9999 -9999 -9999 -9999 -9999 -9999 -9999 -9999 -9999 -9999 132.66 154.1 158.79 167.5 128.64 119.26 98.49 90.45 133.33 187.6 246.56 300.83 335 379.89 436.84 468.33 525.28 540.02 556.77 582.9 611.71 633.82 653.25 661.96 685.41 714.22 752.41 803.33 844.87 851.57 848.89 854.92 850.9 843.53 818.07 785.91 824.77 889.09 912.54 899.14
-9999 -9999 -9999 -9999 -9999 -9999 -9999 -9999 -9999 -9999 -9999 -9999 -9999 -9999 -9999 -9999 -9999 -9999 -9999 -9999 -9999 -9999 -9999 -9999 -9999 -9999 -9999 -9999 -9999 -9999 -9999 -9999 -9999 178.22 191.62 187.6 201.67 178.89 131.99 114.57 106.53 142.04 197.65 258.62 318.25 364.48 400.66 444.88 485.08 525.28 520.59 548.73 579.55 608.36 640.52 661.96 659.28 675.36 704.84 732.31 772.51 812.71 816.06 800.65 793.28 804 817.4 822.09 824.1 827.45 843.53 848.22 829.46
-9999 -9999 -9999 -9999 -9999 -9999 -9999 -9999 -9999 -9999 -9999 -9999 -9999 -9999 -9999 -9999 -9999 -9999 -9999 -9999 -9999 -9999 -9999 -9999 -9999 -9999 -9999 -9999 -9999 -9999 -9999 -9999 -9999 254.6 253.26 208.37 243.21 225.12 163.48 131.99 123.95 154.1 207.03 283.41 350.41 397.31 430.81 474.36 518.58 531.31 523.94 552.08 574.19 598.31 631.14 659.28 639.18 667.32 700.82 701.49 722.26 781.22 799.98 784.57 773.18 793.28 826.11 847.55 838.17 814.72 812.04 812.71 812.04
-9999 -9999 -9999 -9999 -9999 -9999 -9999 -9999 -9999 -9999 -9999 -9999 -9999 -9999 -9999 -9999 -9999 -9999 -9999 -9999 -9999 -9999 -9999 -9999 -9999 -9999 -9999 -9999 -9999 -9999 -9999 -9999 -9999 368.5 324.28 255.94 310.88 277.38 202.34 163.48 146.06 165.49 213.73 296.14 373.19 404.68 446.22 494.46 539.35 541.36 536 543.37 560.79 584.24 606.35 629.13 625.11 663.97 695.46 652.58 656.6 750.4 801.32 830.8 834.15 831.47 849.56 845.54 816.06 798.64 796.63 797.97 -9999
-9999 -9999 -9999 -9999 -9999 -9999 -9999 -9999 -9999 -9999 -9999 -9999 -9999 -9999 -9999 684.07 -9999 -9999 666.65 664.64 -9999 -9999 -9999 -9999 -9999 -9999 -9999 -9999 -9999 -9999 -9999 -9999 -9999 344.38 313.56 353.09 410.71 319.59 246.56 211.72 185.59 184.92 221.1 282.07 349.74 382.57 436.84 477.04 512.55 531.31 528.63 529.97 550.07 580.22 607.69 625.78 637.84 666.65 673.35 625.11 607.02 727.62 808.69 854.25 855.59 851.57 856.26 832.81 800.65 783.23 783.9 -9999 -9999
-9999 -9999 -9999 -9999 -9999 -9999 -9999 -9999 -9999 -9999 -9999 -9999 -9999 -9999 -9999 -9999 -9999 -9999 -9999 -9999 -9999 -9999 -9999 -9999 -9999 -9999 -9999 -9999 -9999 -9999 -9999 -9999 399.32 405.35 375.2 461.63 487.76 357.78 279.39 228.47 209.04 201.67 225.79 273.36 321.6 355.1 392.62 437.51 480.39 505.18 500.49 515.23 546.05 583.57 620.42 641.86 653.25 681.39 686.08 660.62 665.31 740.35 781.89 824.1 804.67 817.4 841.52 810.03 771.84 759.11 -9999 -9999 -9999
-9999 -9999 -9999 -9999 -9999 -9999 -9999 -9999 -9999 -9999 -9999 -9999 -9999 -9999 -9999 -9999 -9999 -9999 -9999 -9999 -9999 -9999 -9999 -9999 -9999 -9999 -9999 -9999 -9999 -9999 -9999 -9999 527.29 517.24 536.67 625.78 462.97 365.15 254.6 214.4 207.03 196.98 220.43 263.31 302.17 326.96 350.41 403.34 453.59 474.36 481.73 504.51 542.7 589.6 637.84 660.62 649.9 686.08 706.18 684.07 664.64 643.87 741.02 697.47 667.32 733.65 749.06 730.3 729.63 738.34 -9999 -9999 -9999
-9999 -9999 -9999 -9999 -9999 -9999 -9999 -9999 -9999 -9999 -9999 -9999 -9999 -9999 -9999 -9999 -9999 -9999 -9999 -9999 -9999 -9999 -9999 -9999 -9999 -9999 -9999 -9999 -9999 -9999 -9999 543.37 600.32 558.78 617.74 619.75 451.58 298.82 187.6 182.24 184.92 186.26 213.73 255.94 296.14 327.63 357.78 398.65 434.16 450.91 464.31 491.78 536.67 592.95 653.25 680.72 659.28 663.3 674.02 659.95 646.55 641.19 620.42 -9999 -9999 -9999 -9999 -9999 -9999 -9999 -9999 -9999 -9999
-9999 -9999 -9999 -9999 -9999 -9999 -9999 -9999 -9999 -9999 -9999 -9999 -9999 -9999 -9999 -9999 -9999 -9999 -9999 -9999 -9999 -9999 -9999 -9999 -9999 -9999 -9999 -9999 -9999 -9999 -9999 570.17 609.03 616.4 710.2 556.77 402.67 260.63 162.81 168.84 172.86 182.24 211.72 259.29 308.87 346.39 377.88 407.36 432.82 447.56 450.91 477.04 535.33 598.98 650.57 675.36 661.29 651.91 643.2 639.85 636.5 609.7 580.89 -9999 -9999 -9999 -9999 -9999 -9999 -9999 -9999 -9999 -9999
-9999 -9999 -9999 -9999 -9999 -9999 -9999 -9999 -9999 -9999 -9999 -9999 -9999 -9999 -9999 -9999 -9999 -9999 -9999 -9999 -9999 -9999 -9999 -9999 -9999 -9999 -9999 -9999 -9999 -9999 -9999 670 603.67 783.23 732.31 516.57 369.84 225.79 177.55 143.38 150.08 176.21 213.73 280.73 332.99 359.79 385.25 409.37 433.49 438.85 449.57 480.39 538.68 596.3 626.45 639.85 641.19 637.17 628.46 623.1 619.75 576.2 436.84 605.01 -9999 -9999 -9999 -9999 -9999 -9999 -9999 -9999 -9999
-9999 -9999 -9999 -9999 -9999 -9999 -9999 -9999 -9999 -9999 -9999 -9999 -9999 -9999 -9999 -9999 -9999 -9999 -9999 -9999 -9999 -9999 -9999 -9999 -9999 -9999 -9999 -9999 -9999 559.45 681.39 860.28 715.56 859.61 706.85 487.76 337.01 174.2 137.35 120.6 137.35 168.84 218.42 291.45 327.63 343.04 359.79 381.23 402 422.1 451.58 489.77 538.68 576.87 594.29 602.33 608.36 615.73 616.4 601.66 576.87 496.47 406.69 560.12 -9999 -9999 -9999 -9999 -9999 -9999 -9999 -9999 -9999
-9999 -9999 -9999 -9999 -9999 -9999 -9999 -9999 -9999 -9999 -9999 -9999 -9999 -9999 -9999 -9999 -9999 -9999 -9999 -9999 -9999 -9999 -9999 -9999 -9999 -9999 -9999 -9999 -9999 774.52 927.28 888.42 857.6 961.45 745.71 475.7 251.25 136.68 103.85 108.54 125.96 158.12 201.67 249.91 283.41 302.17 316.24 325.62 337.68 387.26 434.16 483.74 529.3 558.11 558.78 556.77 562.13 564.81 582.9 572.85 554.09 519.92 519.25 577.54 -9999 -9999 -9999 -9999 -9999 -9999 -9999 -9999 -9999
-9999 -9999 -9999 -9999 -9999 -9999 -9999 -9999 -9999 -9999 -9999 -9999 -9999 -9999 -9999 -9999 -9999 -9999 -9999 -9999 -9999 -9999 -9999 -9999 -9999 -9999 -9999 -9999 -9999 1019.74 1059.94 866.98 914.55 1210.69 852.24 501.83 232.49 118.59 95.81 101.17 117.25 145.39 179.56 216.41 241.87 258.62 274.7 289.44 314.23 356.44 404.01 464.31 511.88 520.59 519.25 519.25 526.62 521.93 540.69 559.45 555.43 564.81 557.44 -9999 -9999 -9999 -9999 -9999 -9999 -9999 -9999 -9999 -9999
-9999 -9999 -9999 -9999 -9999 -9999 -9999 -9999 -9999 -9999 -9999 -9999 -9999 -9999 -9999 -9999 -9999 -9999 -9999 -9999 -9999 -9999 -9999 -9999 -9999 -9999 -9999 -9999 -9999 858.94 956.09 778.54 1032.47 1375.51 980.88 485.75 213.06 111.89 95.81 99.16 109.21 132.66 162.14 196.31 217.08 227.13 240.53 257.28 282.74 320.93 365.15 416.07 462.97 475.03 475.03 487.76 509.87 517.91 542.7 572.18 570.84 573.52 -9999 -9999 -9999 -9999 -9999 -9999 -9999 -9999 -9999 -9999 -9999
-9999 -9999 -9999 -9999 -9999 -9999 -9999 -9999 -9999 -9999 -9999 -9999 -9999 -9999 -9999 -9999 -9999 -9999 -9999 -9999 -9999 -9999 -9999 -9999 -9999 -9999 -9999 -9999 -9999 837.5 838.17 812.71 1200.64 1229.45 813.38 420.09 182.24 109.21 97.82 94.47 107.2 123.95 150.08 196.98 210.38 206.36 211.05 225.79 245.22 274.03 311.55 353.76 396.64 408.7 410.04 440.19 475.7 503.17 540.02 585.58 586.25 -9999 -9999 -9999 -9999 -9999 -9999 -9999 -9999 -9999 -9999 -9999 -9999
-9999 -9999 -9999 -9999 -9999 -9999 -9999 -9999 -9999 -9999 -9999 -9999 -9999 -9999 -9999 -9999 -9999 -9999 -9999 -9999 -9999 -9999 -9999 -9999 -9999 -9999 -9999 -9999 -9999 -9999 1212.7 1235.48 1519.56 1122.25 625.11 342.37 182.91 115.91 92.46 88.44 101.84 120.6 150.08 215.07 207.03 187.6 189.61 201 215.74 238.52 266.66 296.14 335.67 369.84 375.2 -9999 -9999 -9999 -9999 -9999 -9999 -9999 -9999 -9999 -9999 -9999 -9999 -9999 -9999 -9999 -9999 -9999 -9999
-9999 -9999 -9999 -9999 -9999 -9999 -9999 -9999 -9999 -9999 -9999 -9999 -9999 -9999 -9999 -9999 -9999 -9999 -9999 -9999 -9999 -9999 -9999 -9999 -9999 -9999 -9999 -9999 -9999 1569.14 1455.24 1368.14 1404.32 966.81 544.71 305.52 188.27 131.32 95.14 90.45 103.18 122.61 152.09 184.25 188.94 178.89 178.22 184.92 196.31 215.07 235.84 259.29 294.13 -9999 -9999 -9999 -9999 -9999 -9999 -9999 -9999 -9999 -9999 -9999 -9999 -9999 -9999 -9999 -9999 -9999 -9999 -9999 -9999
