final project/Practice/maxentOut/bio12.asc
NCOLS 186 
NROWS 192 
XLLCORNER -125 
YLLCORNER -56 
CELLSIZE 0.5 
NODATA_value -9999 
[rows 64 to 95 of 192, columns 73 to 145 of 186]
-9999 -9999 -9999 -9999 -9999 -9999 -9999 -9999 -9999 -9999 -9999 -9999 2131.94 2221.72 2091.07 1516.21 909.86 891.1 -9999 -9999 1959.08 1973.15 1813.02 1970.47 1776.17 1728.6 2060.92 2666.6 1888.06 1583.88 1189.92 970.83 928.62 1274.34 1176.52 1136.32 1226.77 1132.97 1055.25 1032.47 1049.89 1153.07 1074.01 1026.44 1020.41 1039.84 993.61 922.59 871.67 811.37 793.95 803.33 735.66 809.36 1033.81 1313.87 1567.8 1749.37 1754.06 1705.15 -9999 -9999 -9999 -9999 -9999 -9999 -9999 -9999 -9999 -9999 -9999 -9999 -9999
-9999 -9999 -9999 -9999 -9999 -9999 -9999 -9999 -9999 -9999 -9999 -9999 2013.35 2192.91 2258.57 1790.24 1189.25 -9999 -9999 -9999 2583.52 2491.73 2283.36 2692.06 1899.45 1982.53 2627.07 2507.81 2052.21 1854.56 1195.95 781.22 1704.48 1798.28 1367.47 1131.63 1201.31 1187.24 1241.51 1214.71 1137.66 1214.04 1206.67 1145.03 1134.31 1187.91 1296.45 1160.44 1106.84 1005.67 930.63 903.83 877.03 816.06 962.79 1200.64 1421.74 1571.15 1617.38 1627.43 1597.95 -9999 -9999 -9999 -9999 -9999 -9999 -9999 -9999 -9999 -9999 -9999 -9999
-9999 -9999 -9999 -9999 -9999 -9999 -9999 -9999 -9999 -9999 -9999 -9999 -9999 -9999 -9999 -9999 -9999 -9999 -9999 -9999 -9999 2866.26 3025.72 2943.98 1801.63 1500.8 1953.05 1911.51 1987.89 1766.12 1091.43 990.93 1530.95 2035.46 1514.2 1247.54 1254.24 1339.33 1535.64 1485.39 1370.82 1365.46 1373.5 1298.46 1435.81 1400.3 1474.67 1428.44 1444.52 1276.35 1187.24 1217.39 1146.37 1030.46 1051.9 1134.31 1342.01 1486.06 1442.51 1386.9 1529.61 1305.83 -9999 -9999 -9999 -9999 -9999 -9999 -9999 -9999 -9999 -9999 -9999
-9999 -9999 -9999 -9999 -9999 -9999 -9999 -9999 -9999 -9999 -9999 -9999 -9999 -9999 -9999 -9999 -9999 -9999 -9999 -9999 -9999 -9999 3802.25 4218.32 2380.51 1343.35 1847.19 1784.88 1739.32 1867.29 1709.17 1021.08 1356.08 1893.42 1541.67 1384.89 1386.23 1470.65 1545.02 1520.23 1488.07 1444.52 1517.55 1654.23 1679.69 1675.67 1795.6 1847.19 1914.19 1859.92 1772.15 1640.16 1532.96 1543.01 1377.52 992.94 1327.27 1562.44 1516.21 1376.18 1311.19 958.1 1191.26 1191.93 -9999 -9999 1145.7 -9999 -9999 -9999 -9999 -9999 -9999
-9999 -9999 -9999 -9999 -9999 -9999 -9999 -9999 -9999 -9999 -9999 -9999 -9999 -9999 -9999 -9999 -9999 -9999 -9999 -9999 -9999 3989.85 4196.88 4750.97 3437.77 1675 2012.68 1673.66 1699.12 1161.78 844.2 919.91 1757.41 1602.64 1419.06 1417.72 1492.76 1593.93 1664.95 1659.59 1587.9 1516.88 1717.21 1880.02 1902.13 1839.15 2010.67 2127.92 2109.83 2144.67 2293.41 2042.16 1830.44 1496.11 1206 1021.08 1238.16 1618.05 1780.19 1799.62 1620.73 1274.34 1275.68 1287.74 1165.8 1433.13 1390.92 1462.61 1486.73 1413.03 1653.56 -9999 -9999
-9999 -9999 -9999 -9999 -9999 -9999 -9999 -9999 -9999 -9999 -9999 -9999 -9999 -9999 -9999 -9999 -9999 -9999 -9999 -9999 -9999 4038.09 4500.39 5146.94 3284.34 1549.04 1680.36 1471.32 1264.96 651.91 1070.66 1951.04 1748.7 1353.4 1277.02 1444.52 1610.68 1729.94 1828.43 1840.49 1745.35 1661.6 1863.94 1950.37 1810.34 1750.04 2076.33 2333.61 2310.16 2493.07 2618.36 2504.46 1947.02 1815.7 1414.37 1153.07 1206 1687.73 2008.66 1886.05 1685.05 1488.07 1409.01 1496.11 1464.62 1486.73 1504.15 1499.46 1648.87 1697.11 1802.97 1918.21 1924.24
-9999 -9999 -9999 -9999 -9999 -9999 -9999 -9999 -9999 -9999 -9999 -9999 -9999 -9999 -9999 -9999 -9999 -9999 -9999 -9999 -9999 -9999 4537.91 4218.99 1648.2 1382.88 1346.7 1004.33 705.51 1051.23 2482.35 1954.39 1498.12 1364.79 1353.4 1642.17 1760.76 1841.83 1918.21 1934.96 1915.53 1961.76 2033.45 2095.09 1852.55 1821.73 1982.53 2245.84 2245.17 2375.82 2472.3 2289.39 1999.95 1756.74 1358.09 1004.33 878.37 1232.13 1585.22 1622.07 1607.33 1519.56 1506.83 1581.87 1557.08 1497.45 1551.72 1595.27 1642.84 1707.83 1866.62 2223.73 2385.87
-9999 -9999 -9999 -9999 -9999 -9999 -9999 -9999 -9999 -9999 -9999 -9999 -9999 -9999 -9999 -9999 -9999 -9999 -9999 -9999 -9999 4706.75 4785.14 3090.04 983.56 1107.51 1136.99 1013.71 878.37 2113.85 2178.17 1769.47 1537.65 1496.11 1542.34 1746.69 1846.52 1916.2 1965.78 1981.19 1975.16 2007.99 2084.37 2051.54 1995.93 2025.41 2079.68 2072.31 2016.7 2021.39 2038.14 1916.2 1702.47 1433.13 1103.49 777.87 629.13 764.47 1122.25 1333.97 1431.79 1471.99 1545.69 1634.13 1692.42 1595.94 1604.65 1723.91 1652.22 1647.53 1876.67 2286.71 2442.15
-9999 -9999 -9999 -9999 -9999 -9999 -9999 -9999 -9999 -9999 -9999 -9999 -9999 1233.47 -9999 -9999 -9999 -9999 -9999 -9999 -9999 -9999 4706.08 1672.32 901.82 1317.22 1264.29 1143.02 1187.24 2192.91 1739.99 1608.67 1571.82 1565.79 1569.81 1715.2 1857.91 1943 1993.25 2009.33 1982.53 1979.85 2154.05 2177.5 2233.11 2135.29 1971.81 1908.16 1803.64 1704.48 1626.09 1610.68 1441.17 1243.52 1001.65 875.02 843.53 864.97 936.66 1141.01 1281.71 1376.18 1482.04 1603.31 1759.42 1685.72 1672.32 1713.86 1636.81 1601.97 1681.7 1929.6 2091.74
-9999 -9999 -9999 -9999 -9999 -9999 -9999 -9999 -9999 -9999 -9999 -9999 -9999 -9999 -9999 -9999 -9999 -9999 -9999 -9999 3214.66 4649.13 4583.47 1605.99 1118.23 1487.4 1136.32 1130.96 1766.79 1882.03 1872.65 1760.09 1672.99 1663.61 1697.78 1789.57 1892.75 1989.9 2052.21 2081.02 2085.04 2075.66 2101.79 2211.67 2314.18 2131.94 1767.46 1724.58 1646.86 1496.78 1388.24 1344.69 1316.55 1212.03 1079.37 986.91 1018.4 1044.53 1023.76 1074.68 1208.68 1308.51 1360.77 1398.96 1479.36 1534.97 1581.87 1617.38 1637.48 1605.99 1608.67 1693.09 1788.9
-9999 -9999 -9999 -9999 -9999 -9999 -9999 -9999 -9999 -9999 -9999 -9999 -9999 -9999 -9999 -9999 -9999 -9999 -9999 2446.17 2839.46 4033.4 4243.11 1776.84 1230.12 1184.56 1052.57 1216.05 1918.21 1855.9 1783.54 1731.28 1692.42 1717.88 1774.16 1863.27 1964.44 2045.51 2111.17 2166.11 2227.08 2263.93 2097.77 2231.1 2292.74 2021.39 1668.97 1540.33 1594.6 1445.86 1309.18 1259.6 1250.89 1224.76 1189.92 1063.29 1061.95 1037.83 992.27 1078.03 1197.96 1277.02 1310.52 1301.14 1284.39 1309.85 1419.06 1491.42 1541.67 1562.44 1581.87 1623.41 1725.25
-9999 -9999 -9999 -9999 -9999 -9999 -9999 -9999 -9999 -9999 -9999 -9999 -9999 -9999 -9999 -9999 -9999 -9999 -9999 2195.59 2792.56 2814 1859.92 1494.77 1221.41 1023.76 1243.52 1421.74 1800.29 1663.61 1610.01 1652.89 1691.08 1760.76 1848.53 1937.64 2030.1 2115.19 2174.82 2236.46 2328.25 2373.14 2315.52 2262.59 2191.57 1936.97 1665.62 1549.71 1457.92 1394.94 1313.87 1225.43 1211.36 1201.31 1157.09 1107.51 1142.35 1122.25 1103.49 1149.72 1220.74 1281.71 1330.62 1331.29 1254.91 1217.39 1315.88 1410.35 1463.95 1527.6 1572.49 1618.05 1721.9
-9999 -9999 -9999 -9999 -9999 -9999 -9999 -9999 -9999 -9999 -9999 -9999 -9999 -9999 -9999 -9999 -9999 -9999 1363.45 1817.04 3229.4 2168.12 1166.47 1289.75 1314.54 1521.57 1842.5 1786.89 1666.29 1585.22 1577.85 1642.17 1720.56 1816.37 1918.88 2007.99 2124.57 2198.27 2212.34 2240.48 2393.91 2414.68 2312.84 2192.91 2078.34 1945.68 1780.19 1665.62 1536.31 1336.65 1244.86 1214.71 1219.4 1248.21 1190.59 1195.28 1216.72 1213.37 1220.07 1241.51 1303.15 1331.29 1369.48 1374.84 1357.42 1285.73 1303.15 1353.4 1418.39 1494.77 1569.81 1618.72 1686.39
-9999 -9999 -9999 -9999 -9999 -9999 -9999 -9999 -9999 -9999 -9999 -9999 -9999 -9999 -9999 -9999 -9999 643.2 1244.86 1843.17 2773.8 1337.99 1099.47 1863.94 2244.5 2406.64 2077.67 1850.54 1731.28 1664.28 1653.56 1710.51 1768.8 1854.56 1959.75 2068.29 2203.63 2291.4 2269.96 2228.42 2392.57 2374.48 2201.62 2096.43 2062.26 2008.66 1871.98 1733.96 1579.86 1471.99 1336.65 1229.45 1237.49 1249.55 1251.56 1279.7 1305.16 1258.93 1315.21 1362.11 1407 1426.43 1415.71 1419.06 1402.31 1359.43 1342.01 1360.77 1415.71 1492.76 1562.44 1618.05 1654.9
-9999 -9999 -9999 -9999 -9999 -9999 -9999 -9999 -9999 -9999 -9999 -9999 -9999 -9999 -9999 -9999 1116.89 931.97 1522.24 1754.73 1052.57 755.09 1337.99 2387.21 2645.83 2310.16 1914.86 1843.84 1818.38 1773.49 1763.44 1793.59 1827.76 1896.77 1980.52 2087.72 2198.27 2303.46 2364.43 2338.3 2337.63 2218.37 2072.31 2201.62 2135.96 2016.03 1871.31 1743.34 1696.44 1590.58 1474.67 1306.5 1321.24 1337.32 1295.11 1273 1286.4 1287.07 1392.93 1444.52 1453.9 1491.42 1487.4 1475.34 1460.6 1417.72 1390.92 1388.91 1434.47 1509.51 1571.15 1640.83 1638.15
-9999 -9999 -9999 -9999 -9999 -9999 -9999 -9999 -9999 -9999 -9999 -9999 -9999 -9999 -9999 -9999 859.61 1242.18 1892.08 1435.14 682.73 1000.98 1951.04 2320.88 2362.42 2087.05 1862.6 1924.91 1928.26 1873.32 1851.21 1865.95 1888.06 1933.62 1983.87 2054.22 2119.88 2222.39 2321.55 2354.38 2373.81 2148.69 1922.23 1970.47 1975.16 1898.78 1811.68 1776.17 1823.07 1741.33 1532.29 1457.25 1510.18 1484.72 1335.98 1231.46 1273 1345.36 1428.44 1478.69 1498.79 1528.27 1551.72 1549.71 1516.88 1467.97 1416.38 1397.62 1417.72 1502.81 1561.77 1613.36 1614.03
-9999 -9999 -9999 -9999 -9999 -9999 -9999 -9999 -9999 -9999 -9999 -9999 -9999 -9999 -9999 -9999 523.94 1295.78 1888.73 1279.03 797.3 1457.25 2338.3 2312.17 2149.36 1925.58 1803.64 1973.15 1973.15 1911.51 1890.07 1916.87 1944.34 1964.44 1985.88 2014.02 2046.85 2138.64 2257.9 2349.02 2375.82 2197.6 2010 1934.29 1884.04 1806.99 1721.9 1733.29 1766.79 1670.98 1517.55 1508.17 1568.47 1525.59 1389.58 1317.22 1350.05 1417.05 1467.3 1520.23 1544.35 1588.57 1620.73 1633.46 1600.63 1512.19 1406.33 1330.62 1343.35 1465.29 1528.94 1577.18 1583.21
-9999 -9999 -9999 -9999 -9999 -9999 -9999 -9999 -9999 -9999 -9999 -9999 -9999 -9999 -9999 166.83 538.01 1283.72 1629.44 637.84 832.81 2324.9 2228.42 2174.82 2050.2 1859.25 1820.39 1893.42 1920.89 1897.44 1880.02 1914.19 1955.73 1968.46 1989.9 2005.98 2017.37 2091.74 2236.46 2321.55 2322.89 2221.72 2077.67 1961.76 1873.99 1797.61 1736.64 1736.64 1721.9 1614.03 1501.47 1526.26 1504.82 1459.26 1433.8 1447.87 1498.79 1530.28 1532.96 1538.32 1554.4 1596.61 1675.67 1713.19 1683.71 1553.73 1376.18 1224.76 1187.91 1311.86 1384.89 1469.98 1579.19
-9999 -9999 -9999 -9999 -9999 -9999 -9999 -9999 -9999 -9999 -9999 -9999 -9999 -9999 97.82 251.25 769.16 1093.44 1300.47 485.08 1169.82 2733.6 2271.97 2144 2037.47 1879.35 1802.97 1847.86 1901.46 1870.64 1829.77 1861.93 1917.54 1961.09 1997.94 2033.45 2073.65 2158.07 2278 2322.89 2312.84 2251.2 2123.9 1987.89 1892.75 1827.76 1806.99 1825.08 1786.89 1697.78 1631.45 1607.33 1500.13 1429.78 1488.74 1594.6 1681.03 1652.22 1584.55 1545.69 1533.63 1542.34 1616.04 1682.37 1692.42 1555.07 1342.68 1191.93 1110.19 1168.48 1199.97 1305.83 1542.34
-9999 -9999 -9999 -9999 -9999 -9999 -9999 -9999 -9999 -9999 -9999 -9999 -9999 -9999 -9999 298.15 621.76 857.6 1074.68 538.68 1451.22 2562.08 2300.78 2142.66 2026.75 1890.07 1786.22 1872.65 1979.85 1934.29 1808.33 1844.51 1896.77 1951.71 2018.71 2071.64 2121.22 2223.06 2369.79 2332.94 2315.52 2265.27 2142.66 2011.34 1938.98 1896.77 1937.64 2007.99 1910.84 1800.96 1745.35 1738.65 1679.69 1582.54 1587.9 1703.81 1844.51 1756.74 1575.84 1512.86 1464.62 1428.44 1422.41 1546.36 1618.72 1481.37 1254.91 1125.6 1104.83 1137.66 1192.6 1305.83 1523.58
-9999 -9999 -9999 -9999 -9999 -9999 -9999 -9999 -9999 -9999 -9999 -9999 -9999 -9999 67 166.16 448.23 648.56 1056.59 481.73 1521.57 2103.13 2025.41 2039.48 2006.65 1893.42 1861.26 1968.46 2148.69 2169.46 1991.24 1910.17 1904.81 1941.66 2026.75 2077.67 2095.76 2174.15 2328.25 2399.27 2320.88 2209.66 2114.52 2041.49 1946.35 2015.36 2336.29 2249.19 1984.54 1838.48 1789.57 1801.63 1799.62 1739.32 1679.02 1721.9 1774.16 1687.06 1528.27 1474 1415.04 1371.49 1365.46 1525.59 1528.27 1372.16 1250.22 1258.26 1244.19 1283.72 1280.37 1342.68 1496.11
-9999 -9999 -9999 -9999 -9999 -9999 -9999 -9999 -9999 -9999 -9999 -9999 -9999 -9999 -9999 219.76 283.41 577.54 657.27 689.43 1768.13 1745.35 1769.47 1803.64 1821.06 1777.51 1819.05 1973.82 2152.04 2209.66 2063.6 1960.42 1932.28 1936.97 1987.89 2014.02 1992.58 1992.58 2198.27 2446.17 2241.15 2081.02 2040.15 1978.51 1893.42 2003.97 2197.6 2091.07 1871.98 1756.07 1741.33 1773.49 1770.14 1707.16 1663.61 1742.67 1568.47 1530.95 1547.7 1474 1459.26 1441.17 1473.33 1513.53 1492.09 1372.16 1303.15 1396.28 1294.44 1350.05 1224.09 1195.28 1321.24
-9999 -9999 -9999 -9999 -9999 -9999 -9999 -9999 -9999 -9999 -9999 -9999 -9999 -9999 -9999 -9999 211.72 546.05 517.91 922.59 1850.54 1625.42 1626.09 1557.75 1494.1 1559.76 1672.32 1870.64 2024.74 2047.52 1957.07 1940.32 1953.05 1918.21 1940.99 1953.72 1902.13 1812.35 1876 2064.27 2004.64 1924.24 1947.02 1951.04 1947.02 1936.3 1873.32 1744.01 1638.15 1582.54 1632.79 1729.94 1746.69 1648.2 1539.66 1590.58 1496.11 1461.94 1486.73 1426.43 1485.39 1447.87 1498.12 1485.39 1641.5 1429.11 1260.94 1279.7 1241.51 1189.25 1044.53 1062.62 1260.94
-9999 -9999 -9999 -9999 -9999 -9999 -9999 -9999 -9999 -9999 -9999 -9999 -9999 -9999 -9999 137.35 444.88 844.87 625.78 1422.41 1764.78 1664.28 1598.62 1487.4 1396.95 1425.09 1519.56 1754.73 1876.67 1890.74 1894.09 1892.75 1898.78 1866.62 1860.59 1895.43 1871.31 1770.14 1683.04 1784.21 1829.77 1833.12 1863.94 1904.14 1937.64 1868.63 1713.86 1594.6 1489.41 1407 1522.24 1661.6 1747.36 1642.17 1494.77 1481.37 1449.21 1433.8 1482.04 1496.11 1502.81 1465.96 1524.92 1569.81 1627.43 1392.26 1234.14 1224.76 1220.74 1149.72 1039.17 1083.39 1390.25
-9999 -9999 -9999 -9999 -9999 -9999 -9999 -9999 -9999 -9999 -9999 -9999 -9999 -9999 44.22 198.99 470.34 717.57 710.2 1357.42 1784.88 1743.34 1639.49 1523.58 1425.76 1398.96 1469.31 1620.06 1691.75 1711.18 1768.8 1790.91 1786.89 1754.73 1701.8 1725.25 1821.73 1793.59 1729.27 1754.06 1761.43 1761.43 1792.25 1834.46 1856.57 1813.69 1718.55 1625.42 1536.31 1473.33 1526.26 1617.38 1686.39 1667.63 1606.66 1545.69 1469.31 1398.96 1439.16 1507.5 1531.62 1514.2 1522.24 1522.24 1466.63 1370.82 1330.62 1238.83 1201.31 1133.64 1060.61 1094.78 1305.83
-9999 -9999 -9999 -9999 -9999 -9999 -9999 -9999 -9999 -9999 -9999 -9999 -9999 -9999 24.12 66.33 191.62 590.27 749.73 1153.74 1739.32 1729.27 1616.71 1539.66 1433.8 1366.13 1425.09 1545.69 1610.01 1699.12 1723.91 1696.44 1697.11 1672.32 1631.45 1652.22 1752.05 1792.92 1808.33 1801.63 1756.74 1727.93 1733.96 1770.14 1805.65 1799.62 1760.09 1709.84 1688.4 1650.88 1609.34 1632.12 1675.67 1721.9 1747.36 1647.53 1543.01 1451.89 1455.91 1516.88 1556.41 1536.31 1510.18 1486.06 1455.24 1488.07 1410.35 1286.4 1210.69 1155.08 1108.85 1107.51 1202.65
-9999 -9999 -9999 -9999 -9999 -9999 -9999 -9999 -9999 -9999 -9999 -9999 -9999 -9999 16.75 28.81 103.18 367.16 641.86 881.05 1263.62 1244.19 1376.18 1441.17 1416.38 1350.05 1407 1507.5 1569.81 1688.4 1643.51 1613.36 1641.5 1642.17 1635.47 1658.92 1720.56 1794.26 1877.34 1864.61 1753.39 1691.75 1690.41 1731.28 1783.54 1817.04 1814.36 1764.78 1735.3 1699.12 1640.83 1661.6 1707.16 1744.01 1739.32 1688.4 1614.7 1536.31 1507.5 1518.22 1524.25 1502.14 1487.4 1504.15 1591.25 1663.61 1530.28 1364.79 1270.99 1215.38 1182.55 1179.87 1201.98
-9999 -9999 -9999 -9999 -9999 -9999 -9999 -9999 -9999 -9999 -9999 -9999 -9999 -9999 16.08 20.1 52.93 221.1 540.02 588.26 671.34 781.22 1000.98 1173.17 1396.28 1403.65 1461.27 1531.62 1510.18 1577.18 1595.27 1595.94 1624.08 1638.82 1641.5 1655.57 1693.09 1742.67 1802.97 1801.63 1707.83 1636.81 1668.3 1717.21 1774.83 1839.15 1889.4 1816.37 1641.5 1577.18 1634.13 1683.04 1738.65 1780.19 1725.25 1688.4 1633.46 1571.82 1532.96 1510.85 1484.05 1445.86 1453.23 1521.57 1654.23 1785.55 1551.72 1414.37 1338.66 1287.74 1256.25 1249.55 1255.58
-9999 -9999 -9999 -9999 -9999 -9999 -9999 -9999 -9999 -9999 -9999 -9999 -9999 -9999 16.75 14.74 25.46 99.16 495.8 549.4 558.78 678.71 781.22 905.84 1321.24 1427.1 1444.52 1506.83 1506.83 1558.42 1592.59 1609.34 1632.12 1650.88 1644.18 1637.48 1655.57 1658.92 1648.87 1690.41 1690.41 1650.88 1667.63 1701.13 1743.34 1811.01 1937.64 1919.55 1642.17 1569.14 1612.02 1681.7 1790.24 1894.76 1788.23 1696.44 1616.71 1547.7 1527.6 1517.55 1468.64 1396.95 1442.51 1504.82 1527.6 1483.38 1453.23 1435.81 1395.61 1352.06 1317.89 1308.51 1317.22
-9999 -9999 -9999 -9999 -9999 -9999 -9999 -9999 -9999 -9999 -9999 -9999 -9999 -9999 -9999 10.05 16.08 28.14 270.01 668.66 647.89 707.52 688.76 826.78 897.13 1245.53 1295.11 1361.44 1471.32 1572.49 1605.99 1602.64 1626.09 1663.61 1626.76 1605.32 1641.5 1622.74 1563.11 1632.79 1698.45 1684.38 1672.32 1675 1672.99 1667.63 1724.58 1735.3 1595.27 1555.07 1571.82 1629.44 1731.95 1818.38 1773.49 1693.09 1568.47 1469.98 1503.48 1535.64 1512.86 1510.18 1536.98 1528.27 1469.31 1433.13 1474.67 1496.11 1465.29 1413.03 1363.45 1345.36 1372.83
-9999 -9999 -9999 -9999 -9999 -9999 -9999 -9999 -9999 -9999 -9999 -9999 -9999 -9999 -9999 -9999 -9999 12.73 125.29 452.92 659.28 714.22 770.5 1038.5 1070.66 1197.29 1176.52 1253.57 1419.06 1597.28 1601.3 1539.66 1542.34 1555.07 1520.23 1580.53 1680.36 1647.53 1613.36 1646.86 1707.83 1677.01 1647.53 1638.15 1604.65 1468.64 1408.34 1568.47 1565.79 1532.29 1514.87 1533.63 1593.93 1667.63 1694.43 1707.83 1600.63 1421.07 1476.68 1522.24 1551.05 1648.87 1679.69 1599.29 1530.28 1511.52 1553.73 1587.9 1532.29 1462.61 1400.3 1348.04 1385.56
-9999 -9999 -9999 -9999 -9999 -9999 -9999 -9999 -9999 -9999 -9999 -9999 -9999 -9999 -9999 -9999 -9999 4.02 26.8 223.11 542.7 651.24 702.16 1240.17 1416.38 1499.46 1383.55 1255.58 1321.24 1478.69 1504.82 1452.56 1426.43 1369.48 1371.49 1508.84 1594.6 1622.07 1621.4 1624.75 1629.44 1586.56 1557.08 1561.77 1557.75 1407 1293.1 1504.82 1511.52 1500.13 1471.99 1453.9 1474 1579.86 1666.29 1733.96 1725.92 1549.04 1506.16 1524.25 1568.47 1648.87 1683.04 1637.48 1590.58 1579.86 1599.29 1610.01 1570.48 1508.17 1447.87 1407.67 1407.67
