final project/Practice/maxentOut/bio1.asc
NCOLS 186 
NROWS 192 
XLLCORNER -125 
YLLCORNER -56 
CELLSIZE 0.5 
NODATA_value -32768 
[rows 70 to 104 of 192, columns 79 to 157 of 186]
-32768 -32768 -32768 -32768 -32768 -32768 -32768 -32768 -32768 -32768 -32768 -32768 -32768 -32768 -32768 -32768 258 259 210 201 116 249 150 129 221 261 268 269 267 267 269 272 275 278 279 278 256 227 273 264 249 230 221 239 248 248 237 225 216 214 226 232 253 266 266 268 268 265 269 266 265 264 261 258 254 257 261 262 -32768 -32768 -32768 -32768 -32768 -32768 -32768 -32768 -32768 -32768 -32768
-32768 -32768 -32768 -32768 -32768 -32768 -32768 -32768 -32768 -32768 -32768 -32768 -32768 -32768 -32768 258 258 247 211 155 212 259 121 187 261 268 268 267 266 266 268 269 271 273 275 276 269 272 272 246 215 213 228 236 235 246 243 242 249 257 254 251 257 267 268 268 264 264 265 265 265 261 259 254 250 253 255 259 261 -32768 -32768 -32768 -32768 -32768 -32768 -32768 -32768 -32768 -32768
-32768 -32768 -32768 -32768 -32768 -32768 -32768 253 -32768 -32768 -32768 -32768 -32768 -32768 -32768 -32768 261 224 194 135 257 209 113 243 265 268 269 268 267 267 267 268 269 270 271 272 273 272 264 242 229 217 227 241 243 236 257 262 269 270 271 272 272 270 269 267 262 259 261 265 261 259 253 248 246 251 253 257 261 -32768 -32768 -32768 -32768 -32768 -32768 -32768 -32768 -32768 -32768
-32768 -32768 -32768 -32768 -32768 -32768 -32768 -32768 -32768 -32768 -32768 -32768 -32768 -32768 259 263 258 202 183 163 251 188 226 257 267 271 272 270 267 266 266 265 266 266 268 269 269 270 266 249 265 235 226 239 247 254 256 264 269 272 273 267 261 269 266 264 264 262 259 261 259 255 252 250 248 252 254 256 261 263 -32768 -32768 -32768 -32768 -32768 -32768 -32768 -32768 -32768
-32768 -32768 -32768 -32768 -32768 -32768 -32768 -32768 -32768 -32768 -32768 -32768 -32768 258 258 262 249 187 129 171 213 187 257 258 270 276 276 272 269 266 264 263 263 264 265 265 266 267 267 266 267 260 219 225 246 256 259 265 270 272 272 272 270 268 263 263 265 263 256 257 253 254 254 252 251 254 254 257 260 264 -32768 -32768 -32768 -32768 -32768 -32768 -32768 -32768 -32768
-32768 -32768 -32768 -32768 -32768 -32768 -32768 -32768 -32768 -32768 -32768 -32768 -32768 257 259 252 186 171 125 208 179 247 258 262 269 274 275 272 267 265 263 261 260 261 261 262 263 264 267 266 261 256 249 235 240 259 263 267 268 271 266 269 265 265 264 265 264 264 259 250 250 248 252 249 250 255 255 254 260 265 266 -32768 -32768 -32768 -32768 -32768 -32768 -32768 -32768
-32768 -32768 -32768 -32768 -32768 -32768 -32768 -32768 -32768 -32768 -32768 -32768 257 257 256 233 214 134 167 212 238 256 256 261 265 269 270 268 264 263 259 258 258 259 260 262 262 264 266 257 250 242 241 261 266 265 263 258 272 271 268 264 261 264 260 264 263 264 259 258 254 252 253 252 250 254 256 257 260 266 266 266 -32768 -32768 -32768 -32768 -32768 -32768 -32768
-32768 -32768 -32768 -32768 -32768 -32768 -32768 -32768 -32768 -32768 -32768 256 258 256 225 163 142 172 221 254 256 256 259 261 264 263 267 266 262 260 258 255 256 258 261 263 266 269 268 244 243 247 259 256 262 268 266 271 273 273 269 268 261 258 255 257 265 264 260 258 255 252 253 252 253 255 259 259 262 267 268 268 -32768 -32768 -32768 -32768 -32768 -32768 -32768
-32768 -32768 -32768 -32768 -32768 -32768 -32768 -32768 -32768 -32768 250 248 250 228 166 102 151 236 251 254 256 257 259 261 262 262 266 265 261 257 256 255 255 256 260 264 268 269 257 244 252 267 268 268 258 270 271 272 273 272 271 269 268 261 263 259 264 265 260 258 254 253 252 252 254 251 259 262 266 268 269 268 -32768 -32768 -32768 -32768 -32768 -32768 -32768
-32768 -32768 -32768 -32768 -32768 -32768 -32768 -32768 -32768 -32768 251 245 244 186 124 142 230 247 251 254 257 259 260 261 262 263 266 264 262 257 256 255 254 256 259 262 265 267 266 260 261 267 268 269 269 270 271 271 272 272 269 269 268 266 268 267 266 266 265 258 252 249 255 255 261 258 259 266 269 270 269 270 271 -32768 -32768 -32768 -32768 -32768 -32768
-32768 -32768 -32768 -32768 -32768 -32768 -32768 -32768 -32768 -32768 242 244 230 153 98 150 234 247 251 255 259 261 261 262 263 263 265 263 261 259 257 254 254 256 258 261 262 264 266 266 267 267 268 268 269 269 270 271 272 272 270 269 270 265 267 265 269 269 264 259 253 251 257 263 263 263 262 268 270 270 270 271 272 273 272 -32768 -32768 -32768 -32768
-32768 -32768 -32768 -32768 -32768 -32768 -32768 -32768 -32768 250 249 248 221 101 77 189 240 247 251 255 257 260 261 262 263 263 265 264 261 260 258 256 254 255 257 259 261 261 263 264 265 266 266 268 268 269 269 270 271 271 269 268 269 269 270 270 271 271 268 260 256 253 255 259 258 264 267 270 270 269 269 270 272 273 271 267 263 263 264
-32768 -32768 -32768 -32768 -32768 -32768 -32768 -32768 245 240 244 255 208 89 136 226 243 249 251 254 255 258 260 262 263 264 264 263 262 260 259 257 256 255 256 257 258 259 260 262 263 265 266 266 267 268 270 270 270 270 271 271 269 271 269 270 272 273 272 268 264 257 257 259 267 268 270 270 269 268 268 270 271 271 268 264 261 261 264
-32768 -32768 -32768 -32768 -32768 -32768 -32768 -32768 -32768 237 246 253 206 97 148 228 243 250 253 254 256 259 260 262 263 263 263 262 261 259 258 256 256 255 256 257 257 258 258 261 262 264 265 266 266 268 269 270 271 270 270 271 269 269 270 271 272 272 272 269 268 267 268 270 270 271 270 268 268 267 268 269 270 269 267 265 263 263 266
-32768 -32768 -32768 -32768 -32768 -32768 -32768 -32768 240 242 246 255 225 92 164 225 249 252 255 256 257 259 261 262 262 262 262 261 260 259 257 256 255 255 254 255 256 256 257 260 263 264 266 266 266 267 268 269 270 271 270 269 270 270 271 271 274 276 272 268 265 263 265 267 266 266 268 267 267 267 268 270 270 269 267 266 264 264 266
-32768 -32768 -32768 -32768 -32768 -32768 -32768 -32768 -32768 243 248 249 122 124 206 246 256 255 255 256 257 258 261 262 262 262 261 259 259 259 258 257 255 255 255 255 257 256 256 260 264 267 266 266 266 266 267 269 270 272 272 271 270 268 270 273 275 275 268 265 260 254 255 257 259 262 264 265 266 266 268 270 270 269 268 267 264 265 266
-32768 -32768 -32768 -32768 -32768 -32768 -32768 -32768 -32768 -32768 251 225 137 151 211 254 259 259 259 257 257 259 260 262 263 262 261 260 258 258 257 256 256 256 256 256 257 257 259 262 266 269 268 267 266 266 267 268 271 272 274 274 271 269 270 272 272 272 269 264 260 255 254 254 255 257 258 260 263 265 268 271 270 269 268 265 264 266 267
-32768 -32768 -32768 -32768 -32768 -32768 -32768 -32768 -32768 245 246 217 141 202 220 253 263 263 261 260 258 260 261 263 264 261 260 260 259 259 258 257 257 255 255 257 258 259 262 263 267 268 267 266 265 265 266 268 270 271 272 272 271 269 269 270 271 269 268 265 263 257 254 252 252 251 250 250 256 263 268 270 271 268 266 265 265 263 268
-32768 -32768 -32768 -32768 -32768 -32768 -32768 -32768 224 225 238 210 167 202 228 257 266 265 264 262 262 263 264 263 264 261 260 259 258 258 258 258 257 255 256 258 259 260 262 264 266 266 266 264 264 263 266 267 268 269 270 270 270 269 269 269 269 268 270 269 262 254 250 251 251 250 246 246 253 260 267 271 270 268 264 262 262 262 263
-32768 -32768 -32768 -32768 -32768 -32768 -32768 -32768 223 232 238 184 171 201 241 253 266 266 265 265 266 267 268 267 263 260 260 259 258 258 257 256 255 256 257 258 260 262 262 264 265 265 265 264 263 264 265 266 267 268 269 269 269 268 268 268 267 268 268 263 258 256 254 253 249 249 246 248 253 257 262 267 270 264 261 257 259 259 258
-32768 -32768 -32768 -32768 -32768 -32768 -32768 -32768 227 236 242 202 171 215 230 221 244 259 265 267 267 268 270 269 265 260 258 258 258 257 257 255 256 256 257 258 261 261 262 263 264 264 264 264 264 264 264 265 266 267 268 268 268 267 266 265 265 267 267 262 258 256 254 252 250 250 248 250 253 255 261 265 268 268 266 263 256 256 258
-32768 -32768 -32768 -32768 -32768 -32768 -32768 -32768 220 232 237 222 169 220 187 173 221 233 263 266 268 270 270 268 264 260 259 257 257 257 256 256 256 256 257 259 260 261 262 263 263 264 265 264 264 263 264 265 266 266 267 267 266 266 264 265 266 265 263 260 256 255 254 250 250 250 247 249 251 251 258 261 266 264 264 260 257 254 259
-32768 -32768 -32768 -32768 -32768 -32768 -32768 -32768 216 224 230 229 157 173 167 142 183 221 252 265 268 269 268 265 262 259 258 257 256 257 255 256 255 256 257 258 259 260 261 262 263 264 264 264 264 263 264 264 265 265 266 265 265 264 265 266 263 261 260 258 255 255 254 250 249 249 249 248 248 251 244 256 263 261 260 252 253 252 256
-32768 -32768 -32768 -32768 -32768 -32768 -32768 -32768 -32768 211 224 223 196 116 131 137 196 241 252 253 267 267 264 261 259 257 255 255 257 257 257 257 256 256 256 257 258 260 261 262 263 264 264 263 264 264 264 264 264 264 263 262 263 263 262 263 263 259 258 258 256 255 253 251 249 248 247 250 251 247 253 257 261 261 258 253 255 251 251
-32768 -32768 -32768 -32768 -32768 -32768 -32768 -32768 -32768 -32768 -32768 221 200 138 113 129 192 253 252 259 267 262 261 257 256 255 255 256 257 256 256 256 255 254 255 256 257 259 260 261 262 264 263 263 264 264 263 262 262 262 260 260 260 263 263 261 261 258 257 256 255 254 252 251 248 249 244 249 249 246 251 258 260 259 258 262 261 254 255
-32768 -32768 -32768 -32768 -32768 -32768 -32768 -32768 -32768 -32768 -32768 206 201 159 110 122 140 229 239 254 266 265 262 257 256 254 254 256 257 257 257 254 253 252 253 255 257 259 261 262 262 263 262 262 263 262 261 260 260 260 260 258 257 260 262 263 259 254 256 255 255 254 251 250 250 250 245 245 250 248 253 259 261 259 261 265 264 261 257
-32768 -32768 -32768 -32768 -32768 -32768 -32768 -32768 -32768 -32768 -32768 -32768 193 168 108 87 114 197 228 242 261 264 263 258 256 256 255 255 257 258 256 253 251 250 251 254 257 258 260 261 262 262 261 261 262 261 260 259 257 257 258 258 256 258 259 261 257 248 246 251 254 253 250 251 251 251 246 244 252 252 258 260 261 258 263 264 262 256 254
-32768 -32768 -32768 -32768 -32768 -32768 -32768 -32768 -32768 -32768 -32768 -32768 -32768 184 154 84 114 135 227 237 259 263 264 261 258 257 255 255 256 256 254 251 249 248 250 254 258 259 260 262 262 261 260 260 260 259 258 256 255 255 255 256 256 255 255 257 259 256 252 247 245 248 250 251 251 253 253 250 251 257 261 263 263 258 264 263 260 253 253
-32768 -32768 -32768 -32768 -32768 -32768 -32768 -32768 -32768 -32768 -32768 -32768 -32768 190 180 82 70 113 200 225 257 249 264 262 259 258 255 254 255 254 253 251 249 248 251 255 258 260 260 261 261 261 260 259 258 256 254 253 252 252 253 253 255 253 253 252 255 257 255 252 246 242 250 252 253 253 254 254 255 262 265 266 265 260 265 264 262 253 254
-32768 -32768 -32768 -32768 -32768 -32768 -32768 -32768 -32768 -32768 -32768 -32768 -32768 -32768 189 111 44 74 128 180 252 247 256 261 257 257 254 254 254 253 251 250 249 250 254 258 260 261 262 263 263 261 259 257 255 253 250 250 248 249 249 249 252 250 251 252 254 255 255 254 252 249 249 252 252 255 258 256 258 266 269 269 267 263 262 263 262 255 252
-32768 -32768 -32768 -32768 -32768 -32768 -32768 -32768 -32768 -32768 -32768 -32768 -32768 -32768 190 163 72 48 94 137 227 245 231 259 257 257 253 253 253 251 249 249 249 252 258 260 262 262 263 264 263 260 258 255 252 250 248 245 244 246 245 244 245 248 250 248 250 253 253 255 254 253 249 251 254 256 259 261 264 269 271 271 269 265 259 260 260 255 243
-32768 -32768 -32768 -32768 -32768 -32768 -32768 -32768 -32768 -32768 -32768 -32768 -32768 -32768 -32768 186 117 47 56 97 191 219 218 253 259 256 253 252 250 249 248 247 248 252 258 260 261 263 264 266 265 260 254 245 248 246 243 242 241 241 239 238 240 242 248 247 249 251 252 253 251 250 249 251 254 256 260 267 269 273 273 273 268 262 259 255 257 250 240
-32768 -32768 -32768 -32768 -32768 -32768 -32768 -32768 -32768 -32768 -32768 -32768 -32768 -32768 -32768 190 175 68 35 68 145 197 227 234 255 257 252 249 248 247 245 245 247 251 255 259 262 263 264 265 265 262 258 251 246 244 243 239 237 234 233 233 236 240 246 250 251 251 250 251 251 250 250 251 253 255 259 267 273 275 274 272 267 263 261 254 252 245 237
-32768 -32768 -32768 -32768 -32768 -32768 -32768 -32768 -32768 -32768 -32768 -32768 -32768 -32768 -32768 185 189 129 24 48 72 113 217 202 242 253 250 252 248 246 245 246 248 252 256 259 261 263 264 264 265 262 258 252 249 246 238 237 236 231 227 229 232 239 246 249 253 252 251 251 250 249 249 249 251 254 258 262 271 275 274 272 266 264 261 258 259 252 241
-32768 -32768 -32768 -32768 -32768 -32768 -32768 -32768 -32768 -32768 -32768 -32768 -32768 -32768 -32768 -32768 191 176 75 33 72 120 186 190 209 235 193 225 248 248 247 248 251 254 257 259 261 263 264 265 265 263 259 255 252 247 238 231 232 228 221 223 232 239 244 250 252 255 252 251 249 249 248 248 250 252 257 260 268 272 272 269 265 264 260 255 259 262 245
