final project/Practice/maxentOut/bio5.asc
NCOLS 186 
NROWS 192 
XLLCORNER -125 
YLLCORNER -56 
CELLSIZE 0.5 
NODATA_value -9999 
[rows 111 to 147 of 192, columns 83 to 165 of 186]
-9999 -9999 -9999 -9999 -9999 -9999 -9999 -9999 -9999 -9999 -9999 -9999 -9999 -9999 -9999 -9999 -9999 320 304 265 274 233 239 187 177 179 204 200 202 216 258 331 337 348 365 368 369 369 369 370 372 368 363 366 370 372 372 370 361 374 378 382 368 363 373 374 351 359 355 354 368 371 372 375 372 370 359 349 347 331 324 324 333 341 352 359 367 373 358 358 351 330 330
-9999 -9999 -9999 -9999 -9999 -9999 -9999 -9999 -9999 -9999 -9999 -9999 -9999 -9999 -9999 -9999 -9999 -9999 311 298 295 295 300 262 190 177 172 191 203 209 192 284 310 326 350 369 369 368 366 366 367 361 358 364 370 372 370 369 370 379 383 384 381 380 382 381 363 370 368 361 360 366 364 369 364 363 353 343 338 331 332 329 333 344 344 361 368 361 346 350 335 333 342
-9999 -9999 -9999 -9999 -9999 -9999 -9999 -9999 -9999 -9999 -9999 -9999 -9999 -9999 -9999 -9999 -9999 -9999 -9999 -9999 308 308 306 298 260 209 160 178 203 210 223 251 267 266 292 355 369 367 363 362 362 363 363 365 368 368 367 369 374 380 384 386 386 384 383 382 379 367 366 354 356 361 357 354 356 354 354 350 344 339 340 334 335 350 350 353 363 358 340 338 327 341 357
-9999 -9999 -9999 -9999 -9999 -9999 -9999 -9999 -9999 -9999 -9999 -9999 -9999 -9999 -9999 -9999 -9999 -9999 -9999 -9999 -9999 -9999 307 309 298 262 207 176 210 229 227 236 217 255 246 285 338 355 359 358 361 364 368 372 374 372 363 364 373 379 383 385 384 384 383 383 381 366 357 353 350 351 348 343 346 351 357 356 351 352 357 347 342 350 353 356 354 358 342 336 333 342 343
-9999 -9999 -9999 -9999 -9999 -9999 -9999 -9999 -9999 -9999 -9999 -9999 -9999 -9999 -9999 -9999 -9999 -9999 -9999 -9999 -9999 -9999 -9999 -9999 305 308 289 202 204 214 229 236 237 227 291 288 302 297 309 338 357 372 373 376 378 376 369 370 367 376 379 380 382 381 382 381 380 369 365 361 347 347 347 345 343 351 361 357 354 358 364 351 340 350 347 346 347 349 330 331 335 331 335
-9999 -9999 -9999 -9999 -9999 -9999 -9999 -9999 -9999 -9999 -9999 -9999 -9999 -9999 -9999 -9999 -9999 -9999 -9999 -9999 -9999 -9999 -9999 -9999 -9999 308 308 250 169 208 221 233 245 225 260 313 322 309 299 311 358 373 377 380 381 377 369 376 378 372 371 373 378 378 379 380 379 374 370 366 349 344 351 349 352 351 361 361 358 357 348 338 336 341 337 342 347 340 342 321 326 333 352
-9999 -9999 -9999 -9999 -9999 -9999 -9999 -9999 -9999 -9999 -9999 -9999 -9999 -9999 -9999 -9999 -9999 -9999 -9999 -9999 -9999 -9999 -9999 -9999 -9999 -9999 298 270 194 205 231 237 245 234 249 268 304 301 304 332 372 379 383 383 381 378 378 380 382 382 380 377 374 374 376 379 379 368 367 360 352 344 349 353 358 357 363 363 357 344 334 322 327 333 334 339 350 344 343 324 330 324 347
-9999 -9999 -9999 -9999 -9999 -9999 -9999 -9999 -9999 -9999 -9999 -9999 -9999 -9999 -9999 -9999 -9999 -9999 -9999 -9999 -9999 -9999 -9999 -9999 -9999 -9999 292 284 214 199 230 238 242 233 225 253 279 277 305 351 364 382 386 384 383 381 381 380 376 381 383 376 374 373 373 375 374 357 362 356 352 353 356 352 359 360 359 358 355 347 333 320 317 325 325 338 347 342 337 326 330 335 357
-9999 -9999 -9999 -9999 -9999 -9999 -9999 -9999 -9999 -9999 -9999 -9999 -9999 -9999 -9999 -9999 -9999 -9999 -9999 -9999 -9999 -9999 -9999 -9999 -9999 -9999 292 290 244 190 224 233 243 231 223 243 266 275 312 346 359 379 383 383 384 384 384 383 381 383 385 381 375 372 371 370 363 360 350 352 356 357 359 353 355 352 354 358 357 351 343 328 307 309 320 340 340 335 332 322 327 344 340
-9999 -9999 -9999 -9999 -9999 -9999 -9999 -9999 -9999 -9999 -9999 -9999 -9999 -9999 -9999 -9999 -9999 -9999 -9999 -9999 -9999 -9999 -9999 -9999 -9999 -9999 291 296 260 197 223 240 250 241 251 273 271 285 321 349 365 379 382 384 386 388 387 387 387 388 389 384 376 367 368 363 360 354 348 353 356 356 358 357 354 347 346 351 355 353 346 329 309 306 323 335 326 330 326 305 326 345 325
-9999 -9999 -9999 -9999 -9999 -9999 -9999 -9999 -9999 -9999 -9999 -9999 -9999 -9999 -9999 -9999 -9999 -9999 -9999 -9999 -9999 -9999 -9999 -9999 -9999 -9999 295 297 281 199 206 234 252 261 253 289 290 299 346 355 369 381 383 385 389 392 392 391 390 389 388 384 376 359 365 362 357 349 347 352 352 353 355 357 348 347 345 343 344 342 338 321 308 313 318 324 322 316 317 317 327 330 324
-9999 -9999 -9999 -9999 -9999 -9999 -9999 -9999 -9999 -9999 -9999 -9999 -9999 -9999 -9999 -9999 -9999 -9999 -9999 -9999 -9999 -9999 -9999 -9999 -9999 -9999 302 300 292 204 206 218 244 252 249 285 297 305 335 366 383 385 386 387 391 395 396 394 391 388 386 382 372 357 363 356 348 350 350 351 352 350 351 351 345 344 346 345 343 338 333 328 318 305 315 328 325 316 316 310 336 351 356
-9999 -9999 -9999 -9999 -9999 -9999 -9999 -9999 -9999 -9999 -9999 -9999 -9999 -9999 -9999 -9999 -9999 -9999 -9999 -9999 -9999 -9999 -9999 -9999 -9999 -9999 298 290 284 223 197 192 229 226 255 293 286 312 338 353 380 386 387 389 394 399 399 395 391 388 385 381 370 362 361 348 353 357 358 357 353 351 353 347 346 343 341 340 341 338 327 325 325 308 307 325 321 307 304 312 332 346 351
-9999 -9999 -9999 -9999 -9999 -9999 -9999 -9999 -9999 -9999 -9999 -9999 -9999 -9999 -9999 -9999 -9999 -9999 -9999 -9999 -9999 -9999 -9999 -9999 -9999 -9999 291 287 284 257 230 184 201 215 258 282 265 320 354 363 380 385 386 389 394 399 399 395 391 388 385 382 374 368 360 344 353 356 359 359 356 353 349 347 344 341 337 334 336 335 322 315 320 313 298 316 300 286 314 326 324 312 319
-9999 -9999 -9999 -9999 -9999 -9999 -9999 -9999 -9999 -9999 -9999 -9999 -9999 -9999 -9999 -9999 -9999 -9999 -9999 -9999 -9999 -9999 -9999 -9999 -9999 -9999 291 286 285 261 253 191 195 206 242 272 264 334 368 377 385 386 386 389 392 395 395 393 390 389 388 383 372 369 359 349 349 354 355 359 355 348 345 344 346 345 340 339 333 327 329 328 319 302 282 284 302 300 321 343 342 343 336
-9999 -9999 -9999 -9999 -9999 -9999 -9999 -9999 -9999 -9999 -9999 -9999 -9999 -9999 -9999 -9999 -9999 -9999 -9999 -9999 -9999 -9999 -9999 -9999 -9999 289 289 290 278 258 286 213 208 227 247 257 255 325 373 382 387 389 389 391 391 391 389 389 388 388 390 382 377 369 360 353 349 352 354 356 351 345 331 325 336 338 340 336 330 329 321 320 310 299 297 301 295 325 347 347 343 -9999 325
-9999 -9999 -9999 -9999 -9999 -9999 -9999 -9999 -9999 -9999 -9999 -9999 -9999 -9999 -9999 -9999 -9999 -9999 -9999 -9999 -9999 -9999 -9999 -9999 -9999 293 291 300 282 269 276 209 209 223 248 247 288 344 367 379 390 392 391 392 390 387 386 388 388 388 388 379 372 365 360 358 352 354 353 350 347 339 337 330 322 319 329 328 328 325 316 304 291 293 301 302 321 -9999 -9999 -9999 -9999 -9999 -9999
-9999 -9999 -9999 -9999 -9999 -9999 -9999 -9999 -9999 -9999 -9999 -9999 -9999 -9999 -9999 -9999 -9999 -9999 -9999 -9999 -9999 -9999 -9999 -9999 -9999 298 283 303 273 239 219 217 220 206 219 234 312 348 345 382 392 395 392 390 387 384 385 386 388 388 384 376 366 359 357 359 356 353 353 351 349 335 328 331 327 322 314 312 312 311 319 333 321 331 328 326 -9999 -9999 -9999 -9999 -9999 -9999 -9999
-9999 -9999 -9999 -9999 -9999 -9999 -9999 -9999 -9999 -9999 -9999 -9999 -9999 -9999 -9999 -9999 -9999 -9999 -9999 -9999 -9999 -9999 -9999 -9999 -9999 300 277 291 251 209 194 236 224 216 215 268 327 335 365 382 389 392 391 387 385 383 384 386 388 389 384 378 369 360 354 355 355 354 351 340 333 332 318 309 320 315 308 307 325 326 333 343 335 -9999 -9999 -9999 -9999 -9999 -9999 -9999 -9999 -9999 -9999
-9999 -9999 -9999 -9999 -9999 -9999 -9999 -9999 -9999 -9999 -9999 -9999 -9999 -9999 -9999 -9999 -9999 -9999 -9999 -9999 -9999 -9999 -9999 -9999 -9999 308 302 292 216 194 184 200 217 202 265 284 325 350 372 382 387 390 390 388 386 384 384 386 387 387 383 381 367 362 358 356 358 355 351 340 329 320 314 303 302 312 313 308 301 319 338 345 -9999 -9999 -9999 -9999 -9999 -9999 -9999 -9999 -9999 -9999 -9999
-9999 -9999 -9999 -9999 -9999 -9999 -9999 -9999 -9999 -9999 -9999 -9999 -9999 -9999 -9999 -9999 -9999 -9999 -9999 -9999 -9999 -9999 -9999 -9999 -9999 306 302 288 210 185 189 205 191 197 275 298 315 348 368 382 388 390 391 390 387 384 383 384 385 386 382 378 366 359 359 358 360 363 355 345 337 332 320 302 295 307 310 305 294 318 329 -9999 -9999 -9999 -9999 -9999 -9999 -9999 -9999 -9999 -9999 -9999 -9999
-9999 -9999 -9999 -9999 -9999 -9999 283 281 -9999 -9999 -9999 -9999 -9999 -9999 -9999 -9999 -9999 -9999 -9999 -9999 -9999 -9999 -9999 -9999 -9999 310 298 274 207 168 174 212 216 199 228 296 329 337 372 384 390 393 393 392 389 386 383 382 383 383 380 375 369 364 363 362 357 360 349 333 327 327 311 301 304 314 313 306 304 328 -9999 -9999 -9999 -9999 -9999 -9999 -9999 -9999 -9999 -9999 -9999 -9999 -9999
-9999 -9999 -9999 -9999 -9999 -9999 -9999 -9999 -9999 -9999 -9999 -9999 -9999 -9999 -9999 -9999 -9999 -9999 -9999 -9999 -9999 -9999 -9999 -9999 -9999 288 272 235 183 157 162 203 214 240 286 274 341 363 382 389 393 396 396 395 393 388 383 380 378 377 375 375 374 371 374 370 357 354 344 341 340 337 316 296 298 294 305 313 324 328 -9999 -9999 -9999 -9999 -9999 -9999 -9999 -9999 -9999 -9999 -9999 -9999 -9999
-9999 -9999 -9999 -9999 -9999 -9999 -9999 -9999 -9999 -9999 -9999 -9999 -9999 -9999 -9999 -9999 -9999 -9999 -9999 -9999 -9999 -9999 -9999 -9999 -9999 280 270 228 172 140 171 274 249 315 279 338 367 376 388 394 397 399 399 398 397 394 386 378 372 375 375 380 382 378 374 369 360 352 353 351 349 335 329 317 305 295 301 323 312 320 323 -9999 -9999 -9999 -9999 -9999 -9999 -9999 -9999 -9999 -9999 -9999 -9999
-9999 -9999 -9999 -9999 -9999 -9999 -9999 -9999 -9999 -9999 -9999 -9999 -9999 -9999 -9999 -9999 -9999 -9999 -9999 -9999 -9999 -9999 -9999 -9999 294 291 258 206 158 137 194 303 329 370 361 354 371 375 390 396 400 402 401 400 399 397 387 377 370 372 378 385 385 379 371 366 363 361 355 344 341 330 321 319 307 301 301 297 292 305 317 -9999 -9999 -9999 -9999 -9999 -9999 -9999 -9999 -9999 -9999 -9999 -9999
-9999 -9999 -9999 -9999 -9999 -9999 -9999 -9999 -9999 -9999 -9999 -9999 -9999 -9999 -9999 -9999 -9999 -9999 -9999 -9999 -9999 -9999 -9999 -9999 304 290 226 180 159 170 239 303 368 385 351 351 367 377 391 397 402 404 402 399 396 391 383 376 371 371 374 380 380 376 372 369 366 362 353 346 337 330 320 312 304 300 293 275 317 314 -9999 -9999 -9999 -9999 -9999 -9999 -9999 -9999 -9999 -9999 -9999 -9999 -9999
-9999 -9999 -9999 -9999 -9999 -9999 -9999 -9999 -9999 -9999 -9999 -9999 -9999 -9999 -9999 -9999 -9999 -9999 -9999 -9999 -9999 -9999 -9999 292 281 267 202 148 175 224 318 276 323 375 370 372 378 385 392 394 397 399 396 392 389 385 378 372 371 369 369 372 374 373 370 366 362 357 348 342 338 329 319 317 309 299 288 305 327 321 -9999 -9999 -9999 -9999 -9999 -9999 -9999 -9999 -9999 -9999 -9999 -9999 -9999
-9999 -9999 -9999 -9999 -9999 -9999 -9999 -9999 -9999 -9999 -9999 -9999 -9999 -9999 -9999 -9999 -9999 -9999 -9999 -9999 -9999 -9999 -9999 286 274 234 165 147 196 262 338 304 355 381 395 385 386 387 386 376 387 388 386 384 382 379 375 369 369 368 364 366 369 369 365 359 352 347 342 335 335 325 325 326 314 297 287 310 320 -9999 -9999 -9999 -9999 -9999 -9999 -9999 -9999 -9999 -9999 -9999 -9999 -9999 -9999
-9999 -9999 -9999 -9999 -9999 -9999 -9999 -9999 -9999 -9999 -9999 -9999 -9999 -9999 -9999 -9999 -9999 -9999 -9999 -9999 -9999 -9999 -9999 270 266 234 166 140 210 278 364 337 368 394 392 387 388 385 368 357 375 376 375 374 375 375 373 370 368 366 364 366 368 367 362 354 352 351 347 341 340 338 339 338 334 323 305 305 -9999 -9999 -9999 -9999 -9999 -9999 -9999 -9999 -9999 -9999 -9999 -9999 -9999 -9999 -9999
-9999 -9999 -9999 -9999 -9999 -9999 -9999 -9999 -9999 -9999 -9999 -9999 -9999 -9999 -9999 -9999 -9999 -9999 -9999 -9999 -9999 -9999 -9999 280 271 245 165 139 276 329 376 356 375 385 380 385 384 374 342 354 366 367 367 367 369 372 372 371 369 367 366 366 368 368 362 356 351 350 346 340 341 337 334 330 334 329 317 -9999 -9999 -9999 -9999 -9999 -9999 -9999 -9999 -9999 -9999 -9999 -9999 -9999 -9999 -9999 -9999
-9999 -9999 -9999 -9999 -9999 -9999 -9999 -9999 -9999 -9999 -9999 -9999 -9999 -9999 -9999 -9999 -9999 -9999 -9999 -9999 -9999 -9999 -9999 282 280 242 164 188 254 336 380 365 373 368 368 383 369 344 318 348 359 360 360 361 366 369 371 372 369 368 368 367 365 364 361 354 354 349 338 334 335 329 327 329 331 322 319 -9999 -9999 -9999 -9999 -9999 -9999 -9999 -9999 -9999 -9999 -9999 -9999 -9999 -9999 -9999 -9999
-9999 -9999 -9999 -9999 -9999 -9999 -9999 -9999 -9999 -9999 -9999 -9999 -9999 -9999 -9999 -9999 -9999 -9999 -9999 -9999 -9999 -9999 -9999 288 267 213 159 208 276 334 369 350 369 371 373 383 347 313 334 346 351 354 355 357 363 366 368 368 367 367 368 365 364 362 356 356 353 348 338 332 330 326 328 329 322 320 -9999 -9999 -9999 -9999 -9999 -9999 -9999 -9999 -9999 -9999 -9999 -9999 -9999 -9999 -9999 -9999 -9999
-9999 -9999 -9999 -9999 -9999 -9999 -9999 -9999 -9999 -9999 -9999 -9999 -9999 -9999 -9999 -9999 -9999 -9999 -9999 -9999 -9999 -9999 -9999 305 294 248 165 221 248 335 375 376 381 383 377 381 359 309 346 346 348 351 354 355 359 361 363 364 364 364 365 362 360 357 355 357 354 349 344 337 329 330 328 320 318 -9999 -9999 -9999 -9999 -9999 -9999 -9999 -9999 -9999 -9999 -9999 -9999 -9999 -9999 -9999 -9999 -9999 -9999
-9999 -9999 -9999 -9999 -9999 -9999 -9999 -9999 -9999 -9999 -9999 -9999 -9999 -9999 -9999 -9999 -9999 -9999 -9999 -9999 -9999 -9999 -9999 306 304 275 171 181 252 351 379 380 377 377 371 362 358 320 341 345 348 352 355 354 354 356 360 362 362 362 364 361 360 357 356 357 356 352 347 339 332 329 321 317 -9999 -9999 -9999 -9999 -9999 -9999 -9999 -9999 -9999 -9999 -9999 -9999 -9999 -9999 -9999 -9999 -9999 -9999 -9999
-9999 -9999 -9999 -9999 -9999 -9999 -9999 -9999 -9999 -9999 -9999 -9999 -9999 -9999 -9999 -9999 -9999 -9999 -9999 -9999 -9999 -9999 -9999 272 296 321 199 167 251 358 372 377 378 367 343 331 342 327 339 346 350 353 356 354 351 351 359 360 359 358 360 359 357 356 357 356 352 347 345 339 330 322 318 -9999 -9999 -9999 -9999 -9999 -9999 -9999 -9999 -9999 -9999 -9999 -9999 -9999 -9999 -9999 -9999 -9999 -9999 -9999 -9999
-9999 -9999 -9999 -9999 -9999 -9999 -9999 -9999 -9999 -9999 -9999 -9999 -9999 -9999 -9999 -9999 -9999 -9999 -9999 -9999 -9999 -9999 -9999 285 301 321 203 151 290 351 366 376 378 368 347 344 337 343 346 350 354 355 355 353 350 350 354 356 354 349 349 352 352 353 353 351 346 346 344 333 321 316 -9999 -9999 -9999 -9999 -9999 -9999 -9999 -9999 -9999 -9999 -9999 -9999 -9999 -9999 -9999 -9999 -9999 -9999 -9999 -9999 -9999
-9999 -9999 -9999 -9999 -9999 259 -9999 -9999 273 279 -9999 -9999 -9999 -9999 -9999 -9999 -9999 -9999 -9999 -9999 -9999 -9999 -9999 330 331 331 243 174 296 333 357 373 377 374 360 357 355 356 358 359 360 358 355 352 349 348 351 353 349 343 338 339 342 347 348 346 342 339 333 323 315 -9999 -9999 -9999 -9999 -9999 -9999 -9999 -9999 -9999 -9999 -9999 -9999 -9999 -9999 -9999 -9999 -9999 -9999 -9999 -9999 -9999 -9999
