final project/Practice/maxentOut/bio5.asc
NCOLS 186 
NROWS 192 
XLLCORNER -125 
YLLCORNER -56 
CELLSIZE 0.5 
NODATA_value -9999 
[rows 74 to 110 of 192, columns 83 to 165 of 186]
-9999 -9999 -9999 -9999 -9999 -9999 -9999 -9999 -9999 336 341 350 348 295 228 267 312 278 361 363 380 391 392 387 382 378 374 373 372 373 374 376 378 378 376 372 368 360 319 324 345 356 359 366 371 373 370 371 372 373 371 373 376 374 366 365 362 362 363 361 360 364 365 366 368 370 -9999 -9999 -9999 -9999 -9999 -9999 -9999 -9999 -9999 -9999 -9999 -9999 -9999 -9999 -9999 -9999 -9999
-9999 -9999 -9999 -9999 -9999 -9999 -9999 -9999 -9999 331 340 345 289 276 221 305 271 353 363 369 378 386 389 384 378 375 371 367 366 367 369 372 376 376 374 370 361 355 348 334 339 357 363 367 368 371 364 367 367 369 372 376 378 380 376 364 362 359 362 359 359 364 363 362 367 369 368 -9999 -9999 -9999 -9999 -9999 -9999 -9999 -9999 -9999 -9999 -9999 -9999 -9999 -9999 -9999 -9999
-9999 -9999 -9999 -9999 -9999 -9999 -9999 -9999 333 332 339 326 318 228 262 309 339 361 362 367 372 377 380 376 371 369 364 361 361 362 364 368 373 373 371 359 350 340 339 359 363 362 361 356 371 370 366 363 363 369 368 376 378 382 381 377 368 365 364 361 358 362 363 362 364 368 367 366 -9999 -9999 -9999 -9999 -9999 -9999 -9999 -9999 -9999 -9999 -9999 -9999 -9999 -9999 -9999
-9999 -9999 -9999 -9999 -9999 -9999 -9999 338 344 343 313 256 235 266 316 354 358 359 362 365 369 368 372 371 366 363 358 355 355 357 361 364 368 370 368 343 340 344 356 353 359 365 363 367 370 369 366 367 363 363 363 368 379 381 379 376 370 365 363 361 361 361 363 362 363 367 367 366 -9999 -9999 -9999 -9999 -9999 -9999 -9999 -9999 -9999 -9999 -9999 -9999 -9999 -9999 -9999
-9999 -9999 -9999 -9999 -9999 -9999 332 333 341 320 262 195 247 333 347 352 356 357 360 362 363 363 368 366 362 356 353 350 349 351 356 360 364 365 353 340 348 363 364 364 354 365 366 367 368 368 368 368 369 365 370 369 376 380 376 373 367 364 361 359 361 356 362 363 365 366 366 366 -9999 -9999 -9999 -9999 -9999 -9999 -9999 -9999 -9999 -9999 -9999 -9999 -9999 -9999 -9999
-9999 -9999 -9999 -9999 -9999 -9999 340 337 339 285 227 241 327 345 349 351 355 356 358 359 360 361 365 363 359 353 351 348 347 350 354 356 357 359 360 355 356 362 363 364 365 365 366 367 368 368 366 367 368 370 374 375 377 378 377 371 364 359 363 362 365 361 361 365 366 365 366 366 365 -9999 -9999 -9999 -9999 -9999 -9999 -9999 -9999 -9999 -9999 -9999 -9999 -9999 -9999
-9999 -9999 -9999 -9999 -9999 -9999 336 343 328 253 199 253 332 345 349 351 356 359 357 358 359 360 363 360 357 353 350 345 345 349 352 353 354 355 358 359 360 361 363 363 364 364 365 366 367 367 367 366 369 366 371 371 377 378 374 369 362 360 363 367 366 365 363 368 368 366 366 365 364 363 362 -9999 -9999 -9999 -9999 -9999 -9999 -9999 -9999 -9999 -9999 -9999 -9999
-9999 -9999 -9999 -9999 -9999 343 347 347 316 201 175 291 338 345 348 352 355 357 357 356 357 360 364 361 355 352 349 346 345 347 349 351 352 353 355 357 358 360 361 362 364 365 364 365 366 367 365 365 367 369 372 374 376 377 375 368 363 359 359 361 360 365 368 370 369 367 366 365 364 362 362 363 365 366 364 -9999 -9999 -9999 -9999 -9999 -9999 -9999 -9999
-9999 -9999 -9999 -9999 334 333 344 352 301 190 240 323 340 346 348 350 352 354 355 356 356 359 360 358 355 351 349 347 346 347 348 350 350 352 353 355 357 359 360 361 362 363 365 365 366 366 367 368 367 370 369 371 375 377 376 373 369 360 359 361 368 369 371 371 370 369 368 366 365 363 363 363 365 365 363 361 359 359 -9999 -9999 -9999 -9999 -9999
-9999 -9999 -9999 -9999 -9999 331 345 353 303 199 250 324 340 348 351 350 351 353 353 355 355 356 356 355 353 350 348 345 346 347 348 349 350 351 352 355 357 358 360 361 362 363 364 365 366 366 366 367 367 368 369 371 373 373 375 373 370 368 367 369 370 370 371 370 370 371 370 369 367 365 364 365 365 365 363 360 358 359 359 -9999 -9999 -9999 -9999
-9999 -9999 -9999 -9999 333 342 349 356 324 190 270 327 349 350 352 353 352 353 354 355 355 356 355 354 353 351 348 346 346 347 347 348 350 351 352 355 358 359 360 361 361 362 363 364 366 366 366 366 367 367 370 370 373 376 375 371 368 364 364 364 364 366 369 368 369 371 370 370 369 367 366 366 365 364 365 364 363 362 360 363 366 369 -9999
-9999 -9999 -9999 -9999 -9999 354 358 352 219 228 314 347 356 355 354 353 353 353 355 356 356 356 355 353 352 350 349 348 347 348 348 349 351 351 352 355 358 361 361 361 361 362 363 364 365 367 367 366 366 365 368 372 374 375 371 369 364 357 355 356 358 361 363 365 366 368 370 371 370 368 367 367 365 366 366 368 369 369 364 365 368 371 372
-9999 -9999 -9999 -9999 -9999 -9999 357 325 235 255 320 355 359 358 356 354 354 355 356 357 358 356 355 354 352 350 349 348 349 349 350 351 352 352 355 356 359 363 363 362 361 362 362 364 366 367 369 369 367 366 368 370 372 372 370 367 364 358 355 354 355 357 358 360 363 366 369 373 371 370 368 366 365 368 369 373 374 374 372 371 372 372 370
-9999 -9999 -9999 -9999 -9999 359 353 323 241 311 328 355 362 361 359 356 356 358 359 360 360 357 355 354 353 352 351 350 350 349 351 352 353 354 357 358 361 362 362 361 361 361 362 363 365 366 368 368 367 367 368 370 371 370 369 368 366 360 356 354 354 352 351 351 357 364 370 372 372 370 368 367 368 366 371 376 378 378 378 380 381 384 381
-9999 -9999 -9999 -9999 352 344 351 322 275 315 336 357 364 362 360 359 360 361 363 362 361 358 356 354 354 353 353 353 352 351 352 354 355 357 358 359 361 361 361 360 360 359 361 363 364 366 367 368 368 368 369 370 370 370 373 373 366 359 354 355 354 352 348 348 355 361 368 372 372 370 368 368 368 368 368 374 379 382 383 386 389 393 393
-9999 -9999 -9999 -9999 358 364 361 294 280 312 345 352 362 362 361 362 364 365 367 367 363 359 357 355 354 354 354 353 352 353 354 355 357 359 359 360 360 361 361 360 359 360 361 362 363 366 367 369 370 370 371 371 371 373 373 368 364 362 360 358 355 354 351 352 356 359 364 368 372 368 368 367 370 371 368 371 376 383 385 391 395 398 394
-9999 -9999 -9999 -9999 364 373 370 316 280 324 334 324 342 356 360 365 368 369 371 371 365 359 357 355 355 354 354 353 354 354 355 356 359 359 360 360 361 361 362 362 362 362 362 362 363 366 368 370 371 372 373 373 373 375 375 371 367 366 363 362 359 358 356 357 359 360 365 368 371 372 375 376 374 376 377 379 378 383 386 391 394 399 393
-9999 -9999 -9999 -9999 355 366 366 339 279 327 294 279 322 332 362 368 371 372 372 369 364 360 357 355 355 355 354 354 355 355 356 358 358 360 360 361 362 363 365 365 365 364 364 363 364 367 369 371 373 374 373 376 378 378 377 374 370 369 368 363 362 361 357 359 360 360 365 368 372 372 375 376 379 380 385 383 383 381 383 389 392 390 392
-9999 -9999 -9999 -9999 351 357 359 351 269 284 277 252 289 323 357 372 375 374 372 367 363 359 356 355 355 355 355 356 356 356 358 359 359 360 361 362 364 365 367 367 368 368 368 367 367 369 371 373 375 376 378 381 380 378 378 377 374 374 372 368 365 364 364 362 361 363 356 367 373 373 374 371 376 378 382 379 378 378 381 383 387 389 384
-9999 -9999 -9999 -9999 -9999 343 353 351 316 232 246 251 304 346 363 364 376 375 370 366 361 358 355 355 356 357 357 358 358 358 358 359 360 361 362 363 365 367 368 369 371 372 371 370 370 371 373 373 377 379 380 383 384 381 381 381 380 378 376 373 369 367 366 368 368 364 369 372 375 376 375 371 376 374 375 374 374 379 384 388 390 391 386
-9999 -9999 -9999 -9999 -9999 -9999 -9999 350 327 257 233 246 303 359 362 370 378 372 369 363 360 356 355 357 357 357 358 358 358 357 358 359 360 361 363 364 366 369 370 371 374 375 374 373 372 374 373 375 377 382 385 385 386 385 385 385 384 383 380 378 373 373 369 372 371 367 371 377 378 377 376 379 379 376 378 383 385 385 384 389 390 390 390
-9999 -9999 -9999 -9999 -9999 -9999 -9999 330 327 280 231 242 259 338 350 366 377 375 370 364 360 356 356 357 358 358 359 358 358 357 358 359 361 363 364 366 367 369 370 372 375 376 375 374 374 375 377 376 377 383 387 390 388 385 388 388 389 388 384 382 379 378 373 371 374 372 376 381 382 381 381 385 384 382 380 382 381 382 380 388 385 390 393
-9999 -9999 -9999 -9999 -9999 -9999 -9999 -9999 304 286 229 209 236 311 340 356 373 375 372 366 362 360 358 358 359 360 360 358 357 357 358 360 362 364 365 366 367 368 369 370 372 374 374 375 375 376 378 380 379 383 387 390 388 383 383 389 394 393 389 387 385 383 376 372 378 377 383 385 385 381 384 384 383 378 377 382 377 380 378 387 382 392 396
-9999 -9999 -9999 -9999 -9999 -9999 -9999 -9999 -9999 304 273 206 239 259 338 352 371 373 373 369 364 362 360 359 360 360 359 358 357 357 358 361 364 365 367 368 368 368 368 369 370 372 374 375 375 376 378 380 381 382 384 388 392 392 391 389 390 393 393 392 388 387 385 379 379 382 386 388 387 381 385 384 382 375 377 381 380 381 385 382 378 384 393
-9999 -9999 -9999 -9999 -9999 -9999 -9999 -9999 -9999 309 299 205 194 238 317 340 367 361 372 369 366 364 361 360 361 360 359 358 357 357 359 362 365 367 368 370 369 369 369 369 370 371 373 374 375 376 378 379 382 381 384 385 390 394 396 396 394 391 397 395 392 389 387 383 381 387 389 390 388 382 386 386 385 377 379 382 378 383 388 377 377 387 384
-9999 -9999 -9999 -9999 -9999 -9999 -9999 -9999 -9999 -9999 307 230 165 196 252 302 359 358 365 368 365 365 362 362 361 360 359 358 358 359 361 365 367 370 373 374 375 372 370 370 372 372 373 375 375 376 376 377 380 380 382 385 389 392 395 398 400 398 397 397 394 392 391 385 384 389 391 391 390 385 383 385 385 380 381 386 387 391 384 381 382 384 382
-9999 -9999 -9999 -9999 -9999 -9999 -9999 -9999 -9999 -9999 308 281 189 165 214 259 337 355 344 366 366 366 363 362 361 360 359 359 359 362 365 368 370 373 376 378 378 375 372 371 372 373 375 374 373 375 374 373 375 378 381 380 384 389 392 397 400 400 396 396 396 393 391 389 387 390 393 393 392 387 381 385 387 383 374 374 382 391 387 377 378 386 385
-9999 -9999 -9999 -9999 -9999 -9999 -9999 -9999 -9999 -9999 -9999 304 232 160 171 216 307 333 335 362 367 366 364 362 359 358 357 358 360 365 368 370 373 376 380 383 383 378 371 365 371 373 374 375 372 372 369 368 369 372 378 378 381 385 389 393 393 395 395 397 396 393 392 392 389 390 392 393 392 389 388 382 384 379 372 373 381 386 382 375 371 382 380
-9999 -9999 -9999 -9999 -9999 -9999 -9999 -9999 -9999 -9999 -9999 308 298 184 150 185 265 313 341 349 366 367 364 360 357 356 356 359 362 366 369 372 376 379 382 384 385 382 377 373 372 373 375 373 369 365 363 362 366 369 375 378 382 386 388 391 391 393 395 397 397 394 390 390 390 389 390 392 391 392 391 383 380 372 366 372 379 385 388 382 376 366 362
-9999 -9999 -9999 -9999 -9999 -9999 -9999 -9999 -9999 -9999 -9999 304 313 252 140 165 192 237 334 325 358 366 363 361 356 354 356 359 363 367 371 374 377 380 383 385 386 384 380 377 376 375 370 369 367 361 356 357 361 367 373 376 382 387 392 392 390 389 392 396 396 393 388 385 388 390 389 390 388 391 391 387 387 377 365 367 375 384 387 384 385 362 344
-9999 -9999 -9999 -9999 -9999 -9999 -9999 -9999 -9999 -9999 -9999 -9999 312 308 192 149 193 246 310 318 337 357 322 342 354 353 354 359 365 368 372 374 377 381 384 386 388 386 383 381 379 375 367 361 361 356 348 350 359 367 371 377 384 388 392 390 387 387 388 392 393 390 386 383 387 389 388 387 386 388 387 383 385 383 364 367 373 371 367 378 381 371 339
-9999 -9999 -9999 -9999 -9999 -9999 -9999 -9999 -9999 -9999 -9999 -9999 -9999 322 270 179 153 210 246 306 332 325 290 308 345 347 351 357 364 367 370 374 378 381 384 387 390 389 386 382 378 375 371 366 358 350 339 346 355 364 369 374 382 383 383 383 381 382 382 383 385 384 381 382 386 386 385 383 385 381 379 383 380 374 364 363 366 363 362 381 382 368 350
-9999 -9999 -9999 -9999 -9999 -9999 -9999 -9999 -9999 -9999 -9999 -9999 -9999 323 319 240 164 169 240 269 284 250 226 232 271 319 338 349 356 362 367 372 376 379 382 385 389 388 385 380 376 372 369 366 362 354 350 342 352 358 365 369 375 376 374 374 373 374 375 375 377 378 377 379 384 384 381 381 378 374 374 362 370 368 356 357 360 360 365 375 373 354 350
-9999 -9999 -9999 -9999 -9999 -9999 -9999 -9999 -9999 -9999 -9999 -9999 -9999 -9999 324 312 213 186 217 250 243 240 234 226 189 195 245 302 322 340 355 369 375 377 378 380 383 384 382 379 376 372 367 366 362 354 357 345 348 353 359 364 368 371 371 363 364 364 365 369 373 373 375 379 381 381 380 378 373 363 365 356 348 367 354 354 357 358 358 366 364 341 337
-9999 -9999 -9999 -9999 -9999 -9999 -9999 -9999 -9999 -9999 -9999 -9999 -9999 -9999 323 333 304 215 193 213 219 206 212 216 207 181 188 206 272 300 321 361 374 374 372 373 377 380 379 377 374 373 370 366 366 351 360 359 345 348 354 362 369 372 367 357 356 359 359 361 368 369 375 379 379 379 376 374 367 363 360 342 350 364 352 350 355 362 366 368 355 337 340
-9999 -9999 -9999 -9999 -9999 -9999 -9999 -9999 -9999 -9999 -9999 -9999 -9999 -9999 -9999 326 339 286 219 189 190 170 182 199 214 214 210 186 175 277 301 350 365 369 367 367 371 376 376 375 373 372 370 368 369 363 357 361 352 350 356 370 371 367 354 354 355 353 350 357 364 369 374 377 377 376 371 362 358 356 344 333 356 356 347 349 355 358 363 366 356 338 334
-9999 -9999 -9999 -9999 -9999 -9999 -9999 -9999 -9999 -9999 -9999 -9999 -9999 -9999 -9999 -9999 324 320 276 228 220 186 181 179 185 176 221 205 184 244 318 339 350 364 366 367 368 372 373 373 373 369 369 369 370 371 368 369 365 363 367 373 366 354 350 352 350 346 350 356 366 366 368 376 376 373 364 354 352 350 344 335 348 338 346 351 358 362 365 363 355 332 322
