final project/Practice/maxentOut/bio5.asc
NCOLS 186 
NROWS 192 
XLLCORNER -125 
YLLCORNER -56 
CELLSIZE 0.5 
NODATA_value -9999 
[rows 0 to 36 of 192, columns 0 to 82 of 186]
-9999.000000000000000 282 305 342 341 391 380 335 312 319 346 367 381 378 370 354 340 340 337 332 330 344 361 374 373 360 335 289 308 315 350 345 325 315 304 265 287 252 227 310 347 354 357 355 361 362 365 365 368 369 369 372 373 369 368 369 367 362 361 358 355 352 354 354 351 353 356 349 347 345 347 349 346 346 342 341 337 337 335 331 333 336 328
-9999 -9999 270 335 359 386 393 374 328 291 329 367 377 366 339 333 334 321 334 322 321 346 374 372 384 359 336 292 352 364 325 358 361 339 286 275 238 226 252 287 319 334 344 353 359 360 368 369 371 374 371 375 378 382 377 375 367 364 362 361 359 356 357 356 354 354 356 354 355 349 352 353 350 348 349 345 340 339 341 339 341 337 329
-9999 -9999 253 300 353 381 392 384 366 290 296 337 357 366 344 327 308 326 350 341 331 348 360 376 366 329 303 335 356 392 386 359 319 346 332 265 251 248 269 278 324 343 356 365 366 365 376 377 379 378 375 378 378 378 378 376 366 362 362 361 359 359 358 357 358 357 358 358 358 357 355 354 353 352 353 351 345 342 345 344 341 338 336
-9999 -9999 -9999 274 304 334 365 375 385 333 256 266 307 349 361 359 340 350 352 357 353 341 341 362 338 301 289 332 376 377 379 337 351 308 294 263 260 265 285 309 358 374 377 378 377 375 376 376 376 377 379 381 383 380 376 374 371 368 367 367 366 365 363 359 361 360 359 359 358 358 358 355 353 355 356 353 347 346 349 346 343 340 341
-9999 -9999 -9999 257 261 281 354 383 393 382 311 239 283 317 359 363 361 347 358 364 365 355 349 347 303 308 311 359 380 377 336 345 330 277 230 225 236 290 303 281 341 365 377 376 372 377 382 381 378 376 378 381 383 384 382 376 371 373 372 370 370 365 364 361 360 359 358 358 356 356 360 356 353 356 357 355 351 347 350 348 344 342 341
-9999 -9999 -9999 -9999 -9999 278 336 378 394 400 383 296 231 322 371 379 376 356 369 383 383 387 379 367 341 342 368 379 392 383 382 387 359 320 316 300 256 272 313 268 313 348 356 356 367 376 382 382 383 384 385 384 386 386 387 382 376 377 376 372 368 363 358 357 356 356 359 361 363 361 363 360 357 356 357 355 353 352 351 347 340 338 338
-9999 -9999 -9999 -9999 -9999 272 285 358 393 403 406 385 277 290 381 420 421 403 394 375 428 427 390 379 379 336 368 373 357 362 379 358 374 366 355 330 309 270 307 262 314 318 336 356 368 374 380 386 386 387 389 392 393 392 391 388 380 379 380 375 369 358 355 360 366 365 362 364 367 370 369 364 360 358 356 359 354 354 350 346 338 338 336
-9999 -9999 -9999 -9999 -9999 -9999 278 333 376 408 408 404 338 276 370 397 443 427 362 411 434 438 385 369 373 330 360 371 362 346 360 331 349 363 346 332 302 321 311 277 333 340 349 359 366 370 378 384 384 385 384 389 391 390 386 387 385 382 380 376 369 360 359 359 370 371 371 372 372 372 368 363 360 358 357 359 357 356 352 338 333 335 342
-9999 -9999 -9999 -9999 -9999 -9999 -9999 298 358 396 408 409 375 335 409 425 441 445 407 404 429 409 382 367 350 343 339 389 372 358 350 327 340 345 344 348 322 336 287 314 333 357 366 368 372 372 378 382 381 385 386 391 390 387 386 384 385 382 380 380 372 364 358 359 362 367 373 379 376 371 368 365 361 361 357 357 357 353 347 336 343 348 332
-9999 -9999 -9999 -9999 -9999 -9999 -9999 275 294 347 373 402 387 361 415 417 423 448 411 389 434 404 383 360 359 335 306 360 382 370 365 347 336 320 330 345 369 346 336 348 362 373 378 379 370 370 372 374 382 390 392 390 392 388 386 383 385 381 382 383 384 381 377 378 379 373 376 377 374 371 367 363 364 365 358 356 356 351 339 347 352 335 314
-9999 -9999 -9999 -9999 -9999 -9999 -9999 -9999 261 298 322 318 346 384 403 409 415 437 435 429 445 436 404 376 361 372 371 324 352 368 368 352 337 328 330 361 375 341 346 352 368 367 367 364 365 365 370 381 392 399 401 398 393 391 389 387 381 382 380 379 376 370 371 373 377 375 374 372 371 369 364 363 365 366 363 362 358 354 349 353 348 331 327
-9999 -9999 -9999 -9999 -9999 -9999 -9999 -9999 -9999 269 290 305 335 348 352 375 354 419 446 452 448 453 441 421 389 382 388 356 328 340 321 323 321 317 324 346 369 352 345 356 373 378 371 368 370 367 371 374 393 399 402 403 405 400 393 388 385 384 382 381 376 370 370 375 376 375 375 374 373 372 369 367 369 367 359 360 359 356 356 357 352 346 351
-9999 -9999 -9999 -9999 -9999 -9999 -9999 -9999 -9999 258 271 -9999 -9999 318 337 374 379 428 431 446 456 453 443 432 432 438 425 397 374 357 314 295 317 313 318 344 379 360 342 351 381 384 369 365 368 370 374 378 389 401 404 403 405 400 396 391 387 383 384 384 381 378 376 377 376 374 374 375 375 375 369 369 369 368 366 364 363 363 359 353 354 355 360
-9999 -9999 -9999 -9999 -9999 -9999 -9999 -9999 -9999 -9999 259 264 272 283 305 328 358 425 455 449 454 443 442 449 451 445 445 420 396 392 358 356 332 320 322 373 364 384 307 335 377 386 371 369 372 375 376 386 394 401 403 398 399 396 398 391 390 386 386 386 384 379 379 376 376 376 374 375 375 373 369 367 367 370 371 366 366 363 357 361 359 359 367
-9999 -9999 -9999 -9999 -9999 -9999 -9999 -9999 -9999 -9999 -9999 -9999 259 256 -9999 308 354 390 447 462 455 449 449 450 445 434 447 428 402 375 389 393 370 347 349 377 374 392 321 332 370 386 380 376 382 385 384 386 389 395 395 393 395 397 394 394 394 392 390 387 384 381 379 376 377 378 377 374 373 372 372 368 367 371 372 367 365 363 361 364 365 367 370
-9999 -9999 -9999 -9999 -9999 -9999 -9999 -9999 -9999 -9999 -9999 -9999 -9999 -9999 -9999 296 336 349 399 446 447 435 427 432 428 428 426 420 389 380 382 388 386 380 386 385 382 390 371 374 352 390 389 387 385 387 387 386 387 385 386 388 388 389 398 397 395 396 392 387 382 382 380 379 378 378 378 376 371 372 372 370 371 373 373 372 371 369 366 367 368 368 373
-9999 -9999 -9999 -9999 -9999 -9999 -9999 -9999 -9999 -9999 -9999 -9999 -9999 -9999 -9999 -9999 307 333 352 414 428 420 412 415 422 423 401 390 373 377 379 361 378 391 401 401 397 395 379 389 371 388 402 400 392 389 386 384 387 392 391 391 388 389 394 397 396 396 393 388 384 382 380 380 379 377 377 374 370 373 370 372 372 374 373 371 371 370 367 367 370 370 370
-9999 -9999 -9999 -9999 -9999 -9999 -9999 -9999 -9999 -9999 -9999 -9999 -9999 -9999 -9999 -9999 313 333 334 375 408 410 394 403 414 413 402 382 370 371 382 393 376 407 409 412 411 399 392 375 376 381 401 404 402 395 385 385 388 391 392 392 391 388 392 396 397 395 393 388 385 383 379 376 376 375 374 370 370 373 374 374 372 372 371 366 367 369 367 370 374 374 371
-9999 -9999 -9999 -9999 -9999 -9999 -9999 -9999 -9999 -9999 -9999 -9999 -9999 -9999 -9999 -9999 -9999 350 345 342 396 -9999 -9999 408 414 419 421 406 387 383 386 401 387 401 395 410 412 394 373 373 383 357 369 385 385 385 386 383 386 386 388 387 391 388 390 395 395 395 392 388 382 380 378 375 375 374 372 369 372 373 372 369 369 367 366 365 363 365 367 370 371 371 372
-9999 -9999 -9999 -9999 -9999 -9999 -9999 -9999 -9999 -9999 -9999 -9999 -9999 -9999 -9999 -9999 -9999 362 371 367 389 -9999 -9999 -9999 409 405 399 400 393 392 392 404 376 357 383 397 397 389 376 373 373 365 359 363 366 382 389 388 388 382 380 377 381 387 393 394 395 397 388 383 380 377 373 371 370 368 367 367 370 370 368 364 362 361 361 361 358 362 363 367 367 369 370
-9999 -9999 -9999 -9999 -9999 -9999 -9999 -9999 -9999 -9999 -9999 -9999 -9999 -9999 -9999 -9999 -9999 -9999 381 383 377 393 402 403 412 406 394 397 406 409 416 419 372 332 349 369 368 371 377 377 406 399 385 386 389 392 397 397 390 381 377 381 384 389 396 394 393 391 382 374 373 370 366 364 364 363 362 365 367 366 364 360 358 -9999 -9999 -9999 -9999 -9999 361 361 364 367 370
-9999 -9999 -9999 -9999 -9999 -9999 -9999 -9999 -9999 -9999 -9999 -9999 -9999 275 -9999 -9999 -9999 -9999 -9999 392 389 375 390 399 416 411 417 416 421 421 429 427 391 331 334 349 340 364 383 383 395 397 402 395 376 365 383 399 400 394 395 396 396 396 396 394 389 385 377 369 363 -9999 -9999 -9999 -9999 -9999 360 362 362 362 360 356 355 -9999 -9999 -9999 -9999 -9999 -9999 -9999 -9999 -9999 -9999
-9999 -9999 -9999 -9999 -9999 -9999 -9999 -9999 -9999 -9999 -9999 -9999 -9999 280 -9999 -9999 -9999 -9999 -9999 -9999 396 393 375 401 409 410 419 418 415 419 431 404 369 336 344 343 339 356 386 387 387 373 374 397 371 356 375 396 408 406 405 405 404 402 396 390 379 373 372 370 -9999 -9999 -9999 -9999 -9999 -9999 -9999 -9999 -9999 -9999 -9999 355 -9999 -9999 -9999 -9999 -9999 -9999 -9999 -9999 -9999 -9999 -9999
-9999 -9999 -9999 -9999 -9999 -9999 -9999 -9999 -9999 -9999 -9999 -9999 -9999 -9999 -9999 -9999 -9999 -9999 371 372 -9999 396 385 381 404 416 416 405 402 414 430 402 368 338 322 336 346 360 381 389 375 375 373 370 365 352 390 406 412 415 414 414 409 402 395 381 368 367 -9999 -9999 -9999 -9999 -9999 -9999 -9999 -9999 -9999 -9999 -9999 -9999 -9999 -9999 -9999 -9999 -9999 -9999 -9999 -9999 -9999 -9999 -9999 -9999 -9999
-9999 -9999 -9999 -9999 -9999 -9999 -9999 -9999 -9999 -9999 -9999 -9999 -9999 -9999 -9999 -9999 -9999 -9999 -9999 375 374 387 395 390 398 410 -9999 405 406 414 427 419 398 358 317 321 347 367 372 382 379 375 366 371 356 355 378 417 419 416 418 414 404 401 391 374 366 -9999 -9999 -9999 -9999 -9999 -9999 -9999 -9999 -9999 -9999 -9999 -9999 -9999 -9999 -9999 -9999 -9999 -9999 -9999 -9999 -9999 -9999 -9999 -9999 -9999 -9999
-9999 -9999 -9999 -9999 -9999 -9999 -9999 -9999 -9999 -9999 -9999 -9999 -9999 -9999 -9999 -9999 -9999 -9999 -9999 -9999 371 380 385 399 392 403 414 -9999 413 419 425 433 412 378 352 325 338 367 367 378 381 368 360 366 354 363 385 414 416 416 420 415 403 402 387 373 -9999 -9999 -9999 -9999 -9999 -9999 -9999 -9999 -9999 -9999 -9999 -9999 -9999 -9999 -9999 -9999 -9999 -9999 -9999 -9999 -9999 -9999 -9999 -9999 -9999 -9999 -9999
-9999 -9999 -9999 -9999 -9999 -9999 -9999 -9999 -9999 -9999 -9999 -9999 -9999 -9999 -9999 -9999 -9999 -9999 -9999 -9999 -9999 387 387 396 385 377 401 405 -9999 -9999 412 420 426 418 386 332 325 343 355 373 381 384 375 370 368 377 377 381 395 405 420 413 406 401 385 366 -9999 -9999 -9999 -9999 -9999 -9999 -9999 -9999 -9999 -9999 -9999 -9999 -9999 -9999 -9999 -9999 -9999 -9999 -9999 -9999 -9999 -9999 -9999 -9999 -9999 -9999 -9999
-9999 -9999 -9999 -9999 -9999 -9999 -9999 -9999 -9999 -9999 -9999 -9999 -9999 -9999 -9999 -9999 -9999 -9999 -9999 -9999 -9999 -9999 -9999 -9999 391 385 386 401 -9999 -9999 -9999 417 421 411 387 346 311 305 345 359 376 388 388 385 382 365 359 369 373 384 405 418 413 400 386 368 -9999 -9999 -9999 -9999 -9999 -9999 -9999 -9999 -9999 -9999 -9999 -9999 -9999 -9999 -9999 -9999 -9999 -9999 -9999 -9999 -9999 -9999 -9999 -9999 -9999 -9999 -9999
-9999 -9999 -9999 -9999 -9999 -9999 -9999 -9999 -9999 -9999 -9999 -9999 -9999 -9999 -9999 -9999 -9999 -9999 -9999 -9999 -9999 -9999 -9999 -9999 -9999 394 391 394 405 -9999 -9999 412 412 417 399 369 311 300 328 365 371 381 389 399 391 383 371 365 348 380 409 416 406 398 388 375 -9999 -9999 -9999 -9999 -9999 -9999 -9999 -9999 -9999 -9999 -9999 -9999 -9999 -9999 -9999 -9999 -9999 -9999 -9999 -9999 -9999 -9999 -9999 -9999 -9999 -9999 -9999
-9999 -9999 -9999 -9999 -9999 -9999 -9999 -9999 -9999 -9999 -9999 -9999 -9999 -9999 -9999 -9999 -9999 -9999 -9999 -9999 -9999 -9999 -9999 -9999 -9999 380 388 382 392 -9999 -9999 406 406 404 404 395 354 294 311 352 376 394 388 385 380 371 368 368 321 311 403 412 407 397 389 380 -9999 -9999 -9999 -9999 -9999 -9999 -9999 -9999 -9999 -9999 -9999 -9999 -9999 -9999 -9999 -9999 -9999 -9999 -9999 -9999 -9999 -9999 -9999 -9999 -9999 -9999 -9999
-9999 -9999 -9999 -9999 -9999 -9999 -9999 -9999 -9999 -9999 -9999 -9999 -9999 -9999 -9999 -9999 -9999 -9999 -9999 -9999 -9999 -9999 -9999 -9999 -9999 365 360 371 383 394 -9999 -9999 -9999 400 402 405 385 340 291 317 353 372 370 374 369 366 370 373 351 315 365 400 393 396 389 -9999 -9999 -9999 -9999 -9999 -9999 -9999 -9999 -9999 -9999 -9999 -9999 -9999 -9999 -9999 -9999 -9999 -9999 -9999 -9999 -9999 -9999 -9999 -9999 -9999 -9999 -9999 -9999
-9999 -9999 -9999 -9999 -9999 -9999 -9999 -9999 -9999 -9999 -9999 -9999 -9999 -9999 -9999 -9999 -9999 -9999 -9999 -9999 -9999 -9999 -9999 -9999 -9999 -9999 351 378 384 390 397 -9999 -9999 -9999 397 398 396 340 291 288 329 347 338 354 359 365 359 356 352 335 336 396 399 392 388 -9999 -9999 -9999 -9999 -9999 -9999 -9999 -9999 -9999 -9999 -9999 -9999 -9999 -9999 -9999 -9999 -9999 -9999 -9999 -9999 -9999 -9999 -9999 -9999 -9999 -9999 -9999 -9999
-9999 -9999 -9999 -9999 -9999 -9999 -9999 -9999 -9999 -9999 -9999 -9999 -9999 -9999 -9999 -9999 -9999 -9999 -9999 -9999 -9999 -9999 -9999 -9999 -9999 -9999 -9999 -9999 383 374 378 399 -9999 -9999 -9999 396 390 375 317 282 298 339 331 350 343 346 342 342 343 341 309 367 396 387 380 -9999 -9999 -9999 -9999 -9999 -9999 -9999 -9999 -9999 -9999 -9999 -9999 -9999 -9999 -9999 -9999 -9999 -9999 -9999 -9999 -9999 -9999 -9999 -9999 -9999 -9999 -9999 -9999
-9999 -9999 -9999 -9999 -9999 -9999 -9999 -9999 -9999 -9999 -9999 -9999 -9999 -9999 -9999 -9999 -9999 -9999 -9999 -9999 -9999 -9999 -9999 -9999 -9999 -9999 -9999 -9999 -9999 370 368 386 -9999 -9999 -9999 -9999 374 366 356 322 307 315 317 330 343 352 341 335 350 357 339 357 387 357 365 -9999 -9999 -9999 -9999 -9999 -9999 -9999 -9999 -9999 -9999 -9999 -9999 -9999 -9999 -9999 -9999 -9999 -9999 -9999 -9999 -9999 -9999 -9999 -9999 -9999 -9999 -9999 -9999
-9999 -9999 -9999 -9999 -9999 -9999 -9999 -9999 -9999 -9999 -9999 -9999 -9999 -9999 -9999 -9999 -9999 -9999 -9999 -9999 -9999 -9999 -9999 -9999 -9999 -9999 -9999 -9999 -9999 369 369 -9999 -9999 -9999 -9999 -9999 -9999 365 366 348 328 332 328 321 329 338 336 341 353 369 365 377 392 368 356 -9999 -9999 -9999 -9999 -9999 -9999 -9999 -9999 -9999 -9999 -9999 -9999 -9999 -9999 -9999 368 -9999 -9999 -9999 -9999 -9999 -9999 -9999 -9999 -9999 -9999 364 361
-9999 -9999 -9999 -9999 -9999 -9999 -9999 -9999 -9999 -9999 -9999 -9999 -9999 -9999 -9999 -9999 -9999 -9999 -9999 -9999 -9999 -9999 -9999 -9999 -9999 -9999 -9999 -9999 -9999 -9999 -9999 -9999 -9999 -9999 -9999 -9999 -9999 -9999 365 365 346 350 338 344 332 337 329 332 343 380 369 371 381 373 358 -9999 -9999 -9999 -9999 -9999 -9999 -9999 -9999 -9999 -9999 -9999 -9999 -9999 -9999 -9999 -9999 -9999 -9999 -9999 -9999 -9999 -9999 -9999 -9999 -9999 361 362 361
-9999 -9999 -9999 -9999 -9999 -9999 -9999 -9999 -9999 -9999 -9999 -9999 -9999 -9999 -9999 -9999 -9999 -9999 -9999 -9999 -9999 -9999 -9999 -9999 -9999 -9999 -9999 -9999 -9999 -9999 -9999 -9999 -9999 -9999 -9999 -9999 356 -9999 366 370 371 359 353 344 355 345 330 326 340 358 372 378 388 376 365 360 -9999 -9999 -9999 -9999 -9999 -9999 -9999 -9999 -9999 -9999 -9999 -9999 -9999 -9999 -9999 -9999 374 374 372 369 368 -9999 -9999 -9999 359 362 363
