final project/Practice/maxentOut/bio6.asc
NCOLS 186 
NROWS 192 
XLLCORNER -125 
YLLCORNER -56 
CELLSIZE 0.5 
NODATA_value -9999 
[rows 111 to 147 of 192, columns 84 to 167 of 186]
-9999 -9999 -9999 -9999 -9999 -9999 -9999 -9999 -9999 -9999 -9999 -9999 -9999 -9999 -9999 -9999 204 171 109 123 56 57 -20 -33 -24 27 70 72 70 126 217 215 218 231 232 233 235 237 238 238 228 216 209 205 206 213 217 213 228 231 234 228 232 236 234 206 206 193 183 190 196 220 240 246 251 248 243 245 231 216 206 206 209 211 204 198 200 208 220 218 198 198 204 216
-9999 -9999 -9999 -9999 -9999 -9999 -9999 -9999 -9999 -9999 -9999 -9999 -9999 -9999 -9999 -9999 -9999 212 178 172 165 165 96 -5 -12 -2 48 61 37 24 144 173 183 208 231 232 233 234 236 236 226 212 205 198 200 210 218 225 234 235 234 237 242 241 238 216 217 208 196 192 205 218 237 239 242 237 229 226 219 205 191 198 205 200 201 193 186 192 206 196 192 199 202 214
-9999 -9999 -9999 -9999 -9999 -9999 -9999 -9999 -9999 -9999 -9999 -9999 -9999 -9999 -9999 -9999 -9999 -9999 -9999 220 212 193 163 103 35 -24 4 31 21 24 69 96 95 123 204 230 230 232 233 234 234 222 210 202 202 214 225 233 239 240 240 243 244 243 239 233 217 212 197 200 211 218 224 231 231 231 225 213 206 199 192 195 210 206 199 195 188 188 199 192 197 205 205 210
-9999 -9999 -9999 -9999 -9999 -9999 -9999 -9999 -9999 -9999 -9999 -9999 -9999 -9999 -9999 -9999 -9999 -9999 -9999 -9999 -9999 217 206 164 104 26 -19 11 20 10 21 13 61 56 107 179 215 228 230 230 231 228 221 215 215 218 225 234 240 242 243 244 245 244 241 237 219 210 204 204 210 214 215 221 226 229 222 210 203 199 197 203 215 215 207 196 194 194 197 197 201 201 199 218
-9999 -9999 -9999 -9999 -9999 -9999 -9999 -9999 -9999 -9999 -9999 -9999 -9999 -9999 -9999 -9999 -9999 -9999 -9999 -9999 -9999 -9999 -9999 188 173 129 -2 -7 -2 6 14 5 7 81 91 106 137 175 208 230 233 229 224 221 220 223 228 225 235 239 241 246 246 244 241 237 225 220 218 207 210 216 220 220 225 230 220 209 204 200 205 211 223 218 206 198 195 189 194 198 195 197 207 225
-9999 -9999 -9999 -9999 -9999 -9999 -9999 -9999 -9999 -9999 -9999 -9999 -9999 -9999 -9999 -9999 -9999 -9999 -9999 -9999 -9999 -9999 -9999 -9999 190 175 61 -44 -10 -1 6 4 -1 49 110 127 151 164 178 219 227 226 224 223 220 218 227 230 225 229 237 248 247 244 240 236 230 228 227 213 211 221 224 228 224 229 222 212 206 206 211 216 224 214 205 201 193 193 185 187 189 209 218 223
-9999 -9999 -9999 -9999 -9999 -9999 -9999 -9999 -9999 -9999 -9999 -9999 -9999 -9999 -9999 -9999 -9999 -9999 -9999 -9999 -9999 -9999 -9999 -9999 -9999 170 94 -18 -11 12 15 24 21 38 68 132 149 166 188 212 219 222 222 220 218 220 222 227 230 233 242 251 248 243 239 235 226 229 225 219 213 219 225 229 227 231 226 211 195 196 195 205 214 205 200 202 193 190 179 181 177 206 226 221
-9999 -9999 -9999 -9999 -9999 -9999 -9999 -9999 -9999 -9999 -9999 -9999 -9999 -9999 -9999 -9999 -9999 -9999 -9999 -9999 -9999 -9999 -9999 -9999 -9999 162 124 9 -16 13 22 30 22 9 48 109 121 165 194 199 213 219 218 218 218 218 218 216 226 234 241 250 247 242 238 234 221 228 223 220 222 224 219 222 224 222 218 209 199 194 190 191 194 187 190 196 192 189 182 184 191 216 212 224
-9999 -9999 -9999 -9999 -9999 -9999 -9999 -9999 -9999 -9999 -9999 -9999 -9999 -9999 -9999 -9999 -9999 -9999 -9999 -9999 -9999 -9999 -9999 -9999 -9999 177 142 52 -25 7 14 25 12 -1 26 70 102 155 178 185 206 212 212 214 216 217 218 219 227 236 242 244 241 236 233 229 229 222 223 226 225 224 215 212 210 209 210 208 204 202 196 186 180 170 178 184 184 186 186 185 198 193 200 219
-9999 -9999 -9999 -9999 -9999 -9999 -9999 -9999 -9999 -9999 -9999 -9999 -9999 -9999 -9999 -9999 -9999 -9999 -9999 -9999 -9999 -9999 -9999 -9999 -9999 190 156 79 -16 6 18 22 9 27 61 66 93 142 165 179 196 204 208 209 213 215 219 223 230 235 237 235 228 225 221 228 230 225 227 226 224 223 217 207 196 197 201 205 206 207 202 193 175 166 170 175 181 175 165 181 194 174 175 186
-9999 -9999 -9999 -9999 -9999 -9999 -9999 -9999 -9999 -9999 -9999 -9999 -9999 -9999 -9999 -9999 -9999 -9999 -9999 -9999 -9999 -9999 -9999 -9999 -9999 195 162 114 -11 -13 9 17 20 18 72 78 94 148 157 170 189 198 202 203 209 216 221 225 229 232 233 229 215 218 216 223 224 224 225 223 221 218 217 200 193 194 196 199 200 200 197 193 179 169 169 175 175 173 177 182 178 166 177 216
-9999 -9999 -9999 -9999 -9999 -9999 -9999 -9999 -9999 -9999 -9999 -9999 -9999 -9999 -9999 -9999 -9999 -9999 -9999 -9999 -9999 -9999 -9999 -9999 -9999 193 170 133 -4 -12 -11 7 8 1 47 66 83 123 157 175 183 190 189 194 206 214 219 222 225 228 229 222 209 214 211 211 219 221 222 220 214 209 203 193 189 190 193 196 197 192 186 183 170 168 170 173 174 174 181 191 197 197 215 230
-9999 -9999 -9999 -9999 -9999 -9999 -9999 -9999 -9999 -9999 -9999 -9999 -9999 -9999 -9999 -9999 -9999 -9999 -9999 -9999 -9999 -9999 -9999 -9999 -9999 174 147 120 19 -22 -38 -11 -23 -3 30 26 77 121 143 173 180 183 185 194 207 214 216 219 222 225 225 218 211 210 199 205 215 220 221 214 208 203 194 191 187 183 184 188 191 186 186 180 164 160 166 159 152 161 181 190 194 201 208 233
-9999 -9999 -9999 -9999 -9999 -9999 -9999 -9999 -9999 -9999 -9999 -9999 -9999 -9999 -9999 -9999 -9999 -9999 -9999 -9999 -9999 -9999 -9999 -9999 -9999 162 141 118 62 17 -45 -38 -36 -8 -3 -12 84 145 160 174 176 178 185 195 206 211 213 214 218 223 225 219 214 207 193 196 207 217 217 209 202 195 191 188 184 179 177 180 184 180 179 176 166 154 161 140 129 167 187 186 178 194 227 235
-9999 -9999 -9999 -9999 -9999 -9999 -9999 -9999 -9999 -9999 -9999 -9999 -9999 -9999 -9999 -9999 -9999 -9999 -9999 -9999 -9999 -9999 -9999 -9999 -9999 166 137 117 69 46 -35 -41 -41 -20 -3 -3 113 162 172 176 176 176 185 193 198 203 206 208 211 217 219 213 212 204 195 195 206 209 208 198 191 189 188 190 188 183 181 177 177 182 182 176 162 143 143 154 150 176 214 224 231 244 247 -9999
-9999 -9999 -9999 -9999 -9999 -9999 -9999 -9999 -9999 -9999 -9999 -9999 -9999 -9999 -9999 -9999 -9999 -9999 -9999 -9999 -9999 -9999 -9999 -9999 187 166 141 106 67 89 -6 -24 -16 -7 -3 -3 104 170 176 176 176 178 183 187 190 193 198 201 204 211 213 210 206 201 195 193 198 199 195 187 186 177 173 184 182 183 179 176 179 176 178 173 166 167 170 158 192 228 236 237 -9999 257 -9999 -9999
-9999 -9999 -9999 -9999 -9999 -9999 -9999 -9999 -9999 -9999 -9999 -9999 -9999 -9999 -9999 -9999 -9999 -9999 -9999 -9999 -9999 -9999 -9999 -9999 185 162 150 108 82 80 -3 -14 -11 6 1 61 134 159 169 174 176 178 181 182 182 186 192 196 200 207 211 210 204 200 196 189 191 192 181 181 183 182 172 165 161 171 174 176 175 171 167 161 170 188 187 203 -9999 -9999 -9999 -9999 -9999 -9999 -9999 -9999
-9999 -9999 -9999 -9999 -9999 -9999 -9999 -9999 -9999 -9999 -9999 -9999 -9999 -9999 -9999 -9999 -9999 -9999 -9999 -9999 -9999 -9999 -9999 -9999 176 133 141 99 57 26 13 6 -17 -12 0 103 134 129 164 171 174 175 176 176 178 182 187 192 197 203 208 211 206 198 194 186 180 183 178 180 179 177 170 160 152 151 142 152 158 173 195 196 218 228 225 -9999 -9999 -9999 -9999 -9999 -9999 -9999 -9999 -9999
-9999 -9999 -9999 -9999 -9999 -9999 -9999 -9999 -9999 -9999 -9999 -9999 -9999 -9999 -9999 -9999 -9999 -9999 -9999 -9999 -9999 -9999 -9999 -9999 166 118 122 84 36 9 41 19 2 -5 44 102 111 141 157 164 168 169 170 172 175 178 183 188 193 198 206 210 207 195 191 182 174 172 166 163 169 164 156 158 152 151 146 167 176 192 208 208 -9999 -9999 -9999 -9999 -9999 -9999 -9999 -9999 -9999 -9999 -9999 -9999
-9999 -9999 -9999 -9999 -9999 -9999 -9999 -9999 -9999 -9999 -9999 -9999 -9999 -9999 -9999 -9999 -9999 -9999 -9999 -9999 -9999 -9999 -9999 -9999 174 144 124 65 32 9 13 19 -4 50 63 95 123 142 154 159 163 166 167 170 174 177 179 182 187 193 204 206 205 197 190 187 180 167 157 150 150 153 152 152 154 155 155 158 182 211 216 -9999 -9999 -9999 -9999 -9999 -9999 -9999 -9999 -9999 -9999 -9999 -9999 -9999
-9999 -9999 -9999 -9999 -9999 -9999 -9999 -9999 -9999 -9999 -9999 -9999 -9999 -9999 -9999 -9999 -9999 -9999 -9999 -9999 -9999 -9999 -9999 -9999 175 153 134 73 32 22 24 0 -3 63 85 104 131 143 153 157 161 164 166 170 175 176 175 176 180 192 200 198 196 191 184 176 170 159 153 146 144 145 143 140 142 142 144 149 192 218 -9999 -9999 -9999 -9999 -9999 -9999 -9999 -9999 -9999 -9999 -9999 -9999 -9999 -9999
-9999 -9999 -9999 -9999 -9999 176 175 -9999 -9999 -9999 -9999 -9999 -9999 -9999 -9999 -9999 -9999 -9999 -9999 -9999 -9999 -9999 -9999 -9999 186 157 136 84 18 9 35 26 1 23 92 137 133 146 152 156 160 162 164 167 171 172 172 172 174 194 200 194 190 185 179 168 158 151 144 140 136 130 130 137 135 137 141 158 206 -9999 -9999 -9999 -9999 -9999 -9999 -9999 -9999 -9999 -9999 -9999 -9999 -9999 -9999 -9999
-9999 -9999 -9999 -9999 -9999 -9999 -9999 -9999 -9999 -9999 -9999 -9999 -9999 -9999 -9999 -9999 -9999 -9999 -9999 -9999 -9999 -9999 -9999 -9999 169 136 112 55 7 -1 26 24 37 72 69 137 140 145 149 154 158 160 161 164 165 166 170 175 183 195 198 192 190 185 179 178 165 154 157 162 162 137 125 128 124 137 154 180 192 -9999 -9999 -9999 -9999 -9999 -9999 -9999 -9999 -9999 -9999 -9999 -9999 -9999 -9999 -9999
-9999 -9999 -9999 -9999 -9999 -9999 -9999 -9999 -9999 -9999 -9999 -9999 -9999 -9999 -9999 -9999 -9999 -9999 -9999 -9999 -9999 -9999 -9999 -9999 160 127 95 37 -14 6 67 45 79 58 113 135 135 139 144 149 153 155 158 161 163 165 170 177 190 194 196 197 195 186 180 175 167 169 172 174 179 167 150 138 131 139 168 170 186 200 -9999 -9999 -9999 -9999 -9999 -9999 -9999 -9999 -9999 -9999 -9999 -9999 -9999 -9999
-9999 -9999 -9999 -9999 -9999 -9999 -9999 -9999 -9999 -9999 -9999 -9999 -9999 -9999 -9999 -9999 -9999 -9999 -9999 -9999 -9999 -9999 -9999 168 154 106 67 13 -21 24 71 73 93 99 112 130 128 132 139 144 149 152 155 159 162 165 169 175 183 187 188 193 194 186 177 175 175 174 172 176 176 168 161 148 142 143 149 154 186 208 -9999 -9999 -9999 -9999 -9999 -9999 -9999 -9999 -9999 -9999 -9999 -9999 -9999 -9999
-9999 -9999 -9999 -9999 -9999 -9999 -9999 -9999 -9999 -9999 -9999 -9999 -9999 -9999 -9999 -9999 -9999 -9999 -9999 -9999 -9999 -9999 -9999 166 136 74 32 7 6 49 61 78 96 87 99 119 125 132 136 141 145 149 153 156 159 163 167 172 176 179 181 184 183 179 177 179 176 173 173 175 175 168 162 155 152 148 139 170 197 -9999 -9999 -9999 -9999 -9999 -9999 -9999 -9999 -9999 -9999 -9999 -9999 -9999 -9999 -9999
-9999 -9999 -9999 -9999 -9999 -9999 -9999 -9999 -9999 -9999 -9999 -9999 -9999 -9999 -9999 -9999 -9999 -9999 -9999 -9999 -9999 -9999 174 143 110 47 -6 13 43 76 49 65 92 98 109 122 129 134 135 138 142 145 148 152 156 160 166 172 172 172 174 176 175 172 171 173 172 169 170 175 174 168 167 165 157 149 161 176 197 -9999 -9999 -9999 -9999 -9999 -9999 -9999 -9999 -9999 -9999 -9999 -9999 -9999 -9999 -9999
-9999 -9999 -9999 -9999 -9999 -9999 -9999 -9999 -9999 -9999 -9999 -9999 -9999 -9999 -9999 -9999 -9999 -9999 -9999 -9999 -9999 -9999 172 144 79 9 -15 20 48 77 59 85 102 120 122 128 133 133 125 134 138 141 145 149 152 156 162 170 169 166 168 170 170 166 164 163 164 166 167 174 170 173 176 171 156 150 185 177 -9999 -9999 -9999 -9999 -9999 -9999 -9999 -9999 -9999 -9999 -9999 -9999 -9999 -9999 -9999 -9999
-9999 -9999 -9999 -9999 -9999 -9999 -9999 -9999 -9999 -9999 -9999 -9999 -9999 -9999 -9999 -9999 -9999 -9999 -9999 -9999 -9999 -9999 169 146 75 2 -28 14 46 81 71 94 119 128 131 135 135 123 115 131 134 137 141 146 150 154 158 162 164 164 167 168 165 161 157 161 168 172 173 179 182 185 185 183 176 177 192 -9999 -9999 -9999 -9999 -9999 -9999 -9999 -9999 -9999 -9999 -9999 -9999 -9999 -9999 -9999 -9999 -9999
-9999 -9999 -9999 -9999 -9999 -9999 -9999 -9999 -9999 -9999 -9999 -9999 -9999 -9999 -9999 -9999 -9999 -9999 -9999 -9999 -9999 -9999 166 139 80 -5 -38 44 58 83 78 101 124 132 139 138 132 109 119 129 131 134 137 143 148 153 157 158 159 161 164 164 161 157 155 158 166 171 173 179 181 181 179 181 176 181 -9999 -9999 -9999 -9999 -9999 -9999 -9999 -9999 -9999 -9999 -9999 -9999 -9999 -9999 -9999 -9999 -9999 -9999
-9999 -9999 -9999 -9999 -9999 -9999 -9999 -9999 -9999 -9999 -9999 -9999 -9999 -9999 -9999 -9999 -9999 -9999 -9999 -9999 -9999 -9999 154 133 71 -12 -4 31 60 84 83 102 112 124 140 131 114 96 118 125 127 130 135 142 147 153 157 155 154 156 159 158 154 151 149 157 164 165 167 173 174 175 177 180 178 178 -9999 -9999 -9999 -9999 -9999 -9999 -9999 -9999 -9999 -9999 -9999 -9999 -9999 -9999 -9999 -9999 -9999 -9999
-9999 -9999 -9999 -9999 -9999 -9999 -9999 -9999 -9999 -9999 -9999 -9999 -9999 -9999 -9999 -9999 -9999 -9999 -9999 -9999 -9999 -9999 149 109 38 -22 4 41 59 77 76 100 115 126 138 111 86 107 117 121 122 124 132 140 146 150 150 148 148 150 153 152 149 144 147 152 160 163 163 165 163 168 176 178 178 -9999 -9999 -9999 -9999 -9999 -9999 -9999 -9999 -9999 -9999 -9999 -9999 -9999 -9999 -9999 -9999 -9999 -9999 -9999
-9999 -9999 -9999 -9999 -9999 -9999 -9999 -9999 -9999 -9999 -9999 -9999 -9999 -9999 -9999 -9999 -9999 -9999 -9999 -9999 -9999 -9999 157 126 62 -22 14 26 63 83 93 107 121 125 132 116 79 112 116 117 119 122 130 139 146 146 144 141 141 145 147 145 142 140 144 147 152 158 159 157 158 162 175 176 -9999 -9999 -9999 -9999 -9999 -9999 -9999 -9999 -9999 -9999 -9999 -9999 -9999 -9999 -9999 -9999 -9999 -9999 -9999 -9999
-9999 -9999 -9999 -9999 -9999 -9999 -9999 -9999 -9999 -9999 -9999 -9999 -9999 -9999 -9999 -9999 -9999 -9999 -9999 -9999 -9999 -9999 158 131 80 -21 -20 33 80 92 97 102 112 114 111 112 86 108 113 116 117 123 129 137 144 144 144 141 142 146 144 144 141 139 142 144 146 146 152 157 162 168 175 -9999 -9999 -9999 -9999 -9999 -9999 -9999 -9999 -9999 -9999 -9999 -9999 -9999 -9999 -9999 -9999 -9999 -9999 -9999 -9999 -9999
-9999 -9999 -9999 -9999 -9999 -9999 -9999 -9999 -9999 -9999 -9999 -9999 -9999 -9999 -9999 -9999 -9999 -9999 -9999 -9999 -9999 -9999 145 126 106 0 -37 27 89 92 94 99 99 87 81 95 92 112 118 117 117 124 127 130 134 143 144 143 142 145 144 143 142 141 141 140 137 142 154 161 166 168 -9999 -9999 -9999 -9999 -9999 -9999 -9999 -9999 -9999 -9999 -9999 -9999 -9999 -9999 -9999 -9999 -9999 -9999 -9999 -9999 -9999 -9999
-9999 -9999 -9999 -9999 -9999 -9999 -9999 -9999 -9999 -9999 -9999 -9999 -9999 -9999 -9999 -9999 -9999 -9999 -9999 -9999 -9999 -9999 149 122 102 -1 -56 42 75 83 87 93 95 85 84 84 101 118 119 118 118 120 122 123 125 134 140 141 138 140 145 144 142 141 140 137 141 148 157 163 167 -9999 -9999 -9999 -9999 -9999 -9999 -9999 -9999 -9999 -9999 -9999 -9999 -9999 -9999 -9999 -9999 -9999 -9999 -9999 -9999 -9999 -9999 -9999
-9999 -9999 -9999 -9999 162 -9999 -9999 166 160 -9999 -9999 -9999 -9999 -9999 -9999 -9999 -9999 -9999 -9999 -9999 -9999 -9999 157 136 106 30 -39 37 53 73 84 89 94 86 82 88 101 112 115 115 115 116 117 120 122 127 133 135 134 141 146 144 141 141 141 140 144 149 157 162 -9999 -9999 -9999 -9999 -9999 -9999 -9999 -9999 -9999 -9999 -9999 -9999 -9999 -9999 -9999 -9999 -9999 -9999 -9999 -9999 -9999 -9999 -9999 -9999
