final project/Practice/maxentOut/bio6.asc
NCOLS 186 
NROWS 192 
XLLCORNER -125 
YLLCORNER -56 
CELLSIZE 0.5 
NODATA_value -9999 
[rows 0 to 36 of 192, columns 0 to 83 of 186]
-9999.000000000000000 104 90 66 61 99 96 54 21 -8 3 2 6 2 -2 -3 -7 -11 -21 -32 -35 -35 -30 -20 -19 -18 -35 -69 -59 -51 -58 -56 -59 -67 -69 -87 -89 -93 -87 -34 -13 -28 -32 -28 -23 -22 -18 -27 -23 -22 -25 -29 -26 -28 -18 -16 -23 -20 -17 -14 -18 -25 -19 -11 -12 -11 -8 -7 -8 -6 -5 -4 -5 -4 -4 -2 -1 0 -2 -5 -5 5 4 5
-9999 -9999 104 83 69 91 104 91 59 -1 1 -2 5 -4 -21 -18 -12 -22 -25 -46 -44 -30 -24 -27 -21 -25 -38 -58 -43 -39 -37 -31 -29 -41 -77 -97 -110 -102 -97 -68 -36 -31 -34 -32 -29 -22 -15 -19 -16 -15 -16 -21 -21 -17 -8 -6 -13 -10 -6 0 5 -5 -4 -6 -8 -2 -5 -5 -3 -2 2 3 1 1 4 3 5 10 10 6 9 9 11 11
-9999 -9999 112 102 89 93 106 110 87 21 -3 -10 -3 -1 -20 -27 -28 -21 -16 -30 -39 -27 -26 -26 -24 -39 -54 -40 -34 -29 -15 -19 -37 -30 -54 -118 -132 -104 -103 -78 -28 -31 -40 -38 -35 -24 -19 -18 -17 -17 -16 -13 -8 -11 -4 -3 -7 -7 -2 4 4 -2 -1 -3 1 5 -3 4 2 10 13 10 8 9 14 14 14 16 20 18 16 11 11 14
-9999 -9999 -9999 116 112 112 108 109 97 58 -5 -21 -18 -6 -6 -5 -9 -4 -7 -12 -14 -18 -27 -24 -36 -58 -60 -30 -22 -16 -9 -28 -32 -55 -79 -123 -127 -103 -74 -50 -13 -20 -30 -30 -32 -28 -28 -17 -16 -14 -11 -5 4 0 0 -2 -3 -2 -1 6 2 3 4 1 6 5 3 1 2 8 18 16 17 21 24 20 19 23 28 23 25 20 17 13
-9999 -9999 -9999 125 131 131 108 106 105 85 39 -11 -9 -11 -3 9 12 6 9 7 6 -1 -13 -11 -45 -53 -38 -3 1 0 -13 -25 -38 -66 -100 -111 -103 -92 -82 -72 -16 -13 -17 -17 -21 -21 -20 -11 -9 -9 -1 3 7 6 9 11 7 5 9 12 12 9 6 8 13 7 9 7 9 9 16 19 22 28 31 28 27 28 29 27 29 27 20 18
-9999 -9999 -9999 -9999 -9999 120 108 98 104 98 84 36 -14 6 15 24 29 23 29 33 28 29 27 20 -8 -10 11 19 21 18 4 -7 -21 -37 -61 -84 -87 -90 -92 -83 -37 -11 -10 -8 -4 -7 -6 -1 4 -2 2 8 6 13 16 16 17 16 16 15 26 21 15 14 11 11 12 11 9 12 23 30 32 32 34 33 30 32 33 30 29 26 21 24
-9999 -9999 -9999 -9999 -9999 124 118 92 90 99 103 94 27 8 39 59 61 58 53 41 72 73 48 39 27 0 18 22 17 16 8 -8 -11 -11 -22 -56 -74 -76 -72 -78 -43 -27 -9 2 4 4 9 12 8 5 9 15 16 18 23 26 26 23 26 26 31 20 15 14 20 15 13 12 19 29 35 37 37 37 38 35 32 37 35 33 29 30 27 27
-9999 -9999 -9999 -9999 -9999 -9999 106 91 71 94 100 102 62 20 47 55 79 65 39 68 94 96 56 40 32 4 13 15 11 1 -2 -17 -15 -11 -22 -43 -56 -34 -44 -54 -27 -17 -5 6 8 10 12 11 10 7 15 24 22 27 35 34 30 29 36 36 37 29 33 35 28 26 25 34 47 43 47 43 39 36 35 35 40 42 40 36 32 33 39 39
-9999 -9999 -9999 -9999 -9999 -9999 -9999 100 84 80 92 98 82 55 71 74 82 83 69 82 106 89 59 38 21 14 5 21 8 -2 -5 -20 -19 -18 -27 -24 -21 -5 -30 -23 -16 0 9 9 11 14 19 22 22 23 23 27 33 35 39 43 40 39 42 46 45 41 41 39 36 35 39 51 57 53 55 52 48 40 35 36 46 47 45 41 40 46 37 27
-9999 -9999 -9999 -9999 -9999 -9999 -9999 122 119 92 88 102 96 71 82 81 81 97 90 90 115 91 64 34 22 19 -7 14 15 5 5 -8 -22 -30 -23 -7 16 2 -13 -6 11 19 26 23 15 19 24 21 29 30 30 35 39 39 45 48 48 49 53 53 52 50 47 43 48 50 54 59 59 61 64 58 54 51 47 46 50 49 45 50 49 39 27 28
-9999 -9999 -9999 -9999 -9999 -9999 -9999 -9999 132 119 97 84 90 80 76 81 84 99 112 119 126 111 79 54 30 43 42 4 6 6 8 -3 -21 -28 -20 3 10 -1 -4 6 23 23 25 23 18 17 23 22 32 42 39 40 39 49 47 47 48 51 56 55 48 51 46 47 59 66 68 64 60 65 65 62 62 61 59 59 57 55 51 53 52 43 43 57
-9999 -9999 -9999 -9999 -9999 -9999 -9999 -9999 -9999 139 133 130 125 115 86 83 55 93 119 134 129 120 99 80 62 67 65 33 6 3 -7 -14 -29 -32 -24 -1 10 11 10 15 25 27 28 26 21 21 30 28 41 46 45 44 49 54 53 57 59 58 61 64 57 53 52 59 63 73 79 70 71 73 70 70 73 62 53 58 61 61 60 62 61 62 68 72
-9999 -9999 -9999 -9999 -9999 -9999 -9999 -9999 -9999 146 144 -9999 -9999 158 137 116 92 106 113 132 127 116 109 97 96 112 104 79 56 32 -1 -22 -28 -33 -23 6 23 22 17 23 29 24 25 22 24 34 42 41 44 44 50 49 58 59 64 68 73 67 67 70 65 68 71 70 66 69 74 78 78 80 72 74 79 69 61 65 70 69 65 63 70 75 78 79
-9999 -9999 -9999 -9999 -9999 -9999 -9999 -9999 -9999 -9999 167 169 174 168 142 135 93 112 127 123 127 131 134 123 112 108 108 106 87 66 31 19 1 -14 -4 39 32 40 20 25 35 29 25 23 30 38 45 53 50 53 63 58 60 63 69 71 76 71 69 70 75 79 82 77 75 70 74 82 84 85 76 77 81 78 78 77 76 73 66 70 77 80 85 85
-9999 -9999 -9999 -9999 -9999 -9999 -9999 -9999 -9999 -9999 -9999 -9999 175 172 -9999 153 115 97 126 125 131 141 144 139 127 109 103 106 97 67 57 44 29 24 26 36 32 43 33 32 42 39 41 45 50 49 54 62 61 68 75 70 62 72 77 84 85 77 78 77 85 90 92 81 82 87 88 87 89 88 81 80 81 82 86 89 86 84 80 83 86 87 93 93
-9999 -9999 -9999 -9999 -9999 -9999 -9999 -9999 -9999 -9999 -9999 -9999 -9999 -9999 -9999 151 127 90 109 130 137 142 143 143 132 113 102 102 96 72 60 55 42 39 42 41 48 55 49 49 54 63 57 56 60 61 62 61 62 67 74 74 67 78 77 84 87 90 93 91 89 91 94 86 88 96 100 96 95 93 86 84 86 87 90 95 100 99 94 94 96 95 99 100
-9999 -9999 -9999 -9999 -9999 -9999 -9999 -9999 -9999 -9999 -9999 -9999 -9999 -9999 -9999 -9999 137 103 94 127 138 142 143 137 121 109 96 88 81 77 71 49 46 50 53 56 62 61 49 51 60 67 63 59 58 66 59 55 61 70 72 75 76 79 81 90 95 98 100 100 95 89 86 91 98 98 104 103 97 97 93 95 91 92 93 92 94 96 102 102 105 107 107 106
-9999 -9999 -9999 -9999 -9999 -9999 -9999 -9999 -9999 -9999 -9999 -9999 -9999 -9999 -9999 -9999 132 116 98 115 137 144 143 136 122 107 98 86 75 76 67 59 55 66 65 65 63 57 52 48 57 64 66 62 62 75 65 62 75 82 74 75 81 85 96 95 104 102 99 100 104 96 93 98 107 108 110 106 100 105 106 104 98 102 104 101 98 100 110 112 114 115 116 116
-9999 -9999 -9999 -9999 -9999 -9999 -9999 -9999 -9999 -9999 -9999 -9999 -9999 -9999 -9999 -9999 -9999 131 116 104 134 -9999 -9999 133 125 110 104 102 94 84 73 72 66 72 69 70 63 59 56 54 58 60 66 68 74 77 71 70 74 77 74 77 85 89 102 102 117 117 110 104 105 106 103 108 112 117 116 113 113 111 113 117 117 120 121 120 118 117 116 115 117 117 120 122
-9999 -9999 -9999 -9999 -9999 -9999 -9999 -9999 -9999 -9999 -9999 -9999 -9999 -9999 -9999 -9999 -9999 144 136 119 131 -9999 -9999 -9999 129 116 112 116 113 104 94 91 67 48 66 73 69 70 65 62 62 59 65 66 71 77 80 81 82 82 78 84 94 99 112 110 117 118 117 117 121 119 119 124 126 124 125 124 125 124 125 132 136 131 135 138 130 129 127 125 125 124 124 124
-9999 -9999 -9999 -9999 -9999 -9999 -9999 -9999 -9999 -9999 -9999 -9999 -9999 -9999 -9999 -9999 -9999 -9999 148 136 127 140 146 145 138 133 130 136 138 124 111 103 70 33 38 57 58 62 70 71 80 79 78 80 87 96 101 103 99 90 86 100 108 113 114 116 119 119 128 139 137 138 136 136 136 132 134 136 138 140 141 145 147 -9999 -9999 -9999 -9999 -9999 140 141 136 131 127 127
-9999 -9999 -9999 -9999 -9999 -9999 -9999 -9999 -9999 -9999 -9999 -9999 -9999 189 -9999 -9999 -9999 -9999 -9999 150 145 132 141 146 157 150 156 157 151 146 133 117 92 44 26 38 40 62 78 79 84 89 90 94 101 111 121 121 118 107 109 119 123 123 121 124 128 129 132 140 152 -9999 -9999 -9999 -9999 -9999 140 145 150 152 151 158 161 -9999 -9999 -9999 -9999 -9999 -9999 -9999 -9999 -9999 -9999 136
-9999 -9999 -9999 -9999 -9999 -9999 -9999 -9999 -9999 -9999 -9999 -9999 -9999 192 -9999 -9999 -9999 -9999 -9999 -9999 155 152 137 152 157 157 169 173 168 163 153 126 96 58 39 35 44 68 87 83 81 85 94 105 110 115 127 127 127 125 124 124 121 123 130 137 143 147 146 143 -9999 -9999 -9999 -9999 -9999 -9999 -9999 -9999 -9999 -9999 -9999 163 -9999 -9999 -9999 -9999 -9999 -9999 -9999 -9999 -9999 -9999 -9999 -9999
-9999 -9999 -9999 -9999 -9999 -9999 -9999 -9999 -9999 -9999 -9999 -9999 -9999 -9999 -9999 -9999 -9999 -9999 166 160 -9999 162 149 143 156 167 177 184 184 172 157 133 106 68 37 39 57 76 93 87 78 86 99 108 115 116 131 124 126 132 135 132 125 131 141 148 152 155 -9999 -9999 -9999 -9999 -9999 -9999 -9999 -9999 -9999 -9999 -9999 -9999 -9999 -9999 -9999 -9999 -9999 -9999 -9999 -9999 -9999 -9999 -9999 -9999 -9999 -9999
-9999 -9999 -9999 -9999 -9999 -9999 -9999 -9999 -9999 -9999 -9999 -9999 -9999 -9999 -9999 -9999 -9999 -9999 -9999 165 161 164 163 152 154 161 -9999 192 193 181 165 147 128 90 46 45 65 83 91 87 84 91 105 117 115 117 126 123 126 133 142 139 131 141 152 163 160 -9999 -9999 -9999 -9999 -9999 -9999 -9999 -9999 -9999 -9999 -9999 -9999 -9999 -9999 -9999 -9999 -9999 -9999 -9999 -9999 -9999 -9999 -9999 -9999 -9999 -9999 -9999
-9999 -9999 -9999 -9999 -9999 -9999 -9999 -9999 -9999 -9999 -9999 -9999 -9999 -9999 -9999 -9999 -9999 -9999 -9999 -9999 159 164 162 162 151 157 169 -9999 190 182 171 167 146 116 90 65 70 92 94 89 84 92 112 121 114 117 122 129 133 137 146 145 140 151 161 167 -9999 -9999 -9999 -9999 -9999 -9999 -9999 -9999 -9999 -9999 -9999 -9999 -9999 -9999 -9999 -9999 -9999 -9999 -9999 -9999 -9999 -9999 -9999 -9999 -9999 -9999 -9999 -9999
-9999 -9999 -9999 -9999 -9999 -9999 -9999 -9999 -9999 -9999 -9999 -9999 -9999 -9999 -9999 -9999 -9999 -9999 -9999 -9999 -9999 170 169 168 156 150 170 185 -9999 -9999 166 165 161 155 131 83 69 74 83 89 87 98 116 119 119 121 119 121 133 142 150 148 150 156 163 169 -9999 -9999 -9999 -9999 -9999 -9999 -9999 -9999 -9999 -9999 -9999 -9999 -9999 -9999 -9999 -9999 -9999 -9999 -9999 -9999 -9999 -9999 -9999 -9999 -9999 -9999 -9999 -9999
-9999 -9999 -9999 -9999 -9999 -9999 -9999 -9999 -9999 -9999 -9999 -9999 -9999 -9999 -9999 -9999 -9999 -9999 -9999 -9999 -9999 -9999 -9999 -9999 172 168 168 185 -9999 -9999 -9999 167 160 154 142 110 71 48 74 83 91 105 117 121 124 120 119 126 135 147 156 159 162 165 173 179 -9999 -9999 -9999 -9999 -9999 -9999 -9999 -9999 -9999 -9999 -9999 -9999 -9999 -9999 -9999 -9999 -9999 -9999 -9999 -9999 -9999 -9999 -9999 -9999 -9999 -9999 -9999 -9999
-9999 -9999 -9999 -9999 -9999 -9999 -9999 -9999 -9999 -9999 -9999 -9999 -9999 -9999 -9999 -9999 -9999 -9999 -9999 -9999 -9999 -9999 -9999 -9999 -9999 181 172 175 182 -9999 -9999 174 173 170 160 143 96 71 76 89 93 108 118 125 132 135 130 131 132 153 157 156 160 167 178 186 -9999 -9999 -9999 -9999 -9999 -9999 -9999 -9999 -9999 -9999 -9999 -9999 -9999 -9999 -9999 -9999 -9999 -9999 -9999 -9999 -9999 -9999 -9999 -9999 -9999 -9999 -9999 -9999
-9999 -9999 -9999 -9999 -9999 -9999 -9999 -9999 -9999 -9999 -9999 -9999 -9999 -9999 -9999 -9999 -9999 -9999 -9999 -9999 -9999 -9999 -9999 -9999 -9999 188 179 167 174 -9999 -9999 179 178 179 178 170 149 101 83 87 99 116 123 128 140 138 126 119 111 122 151 153 157 163 175 183 -9999 -9999 -9999 -9999 -9999 -9999 -9999 -9999 -9999 -9999 -9999 -9999 -9999 -9999 -9999 -9999 -9999 -9999 -9999 -9999 -9999 -9999 -9999 -9999 -9999 -9999 -9999 -9999
-9999 -9999 -9999 -9999 -9999 -9999 -9999 -9999 -9999 -9999 -9999 -9999 -9999 -9999 -9999 -9999 -9999 -9999 -9999 -9999 -9999 -9999 -9999 -9999 -9999 198 198 180 172 185 -9999 -9999 -9999 186 189 189 182 151 95 89 104 112 118 136 155 138 125 119 118 119 146 153 151 164 178 -9999 -9999 -9999 -9999 -9999 -9999 -9999 -9999 -9999 -9999 -9999 -9999 -9999 -9999 -9999 -9999 -9999 -9999 -9999 -9999 -9999 -9999 -9999 -9999 -9999 -9999 -9999 -9999 -9999
-9999 -9999 -9999 -9999 -9999 -9999 -9999 -9999 -9999 -9999 -9999 -9999 -9999 -9999 -9999 -9999 -9999 -9999 -9999 -9999 -9999 -9999 -9999 -9999 -9999 -9999 206 187 184 188 177 -9999 -9999 -9999 193 194 196 164 109 87 109 112 95 114 132 126 118 115 117 123 131 162 168 177 185 -9999 -9999 -9999 -9999 -9999 -9999 -9999 -9999 -9999 -9999 -9999 -9999 -9999 -9999 -9999 -9999 -9999 -9999 -9999 -9999 -9999 -9999 -9999 -9999 -9999 -9999 -9999 -9999 -9999
-9999 -9999 -9999 -9999 -9999 -9999 -9999 -9999 -9999 -9999 -9999 -9999 -9999 -9999 -9999 -9999 -9999 -9999 -9999 -9999 -9999 -9999 -9999 -9999 -9999 -9999 -9999 -9999 198 181 165 184 -9999 -9999 -9999 201 206 200 146 94 97 118 92 102 102 107 110 113 116 126 115 160 186 186 193 -9999 -9999 -9999 -9999 -9999 -9999 -9999 -9999 -9999 -9999 -9999 -9999 -9999 -9999 -9999 -9999 -9999 -9999 -9999 -9999 -9999 -9999 -9999 -9999 -9999 -9999 -9999 -9999 -9999
-9999 -9999 -9999 -9999 -9999 -9999 -9999 -9999 -9999 -9999 -9999 -9999 -9999 -9999 -9999 -9999 -9999 -9999 -9999 -9999 -9999 -9999 -9999 -9999 -9999 -9999 -9999 -9999 -9999 191 172 186 -9999 -9999 -9999 -9999 220 225 202 150 119 109 94 91 99 107 116 117 130 137 132 162 197 186 203 -9999 -9999 -9999 -9999 -9999 -9999 -9999 -9999 -9999 -9999 -9999 -9999 -9999 -9999 -9999 -9999 -9999 -9999 -9999 -9999 -9999 -9999 -9999 -9999 -9999 -9999 -9999 -9999 246
-9999 -9999 -9999 -9999 -9999 -9999 -9999 -9999 -9999 -9999 -9999 -9999 -9999 -9999 -9999 -9999 -9999 -9999 -9999 -9999 -9999 -9999 -9999 -9999 -9999 -9999 -9999 -9999 -9999 202 202 -9999 -9999 -9999 -9999 -9999 -9999 229 222 188 147 129 108 95 102 110 117 126 137 148 154 190 214 210 213 -9999 -9999 -9999 -9999 -9999 -9999 -9999 -9999 -9999 -9999 -9999 -9999 -9999 -9999 -9999 280 -9999 -9999 -9999 -9999 -9999 -9999 -9999 -9999 -9999 -9999 251 245 239
-9999 -9999 -9999 -9999 -9999 -9999 -9999 -9999 -9999 -9999 -9999 -9999 -9999 -9999 -9999 -9999 -9999 -9999 -9999 -9999 -9999 -9999 -9999 -9999 -9999 -9999 -9999 -9999 -9999 -9999 -9999 -9999 -9999 -9999 -9999 -9999 -9999 -9999 224 212 166 145 119 110 108 107 113 123 133 157 163 183 209 219 222 -9999 -9999 -9999 -9999 -9999 -9999 -9999 -9999 -9999 -9999 -9999 -9999 -9999 -9999 -9999 -9999 -9999 -9999 -9999 -9999 -9999 -9999 -9999 -9999 -9999 257 249 246 246
-9999 -9999 -9999 -9999 -9999 -9999 -9999 -9999 -9999 -9999 -9999 -9999 -9999 -9999 -9999 -9999 -9999 -9999 -9999 -9999 -9999 -9999 -9999 -9999 -9999 -9999 -9999 -9999 -9999 -9999 -9999 -9999 -9999 -9999 -9999 -9999 223 -9999 227 223 196 151 132 116 118 116 116 115 122 145 171 188 211 218 225 232 -9999 -9999 -9999 -9999 -9999 -9999 -9999 -9999 -9999 -9999 -9999 -9999 -9999 -9999 -9999 -9999 249 246 244 249 254 -9999 -9999 -9999 260 255 252 257
