final project/Practice/maxentOut/bio6.asc
NCOLS 186 
NROWS 192 
XLLCORNER -125 
YLLCORNER -56 
CELLSIZE 0.5 
NODATA_value -9999 
[rows 74 to 110 of 192, columns 84 to 167 of 186]
-9999 -9999 -9999 -9999 -9999 -9999 -9999 -9999 306 302 298 274 205 154 197 238 216 276 277 290 297 299 297 296 294 292 292 291 291 289 286 284 284 286 288 290 284 243 249 269 279 281 287 290 292 295 298 298 296 291 291 293 291 286 287 283 284 284 280 277 277 277 280 287 293 -9999 -9999 -9999 -9999 -9999 -9999 -9999 -9999 -9999 -9999 -9999 -9999 -9999 -9999 -9999 -9999 -9999 -9999 -9999
-9999 -9999 -9999 -9999 -9999 -9999 -9999 -9999 308 303 284 210 192 151 233 208 267 277 281 288 293 297 296 294 293 292 289 287 287 284 281 278 279 285 288 284 281 274 260 264 281 286 289 289 292 289 294 292 292 292 293 292 291 285 278 280 278 282 278 277 281 280 282 290 297 301 -9999 -9999 -9999 -9999 -9999 -9999 -9999 -9999 -9999 -9999 -9999 -9999 -9999 -9999 -9999 -9999 -9999 -9999
-9999 -9999 -9999 -9999 -9999 -9999 -9999 304 305 297 263 238 163 192 240 266 280 278 281 285 290 293 292 290 291 289 286 286 285 283 282 279 282 287 280 275 267 266 286 289 288 286 281 295 294 292 289 287 290 288 292 290 290 284 285 282 282 283 281 279 283 286 288 293 301 304 305 -9999 -9999 -9999 -9999 -9999 -9999 -9999 -9999 -9999 -9999 -9999 -9999 -9999 -9999 -9999 -9999 -9999
-9999 -9999 -9999 -9999 -9999 -9999 296 295 293 259 190 171 199 247 282 284 283 283 284 286 286 290 291 289 288 287 285 285 285 286 286 289 292 292 269 268 273 284 281 286 292 290 294 296 296 294 294 287 286 283 285 292 291 286 285 283 282 284 283 284 287 291 293 298 305 308 308 -9999 -9999 -9999 -9999 -9999 -9999 -9999 -9999 -9999 -9999 -9999 -9999 -9999 -9999 -9999 -9999 -9999
-9999 -9999 -9999 -9999 -9999 294 289 284 258 189 129 178 262 279 283 284 284 284 285 285 286 290 290 288 285 285 285 284 284 287 290 294 297 283 270 278 293 294 294 283 294 295 297 297 297 296 295 294 289 291 287 292 293 288 286 283 283 283 284 287 285 294 298 304 308 309 309 -9999 -9999 -9999 -9999 -9999 -9999 -9999 -9999 -9999 -9999 -9999 -9999 -9999 -9999 -9999 -9999 -9999
-9999 -9999 -9999 -9999 -9999 291 279 275 205 141 164 255 274 279 282 284 285 285 286 286 287 291 290 289 286 286 285 284 285 287 291 294 296 295 289 289 294 295 295 296 296 297 297 299 298 296 296 295 295 297 296 296 295 293 287 282 279 286 288 294 292 295 303 307 310 310 311 311 -9999 -9999 -9999 -9999 -9999 -9999 -9999 -9999 -9999 -9999 -9999 -9999 -9999 -9999 -9999 -9999
-9999 -9999 -9999 -9999 -9999 273 270 256 170 120 168 259 274 278 281 283 285 286 287 288 288 290 289 288 288 287 284 284 285 287 290 293 294 295 295 295 295 296 295 295 295 296 298 299 299 298 297 299 294 297 295 299 299 294 288 283 282 289 296 296 297 296 304 307 308 308 310 311 312 312 -9999 -9999 -9999 -9999 -9999 -9999 -9999 -9999 -9999 -9999 -9999 -9999 -9999 -9999
-9999 -9999 -9999 -9999 278 273 272 248 122 107 209 265 272 276 280 281 284 286 287 288 288 290 290 289 288 288 286 284 284 286 288 291 291 293 293 294 294 295 295 295 296 297 298 299 300 298 297 299 300 301 301 302 302 299 291 287 284 287 291 290 297 301 303 303 303 304 306 308 310 308 302 294 293 296 -9999 -9999 -9999 -9999 -9999 -9999 -9999 -9999 -9999 -9999
-9999 -9999 -9999 277 265 261 276 233 111 158 251 268 274 276 278 279 282 285 287 288 289 290 289 290 288 288 287 285 285 285 287 288 288 289 291 292 294 294 295 295 296 298 299 300 300 301 302 300 302 301 303 305 306 304 299 295 288 289 292 300 301 302 301 299 298 298 301 304 304 301 295 288 289 295 298 301 303 -9999 -9999 -9999 -9999 -9999 -9999 -9999
-9999 -9999 -9999 -9999 263 262 272 227 118 171 253 268 275 278 278 279 283 285 287 288 288 289 289 288 287 286 284 285 285 285 286 286 286 287 289 291 293 294 295 295 296 298 300 301 301 301 303 301 301 303 304 307 305 304 299 297 299 301 304 303 303 301 298 296 293 293 297 298 297 295 292 290 291 296 297 301 305 308 -9999 -9999 -9999 -9999 -9999 -9999
-9999 -9999 -9999 278 271 266 274 247 116 186 250 274 276 279 280 280 283 286 287 287 287 288 288 288 287 285 284 284 284 283 284 284 284 284 287 292 294 295 295 296 297 299 300 302 303 302 302 302 302 304 305 309 311 306 297 292 292 296 299 298 297 298 295 293 291 292 295 296 295 293 292 289 292 297 300 304 307 308 306 304 303 -9999 -9999 -9999
-9999 -9999 -9999 -9999 265 269 272 148 146 227 271 281 281 280 279 279 280 284 286 285 285 286 285 285 285 285 284 283 284 283 284 285 283 283 288 293 296 296 296 297 298 299 301 302 305 305 303 302 299 301 306 310 311 301 292 284 277 282 285 288 290 292 292 290 290 292 294 294 293 292 290 288 291 294 300 302 303 305 302 300 299 297 297 294
-9999 -9999 -9999 -9999 -9999 272 251 163 175 233 279 285 285 283 279 278 280 282 284 285 284 284 284 283 283 283 282 284 284 285 284 285 284 286 290 295 298 298 297 297 298 299 301 304 305 307 306 303 299 300 303 305 304 298 290 283 277 276 278 281 282 283 285 287 288 291 294 293 291 290 287 286 289 292 296 299 300 299 296 292 290 294 294 283
-9999 -9999 -9999 -9999 254 258 236 167 223 242 278 289 288 286 281 277 281 283 285 286 284 283 283 283 282 281 281 282 282 283 284 285 286 289 291 296 298 298 297 297 298 299 301 303 304 304 303 300 297 296 298 299 297 294 290 284 277 274 274 274 274 273 272 278 285 291 293 292 290 286 283 284 283 289 294 295 296 294 291 286 283 285 284 258
-9999 -9999 -9999 222 226 242 222 185 220 250 282 293 291 289 285 283 284 285 286 288 284 282 281 280 279 280 280 280 279 281 284 286 288 290 291 294 295 296 295 295 295 297 299 299 300 300 298 296 294 293 293 292 292 293 291 281 273 268 270 270 269 266 266 273 281 289 294 292 288 282 277 276 276 280 287 291 291 289 287 282 278 274 270 258
-9999 -9999 -9999 218 226 234 194 185 219 264 278 291 291 291 290 288 286 287 287 284 281 280 279 278 277 277 276 277 278 281 283 286 289 289 290 291 293 293 293 292 293 295 295 296 296 295 294 292 289 288 287 285 287 287 280 275 271 270 268 265 265 263 266 272 277 284 290 292 284 277 269 266 266 266 272 278 284 283 284 281 276 272 263 259
-9999 -9999 -9999 220 229 236 208 183 233 250 242 266 283 289 290 288 287 287 286 282 279 277 276 276 275 275 274 276 276 278 281 285 286 287 288 289 289 290 290 291 291 291 292 293 292 291 289 286 284 281 279 279 280 280 275 270 268 265 264 263 263 262 265 269 273 281 287 291 286 279 269 256 254 257 265 269 276 278 279 279 277 270 266 258
-9999 -9999 -9999 217 229 236 226 178 236 201 187 238 250 285 285 285 285 285 282 279 276 275 274 274 273 272 272 273 273 275 279 280 283 284 285 286 287 288 288 288 287 288 289 290 288 286 283 281 277 273 273 274 273 271 268 264 263 262 258 258 259 257 260 263 266 274 280 285 280 272 261 249 245 250 258 266 269 273 277 276 269 270 266 256
-9999 -9999 -9999 215 225 232 233 158 177 173 148 192 231 263 276 280 281 280 277 275 272 272 271 271 271 270 270 270 270 273 275 277 279 280 282 282 284 284 283 284 284 284 284 284 282 280 277 275 271 269 269 265 263 263 261 258 259 257 255 254 255 255 253 255 261 257 270 276 272 265 248 241 242 248 252 259 264 269 272 276 270 266 264 258
-9999 -9999 -9999 -9999 218 229 229 195 105 124 133 200 248 256 258 275 276 274 271 270 268 268 268 270 270 270 269 268 268 269 270 273 275 277 278 279 280 280 280 280 280 279 279 278 276 274 269 268 265 261 260 259 255 255 256 255 254 253 251 249 248 247 250 253 253 261 265 269 269 264 254 252 248 248 251 255 264 271 279 284 282 269 256 259
-9999 -9999 -9999 -9999 -9999 -9999 227 198 122 94 117 190 259 254 262 274 269 269 265 266 265 265 267 268 269 268 266 264 263 264 266 269 272 274 275 277 277 277 276 276 275 274 273 271 270 265 263 260 260 257 252 251 250 250 250 250 249 248 248 245 246 240 246 249 248 255 262 265 265 264 267 264 255 254 260 265 269 269 277 280 277 269 265 267
-9999 -9999 -9999 -9999 -9999 -9999 218 211 149 88 104 126 230 240 257 272 272 269 264 263 262 263 265 267 268 267 262 259 257 258 262 266 270 272 274 275 275 274 274 272 271 269 267 265 263 261 257 253 254 253 252 246 243 245 245 246 246 243 243 243 243 239 240 246 247 253 259 261 261 264 269 268 262 257 259 260 264 263 272 267 268 264 263 265
-9999 -9999 -9999 -9999 -9999 -9999 -9999 217 174 86 64 93 190 228 244 267 272 270 265 263 263 262 263 265 266 263 258 252 250 253 258 264 267 270 272 273 273 272 271 269 266 264 262 258 256 255 254 249 248 248 248 243 235 233 238 243 242 239 240 241 242 238 237 246 248 254 257 258 256 264 265 263 256 253 257 254 259 259 267 259 260 258 259 254
-9999 -9999 -9999 -9999 -9999 -9999 -9999 -9999 201 145 59 90 114 228 239 266 271 272 268 264 263 260 260 262 262 257 251 246 243 248 256 263 266 269 271 272 272 268 267 265 261 259 255 253 251 249 248 246 243 241 242 243 241 237 232 231 232 235 237 238 241 243 241 245 251 257 259 260 256 262 262 259 250 250 254 253 256 264 259 249 245 255 256 245
-9999 -9999 -9999 -9999 -9999 -9999 -9999 -9999 207 186 55 43 89 193 223 267 253 272 268 264 262 259 258 258 256 253 248 243 240 248 258 263 266 267 269 270 271 268 265 261 256 252 249 246 245 244 242 242 239 238 236 239 240 239 235 228 223 232 235 237 239 242 244 247 255 260 262 262 257 261 260 258 248 248 247 243 249 259 249 245 251 260 256 248
-9999 -9999 -9999 -9999 -9999 -9999 -9999 -9999 -9999 202 92 18 49 104 162 261 252 262 267 262 262 257 256 255 252 249 245 244 246 255 262 264 266 268 271 273 270 267 262 257 251 246 243 240 239 237 236 237 234 234 235 236 237 237 236 233 228 229 233 234 239 244 245 250 259 264 264 262 258 257 258 255 246 242 242 239 243 240 243 247 251 265 260 241
-9999 -9999 -9999 -9999 -9999 -9999 -9999 -9999 -9999 206 161 47 26 73 117 229 251 231 265 261 260 255 254 252 248 245 243 244 250 260 264 265 265 266 270 271 268 265 258 252 246 240 235 232 233 231 229 229 230 231 230 232 235 235 236 234 231 226 229 233 237 243 249 255 263 267 266 262 259 251 250 250 244 229 221 220 225 223 227 239 246 250 243 220
-9999 -9999 -9999 -9999 -9999 -9999 -9999 -9999 -9999 -9999 200 102 26 40 79 183 218 214 257 263 259 254 253 248 245 241 239 240 249 259 262 262 261 261 268 267 265 259 247 246 240 233 230 227 227 224 221 221 222 228 227 229 232 234 233 228 225 224 225 230 234 243 254 261 267 269 267 260 251 244 242 245 239 227 215 208 206 202 219 238 240 239 234 224
-9999 -9999 -9999 -9999 -9999 -9999 -9999 -9999 -9999 -9999 210 181 49 16 49 128 189 224 231 258 260 253 249 247 243 238 233 235 244 253 259 260 259 258 264 265 263 261 251 243 236 231 225 222 218 217 214 216 218 224 228 231 232 229 229 226 223 221 221 225 230 239 254 265 270 270 267 260 253 247 242 242 236 226 218 204 202 208 223 244 226 225 227 222
-9999 -9999 -9999 -9999 -9999 -9999 -9999 -9999 -9999 -9999 207 204 117 1 25 48 89 208 186 239 255 252 255 250 246 241 236 239 245 252 257 258 259 260 263 263 261 258 251 244 237 227 223 221 215 210 210 211 215 221 225 231 233 230 227 223 220 217 215 217 227 236 248 262 269 268 265 258 255 249 245 249 247 237 229 216 211 214 222 234 215 206 216 210
-9999 -9999 -9999 -9999 -9999 -9999 -9999 -9999 -9999 -9999 -9999 211 178 53 8 45 93 166 170 192 227 176 222 254 252 248 246 247 250 254 257 258 260 262 262 262 260 256 252 246 238 226 217 216 212 205 203 208 213 216 223 229 235 230 227 222 218 215 213 215 223 234 244 257 264 266 263 258 255 247 240 250 260 249 245 230 212 207 223 232 226 201 207 217
-9999 -9999 -9999 -9999 -9999 -9999 -9999 -9999 -9999 -9999 -9999 -9999 198 128 36 7 53 82 152 178 170 131 170 247 256 256 255 255 255 257 258 260 260 261 260 261 259 255 251 245 238 231 224 216 208 198 201 204 207 210 220 230 234 230 226 220 218 214 213 216 222 230 241 254 261 262 260 259 252 244 243 250 257 251 245 232 216 214 235 241 228 213 195 223
-9999 -9999 -9999 -9999 -9999 -9999 -9999 -9999 -9999 -9999 -9999 -9999 200 182 88 17 14 71 101 120 80 50 56 117 212 244 253 255 257 257 259 259 259 258 257 258 257 253 249 243 236 231 226 220 212 207 196 201 202 207 218 228 232 229 225 220 216 212 211 214 221 228 238 252 258 260 261 257 251 248 239 251 254 241 236 228 221 227 239 242 220 217 194 205
-9999 -9999 -9999 -9999 -9999 -9999 -9999 -9999 -9999 -9999 -9999 -9999 -9999 195 149 57 26 48 77 69 63 54 36 -22 -15 74 185 220 239 250 257 259 257 254 252 253 253 251 247 242 236 227 224 218 209 211 198 198 201 207 214 222 229 231 224 219 212 207 209 212 216 226 239 250 256 260 260 256 247 248 242 239 257 236 228 224 219 223 232 234 218 215 221 217
-9999 -9999 -9999 -9999 -9999 -9999 -9999 -9999 -9999 -9999 -9999 -9999 -9999 183 166 127 49 23 36 38 16 14 5 -19 -48 -29 23 148 199 221 247 256 252 246 243 245 248 247 244 238 234 228 221 218 201 211 211 197 201 206 214 223 230 232 226 219 214 206 202 207 212 225 239 248 255 258 260 255 252 250 234 244 255 233 220 218 218 224 233 229 221 221 226 232
-9999 -9999 -9999 -9999 -9999 -9999 -9999 -9999 -9999 -9999 -9999 -9999 -9999 -9999 180 166 107 47 10 2 -28 -25 -22 -24 -36 -9 1 8 171 207 237 244 246 237 231 236 243 242 241 236 232 226 219 216 209 204 211 205 205 212 228 230 233 234 232 221 208 194 193 197 207 223 238 248 254 256 252 252 250 238 226 245 241 223 214 212 213 219 229 234 225 215 213 222
-9999 -9999 -9999 -9999 -9999 -9999 -9999 -9999 -9999 -9999 -9999 -9999 -9999 -9999 -9999 175 153 109 54 41 -9 -25 -37 -41 -46 24 54 37 119 221 231 232 239 234 229 232 238 240 239 237 229 222 216 212 212 213 217 218 218 222 231 233 228 228 224 211 197 190 187 191 195 215 238 248 253 252 247 249 247 237 223 229 216 213 207 206 210 221 229 237 221 203 204 214
