final project/Practice/maxentOut/bio7.asc
NCOLS 186 
NROWS 192 
XLLCORNER -125 
YLLCORNER -56 
CELLSIZE 0.5 
NODATA_value -9999 
[rows 74 to 110 of 192, columns 84 to 167 of 186]
-9999 -9999 -9999 -9999 -9999 -9999 -9999 -9999 30 39 52 74 90 74 70 74 62 85 86 90 94 93 90 86 84 82 81 81 82 85 90 94 94 90 84 78 76 76 75 76 77 78 79 81 81 75 73 74 77 80 82 83 83 80 78 79 78 79 81 83 87 88 86 81 77 -9999 -9999 -9999 -9999 -9999 -9999 -9999 -9999 -9999 -9999 -9999 -9999 -9999 -9999 -9999 -9999 -9999 -9999 -9999
-9999 -9999 -9999 -9999 -9999 -9999 -9999 -9999 23 37 61 79 84 70 72 63 86 86 88 90 93 92 88 84 82 79 78 79 80 85 91 98 97 89 82 77 74 74 74 75 76 77 78 79 79 75 73 75 77 80 83 86 89 91 86 82 81 80 81 82 83 83 80 77 72 67 -9999 -9999 -9999 -9999 -9999 -9999 -9999 -9999 -9999 -9999 -9999 -9999 -9999 -9999 -9999 -9999 -9999 -9999
-9999 -9999 -9999 -9999 -9999 -9999 -9999 29 27 42 63 80 65 70 69 73 81 84 86 87 87 87 84 81 78 75 75 75 77 81 86 94 91 84 79 75 73 73 73 74 74 75 75 76 76 74 74 76 79 80 84 88 92 97 92 86 83 81 80 79 79 77 74 71 67 63 61 -9999 -9999 -9999 -9999 -9999 -9999 -9999 -9999 -9999 -9999 -9999 -9999 -9999 -9999 -9999 -9999 -9999
-9999 -9999 -9999 -9999 -9999 -9999 42 49 50 54 66 64 67 69 72 74 76 79 81 83 82 82 80 77 75 71 70 70 72 75 78 79 78 76 74 72 71 72 72 73 73 73 73 74 73 72 73 76 77 80 83 87 90 93 91 87 83 79 78 77 74 72 69 65 62 59 58 -9999 -9999 -9999 -9999 -9999 -9999 -9999 -9999 -9999 -9999 -9999 -9999 -9999 -9999 -9999 -9999 -9999
-9999 -9999 -9999 -9999 -9999 38 44 57 62 73 66 69 71 68 69 72 73 76 77 78 77 78 76 74 71 68 65 65 67 69 70 70 68 70 70 70 70 70 70 71 71 71 70 71 71 72 73 75 76 79 82 84 87 88 87 84 81 78 75 74 71 68 65 61 58 57 57 -9999 -9999 -9999 -9999 -9999 -9999 -9999 -9999 -9999 -9999 -9999 -9999 -9999 -9999 -9999 -9999 -9999
-9999 -9999 -9999 -9999 -9999 49 58 64 80 86 77 72 71 70 69 71 71 73 73 74 74 74 73 70 67 65 63 63 65 67 65 63 63 65 66 67 68 68 69 69 69 69 70 69 70 70 71 73 75 77 79 81 83 84 84 82 80 77 74 71 69 66 62 59 55 56 55 54 -9999 -9999 -9999 -9999 -9999 -9999 -9999 -9999 -9999 -9999 -9999 -9999 -9999 -9999 -9999 -9999
-9999 -9999 -9999 -9999 -9999 63 73 72 83 79 85 73 71 71 70 73 74 71 71 71 72 73 71 69 65 63 61 61 64 65 63 61 61 63 64 65 66 67 68 69 69 69 68 68 68 69 69 70 72 74 76 78 79 80 81 79 78 74 71 70 68 67 64 61 58 58 55 53 51 50 -9999 -9999 -9999 -9999 -9999 -9999 -9999 -9999 -9999 -9999 -9999 -9999 -9999 -9999
-9999 -9999 -9999 -9999 65 74 75 68 79 68 82 73 73 72 72 74 73 71 69 69 72 74 71 66 64 61 60 61 63 63 63 61 62 62 64 64 66 66 67 69 69 67 67 67 67 67 68 68 69 71 73 74 75 76 77 76 75 72 70 70 68 67 67 66 64 62 59 56 52 54 61 71 73 68 -9999 -9999 -9999 -9999 -9999 -9999 -9999 -9999 -9999 -9999
-9999 -9999 -9999 57 68 83 76 68 79 82 72 72 72 72 72 73 72 70 69 68 70 70 69 65 63 61 60 61 62 63 63 62 64 64 64 65 65 66 66 67 67 67 66 66 66 66 66 67 68 68 68 70 71 72 74 74 72 70 69 68 68 69 70 71 71 70 65 61 59 62 68 77 76 68 63 58 56 -9999 -9999 -9999 -9999 -9999 -9999 -9999
-9999 -9999 -9999 -9999 68 83 81 76 81 79 71 72 73 73 72 72 70 68 68 67 68 67 66 65 63 62 61 61 62 63 63 64 65 65 66 66 65 66 66 67 67 66 65 65 65 65 64 66 67 66 67 66 68 71 74 73 69 66 65 67 67 70 72 74 78 77 72 69 68 69 73 75 74 67 63 57 54 51 -9999 -9999 -9999 -9999 -9999 -9999
-9999 -9999 -9999 55 71 83 82 77 74 84 77 75 74 73 73 72 70 68 68 68 69 67 66 65 64 63 62 62 63 64 64 66 67 68 68 66 65 65 66 65 65 64 64 64 63 64 64 65 65 66 65 64 65 69 74 76 72 68 65 66 69 71 73 76 80 78 75 73 72 73 74 76 72 68 64 59 55 52 57 62 66 -9999 -9999 -9999
-9999 -9999 -9999 -9999 89 89 80 71 82 87 76 75 74 74 74 74 73 71 70 71 71 69 68 67 65 64 64 64 64 65 65 66 68 69 67 65 65 65 65 64 64 64 63 63 62 62 63 64 66 67 66 64 64 70 77 80 80 73 71 70 71 71 73 76 78 78 77 76 75 75 77 77 75 72 68 67 66 59 63 68 72 75 80 93
-9999 -9999 -9999 -9999 -9999 85 74 72 80 87 76 74 73 73 75 76 75 74 73 73 72 71 70 69 67 66 66 65 65 65 67 67 68 69 66 64 65 65 65 64 64 63 63 62 62 62 63 64 67 68 67 67 68 72 77 81 81 79 76 74 75 75 75 76 78 78 79 78 79 78 79 79 79 77 77 75 74 73 75 80 82 76 78 96
-9999 -9999 -9999 -9999 105 95 87 74 88 86 77 73 73 73 75 79 77 76 75 74 73 72 71 70 70 70 69 68 67 68 68 68 68 68 67 65 64 64 64 64 63 63 62 62 62 64 65 67 70 72 72 72 73 75 78 82 83 82 80 80 78 78 79 79 79 79 79 80 80 82 84 84 83 82 82 83 82 84 89 95 101 96 97 104
-9999 -9999 -9999 130 118 109 100 90 95 86 75 71 71 71 74 77 77 78 76 73 74 74 73 74 74 73 73 72 72 71 70 69 69 68 68 67 66 65 65 65 64 64 64 65 66 67 70 72 74 76 77 78 78 80 82 85 86 86 85 84 83 82 82 82 80 79 78 80 82 86 91 92 92 88 87 88 91 94 99 107 115 119 116 109
-9999 -9999 -9999 140 138 127 100 95 93 81 74 71 71 70 72 76 79 80 80 79 78 77 76 76 77 77 77 75 75 73 72 71 70 70 70 69 68 68 67 67 67 66 67 67 70 72 75 78 81 83 84 86 86 86 88 89 91 90 90 90 89 88 86 84 82 80 78 80 84 91 98 104 105 102 99 98 99 102 107 114 122 122 120 111
-9999 -9999 -9999 144 144 134 108 97 91 84 82 76 73 71 75 80 82 84 85 83 80 80 79 79 79 79 79 78 78 77 75 74 73 73 72 72 72 72 72 71 71 71 70 70 74 77 81 85 88 92 94 94 95 95 96 97 98 98 98 96 95 94 92 90 87 84 81 80 86 96 107 118 122 120 114 109 107 108 112 115 122 123 119 110
-9999 -9999 -9999 138 137 130 113 101 91 93 92 84 82 77 83 86 87 87 87 85 84 82 81 81 82 82 82 82 82 81 79 78 77 76 76 76 76 77 77 77 77 76 74 74 79 83 88 92 97 100 103 104 105 106 106 106 106 106 105 104 102 100 99 97 94 91 88 87 92 103 115 130 135 135 125 117 112 110 112 116 121 122 117 105
-9999 -9999 -9999 136 132 127 118 111 107 104 104 97 92 94 96 95 93 92 90 88 87 84 84 84 84 85 86 86 86 85 84 82 81 81 80 82 81 83 84 84 84 84 83 83 87 91 96 100 105 109 112 115 115 115 116 116 115 115 113 111 109 109 109 106 102 99 97 97 101 109 123 135 136 134 127 119 114 112 111 111 119 118 114 105
-9999 -9999 -9999 -9999 125 124 122 121 127 122 118 104 98 107 106 101 99 96 95 91 90 87 87 86 87 87 89 90 90 89 89 87 86 85 85 86 87 88 89 91 92 92 91 92 95 99 104 109 114 119 123 125 126 126 125 125 124 123 122 120 119 119 118 115 111 108 107 106 107 111 117 124 126 127 123 119 115 113 109 106 109 117 116 109
-9999 -9999 -9999 -9999 -9999 -9999 123 129 135 139 129 113 100 108 108 104 103 100 98 94 91 90 90 89 88 90 92 94 94 94 93 91 89 89 89 89 92 93 95 98 100 100 100 101 104 108 112 117 122 128 133 135 135 135 135 134 134 132 130 128 127 129 126 122 119 116 115 113 112 112 112 115 121 124 123 120 116 115 112 110 113 121 120 112
-9999 -9999 -9999 -9999 -9999 -9999 112 116 131 143 138 133 108 110 109 105 103 101 100 97 94 93 92 91 90 92 96 99 100 100 97 95 93 92 92 92 94 96 98 103 105 106 107 109 112 116 119 124 129 134 138 142 142 143 143 143 142 141 139 136 135 134 131 128 125 123 122 121 120 117 116 116 120 123 123 121 118 117 116 118 122 129 126 115
-9999 -9999 -9999 -9999 -9999 -9999 -9999 87 112 143 145 143 121 112 112 106 103 102 101 99 97 96 95 94 94 97 100 105 107 105 102 98 97 95 94 94 95 97 99 103 108 110 113 117 120 123 126 130 135 139 142 145 148 150 151 151 151 150 147 144 141 138 135 132 129 129 128 127 125 120 119 120 122 124 125 123 121 119 120 123 132 138 130 124
-9999 -9999 -9999 -9999 -9999 -9999 -9999 -9999 103 128 147 149 145 110 113 105 102 101 101 100 99 100 99 98 98 102 107 111 114 110 105 101 99 98 97 96 96 100 102 105 111 115 120 122 125 129 132 135 139 143 146 149 151 154 157 159 161 158 155 150 146 142 138 134 131 129 129 127 125 123 122 123 125 127 127 127 125 121 123 129 139 138 130 128
-9999 -9999 -9999 -9999 -9999 -9999 -9999 -9999 102 113 150 151 149 124 117 100 108 100 101 102 102 102 102 103 104 106 110 114 117 111 104 102 101 101 101 99 98 101 104 109 115 121 125 129 131 134 137 140 142 146 149 151 154 157 161 166 168 165 160 155 150 145 139 134 132 129 128 126 125 125 126 127 129 131 135 135 134 129 128 132 136 124 122 131
-9999 -9999 -9999 -9999 -9999 -9999 -9999 -9999 -9999 105 138 147 147 148 140 98 106 103 101 103 103 105 106 106 108 110 113 114 113 106 103 103 104 105 103 102 102 103 108 115 121 127 132 135 137 139 141 143 146 148 150 153 155 158 162 167 170 168 164 160 153 147 140 134 130 127 127 128 127 126 127 130 134 139 144 148 148 144 138 135 133 117 117 128
-9999 -9999 -9999 -9999 -9999 -9999 -9999 -9999 -9999 102 120 142 139 141 142 108 104 113 101 105 106 108 108 109 112 114 116 115 112 105 104 105 108 110 108 107 107 107 113 120 127 135 139 141 142 143 144 146 148 150 150 152 154 157 161 166 169 170 167 163 156 148 140 132 127 126 127 130 128 130 135 137 139 145 153 162 166 164 150 139 140 135 123 118
-9999 -9999 -9999 -9999 -9999 -9999 -9999 -9999 -9999 -9999 104 130 134 131 137 124 115 121 105 104 107 110 109 111 113 116 119 120 116 109 108 111 115 119 115 116 113 112 118 125 133 141 145 145 145 145 147 148 150 150 151 152 153 155 160 165 170 171 172 166 159 149 138 128 123 123 126 132 138 144 140 139 140 145 158 173 180 180 156 133 142 141 125 113
-9999 -9999 -9999 -9999 -9999 -9999 -9999 -9999 -9999 -9999 98 117 135 134 136 137 124 117 118 108 107 111 111 110 113 118 126 127 122 116 113 116 120 124 120 120 119 116 122 129 137 144 148 147 147 146 148 150 151 151 150 151 154 159 162 165 170 174 176 172 164 151 136 125 119 120 125 131 139 144 141 138 136 140 154 175 183 180 159 132 140 137 116 103
-9999 -9999 -9999 -9999 -9999 -9999 -9999 -9999 -9999 -9999 97 109 135 139 140 144 148 126 139 119 111 111 106 106 108 115 123 124 122 119 117 119 121 123 122 123 123 122 126 132 138 143 146 146 146 146 147 150 152 152 151 151 154 162 165 167 169 175 181 179 166 152 137 126 121 121 125 130 136 142 142 138 130 128 138 159 173 173 162 151 147 138 122 105
-9999 -9999 -9999 -9999 -9999 -9999 -9999 -9999 -9999 -9999 -9999 101 130 139 141 148 153 144 148 145 130 146 120 100 101 106 113 118 118 118 117 119 121 122 124 126 126 127 129 133 137 141 144 145 144 143 147 151 154 155 154 155 153 162 163 165 169 173 179 178 167 152 139 130 125 122 124 128 133 140 143 135 123 115 122 143 159 160 155 149 145 138 125 114
-9999 -9999 -9999 -9999 -9999 -9999 -9999 -9999 -9999 -9999 -9999 -9999 124 142 143 146 157 164 154 154 155 159 138 98 91 95 102 109 112 113 116 118 121 123 127 129 130 131 131 133 137 140 142 142 142 141 145 151 157 159 154 152 149 153 157 161 164 168 170 169 162 151 141 132 125 123 123 126 129 135 140 130 117 113 118 134 147 148 146 141 140 137 127 115
-9999 -9999 -9999 -9999 -9999 -9999 -9999 -9999 -9999 -9999 -9999 -9999 123 137 152 147 155 169 168 164 170 176 176 154 107 94 96 101 105 110 113 117 120 124 128 131 131 132 131 133 136 138 140 142 142 143 146 151 156 158 151 147 144 145 149 153 158 163 164 163 157 149 141 132 126 121 120 121 123 126 123 119 114 115 121 132 139 138 136 131 134 133 126 118
-9999 -9999 -9999 -9999 -9999 -9999 -9999 -9999 -9999 -9999 -9999 -9999 -9999 129 163 156 160 169 173 174 177 180 190 211 210 171 117 102 101 105 112 116 120 124 128 130 131 131 132 134 136 140 142 144 145 146 147 150 152 152 150 146 142 140 139 145 152 158 160 161 157 149 140 131 125 120 118 117 116 117 114 109 110 118 126 133 139 135 134 130 123 122 124 112
-9999 -9999 -9999 -9999 -9999 -9999 -9999 -9999 -9999 -9999 -9999 -9999 -9999 140 167 177 166 170 177 181 190 198 211 226 229 217 183 124 101 100 114 118 122 126 130 132 132 132 133 136 139 142 145 148 150 149 148 148 147 148 148 146 142 135 131 137 145 153 159 161 157 150 140 131 124 118 114 112 111 110 108 106 109 119 130 137 144 142 135 126 116 119 123 110
-9999 -9999 -9999 -9999 -9999 -9999 -9999 -9999 -9999 -9999 -9999 -9999 -9999 -9999 146 173 179 172 179 188 198 207 221 238 250 219 185 167 106 94 113 121 123 130 136 135 133 134 134 137 140 144 149 153 154 153 150 147 145 144 142 141 134 120 122 134 145 156 164 167 162 151 139 129 122 115 110 106 106 106 107 111 115 124 135 143 145 144 137 122 113 119 123 113
-9999 -9999 -9999 -9999 -9999 -9999 -9999 -9999 -9999 -9999 -9999 -9999 -9999 -9999 -9999 149 167 167 174 179 195 206 216 226 222 197 151 147 125 97 108 118 125 132 138 136 134 133 134 136 140 147 153 158 159 155 152 147 145 145 142 133 126 122 128 139 149 160 169 175 171 153 138 128 120 112 107 103 103 107 112 119 122 133 144 152 152 144 134 118 111 119 118 110
