final project/Practice/maxentOut/bio7.asc
NCOLS 186 
NROWS 192 
XLLCORNER -125 
YLLCORNER -56 
CELLSIZE 0.5 
NODATA_value -9999 
[rows 111 to 147 of 192, columns 84 to 167 of 186]
-9999 -9999 -9999 -9999 -9999 -9999 -9999 -9999 -9999 -9999 -9999 -9999 -9999 -9999 -9999 -9999 116 133 156 151 177 182 207 210 203 177 130 130 146 132 114 122 130 134 136 136 134 132 132 134 140 147 157 165 166 159 153 148 146 147 148 140 131 137 140 145 153 162 171 178 175 152 135 126 119 111 106 102 100 108 118 127 132 141 155 169 173 150 138 133 132 132 123 113
-9999 -9999 -9999 -9999 -9999 -9999 -9999 -9999 -9999 -9999 -9999 -9999 -9999 -9999 -9999 -9999 -9999 99 120 123 130 135 166 195 189 174 143 142 172 168 140 137 143 142 138 137 135 132 130 131 135 146 159 172 172 160 151 145 145 148 150 144 138 141 143 147 153 160 165 168 161 146 132 125 121 116 114 112 112 127 138 135 139 144 160 175 175 154 144 139 141 143 136 124
-9999 -9999 -9999 -9999 -9999 -9999 -9999 -9999 -9999 -9999 -9999 -9999 -9999 -9999 -9999 -9999 -9999 -9999 -9999 88 96 113 135 157 174 184 174 172 189 199 182 171 171 169 151 139 137 131 129 128 129 141 155 166 166 153 144 141 141 144 146 143 140 140 143 146 150 154 157 156 150 139 130 125 123 123 125 131 133 141 142 140 140 144 154 168 170 152 139 135 144 152 145 131
-9999 -9999 -9999 -9999 -9999 -9999 -9999 -9999 -9999 -9999 -9999 -9999 -9999 -9999 -9999 -9999 -9999 -9999 -9999 -9999 -9999 90 103 134 158 181 195 199 209 217 215 204 194 190 178 159 140 131 128 131 133 140 151 159 157 145 139 139 139 141 142 140 139 139 142 144 147 147 149 146 141 134 128 125 125 128 134 141 149 158 150 139 135 138 149 158 164 148 139 136 141 142 137 131
-9999 -9999 -9999 -9999 -9999 -9999 -9999 -9999 -9999 -9999 -9999 -9999 -9999 -9999 -9999 -9999 -9999 -9999 -9999 -9999 -9999 -9999 -9999 117 135 160 204 211 216 223 222 232 220 210 197 196 160 134 130 127 139 144 152 157 156 146 142 142 141 140 139 136 135 138 140 143 144 145 143 140 137 131 125 123 126 131 137 145 154 164 146 129 127 129 140 149 154 141 137 137 136 138 139 130
-9999 -9999 -9999 -9999 -9999 -9999 -9999 -9999 -9999 -9999 -9999 -9999 -9999 -9999 -9999 -9999 -9999 -9999 -9999 -9999 -9999 -9999 -9999 -9999 118 133 189 213 218 222 227 241 226 211 203 195 158 135 133 139 146 151 156 158 157 151 149 148 147 142 136 130 131 135 140 143 144 142 139 136 133 130 125 124 127 132 139 146 151 142 127 120 117 123 137 146 147 149 136 139 144 143 138 130
-9999 -9999 -9999 -9999 -9999 -9999 -9999 -9999 -9999 -9999 -9999 -9999 -9999 -9999 -9999 -9999 -9999 -9999 -9999 -9999 -9999 -9999 -9999 -9999 -9999 128 176 212 216 219 222 221 213 211 200 172 152 138 144 160 160 161 161 161 160 158 158 155 152 147 135 123 126 133 140 144 142 138 135 133 131 130 128 129 130 132 137 146 149 138 127 122 119 129 139 148 151 153 145 149 147 141 138 131
-9999 -9999 -9999 -9999 -9999 -9999 -9999 -9999 -9999 -9999 -9999 -9999 -9999 -9999 -9999 -9999 -9999 -9999 -9999 -9999 -9999 -9999 -9999 -9999 -9999 130 160 205 215 217 216 212 211 216 205 170 156 140 157 165 169 167 166 165 163 163 162 160 155 149 135 124 126 131 137 140 136 134 133 132 131 132 133 137 136 137 140 146 148 139 130 126 131 138 148 151 150 148 144 146 144 141 142 137
-9999 -9999 -9999 -9999 -9999 -9999 -9999 -9999 -9999 -9999 -9999 -9999 -9999 -9999 -9999 -9999 -9999 -9999 -9999 -9999 -9999 -9999 -9999 -9999 -9999 115 148 192 215 217 219 218 219 224 217 196 173 157 168 174 173 171 171 170 168 167 165 162 156 149 139 131 131 135 137 134 131 128 129 130 132 135 138 143 142 145 148 149 147 141 132 121 129 150 162 156 151 146 136 142 146 147 147 140
-9999 -9999 -9999 -9999 -9999 -9999 -9999 -9999 -9999 -9999 -9999 -9999 -9999 -9999 -9999 -9999 -9999 -9999 -9999 -9999 -9999 -9999 -9999 -9999 -9999 101 140 181 213 217 222 228 232 224 212 205 192 179 184 186 183 178 176 177 175 172 168 164 158 154 147 141 139 143 142 132 124 123 126 130 132 135 140 147 151 149 150 150 147 139 127 116 131 157 165 151 149 151 140 145 151 151 151 139
-9999 -9999 -9999 -9999 -9999 -9999 -9999 -9999 -9999 -9999 -9999 -9999 -9999 -9999 -9999 -9999 -9999 -9999 -9999 -9999 -9999 -9999 -9999 -9999 -9999 100 135 167 210 219 225 235 241 235 217 212 205 198 198 199 192 185 183 186 183 176 170 165 160 156 151 147 144 147 146 134 125 123 127 129 132 137 140 148 154 151 147 145 142 138 124 115 134 149 155 147 141 144 140 145 152 158 151 133
-9999 -9999 -9999 -9999 -9999 -9999 -9999 -9999 -9999 -9999 -9999 -9999 -9999 -9999 -9999 -9999 -9999 -9999 -9999 -9999 -9999 -9999 -9999 -9999 -9999 109 130 159 208 218 229 237 244 248 238 231 222 212 209 208 202 196 198 197 189 182 175 169 163 158 153 150 148 149 145 137 131 129 129 132 136 142 148 152 155 156 152 147 141 141 142 135 135 147 158 152 142 142 129 145 154 159 138 118
-9999 -9999 -9999 -9999 -9999 -9999 -9999 -9999 -9999 -9999 -9999 -9999 -9999 -9999 -9999 -9999 -9999 -9999 -9999 -9999 -9999 -9999 -9999 -9999 -9999 124 143 164 204 219 230 240 249 258 263 260 235 217 210 207 206 204 204 200 192 185 179 172 166 160 156 152 151 151 149 148 142 138 136 139 143 150 153 155 156 158 156 153 147 141 139 145 144 147 159 162 155 143 131 142 152 150 135 116
-9999 -9999 -9999 -9999 -9999 -9999 -9999 -9999 -9999 -9999 -9999 -9999 -9999 -9999 -9999 -9999 -9999 -9999 -9999 -9999 -9999 -9999 -9999 -9999 -9999 129 146 166 195 213 229 239 251 266 285 277 236 209 203 206 209 208 204 199 193 188 182 177 170 162 157 155 154 153 151 157 149 142 142 147 151 154 156 156 157 158 157 156 151 142 136 144 147 144 155 160 157 147 139 138 134 125 113 109
-9999 -9999 -9999 -9999 -9999 -9999 -9999 -9999 -9999 -9999 -9999 -9999 -9999 -9999 -9999 -9999 -9999 -9999 -9999 -9999 -9999 -9999 -9999 -9999 -9999 125 149 168 192 207 226 236 247 262 275 267 221 206 205 209 210 210 204 199 197 192 187 182 178 171 164 159 157 155 154 154 148 146 151 157 157 156 156 156 157 157 158 156 150 147 146 143 140 139 141 148 150 145 129 118 112 92 83 -9999
-9999 -9999 -9999 -9999 -9999 -9999 -9999 -9999 -9999 -9999 -9999 -9999 -9999 -9999 -9999 -9999 -9999 -9999 -9999 -9999 -9999 -9999 -9999 -9999 102 123 149 172 191 197 219 232 243 254 260 258 221 203 206 211 213 211 208 204 201 196 191 187 184 179 169 167 163 159 158 156 154 155 161 164 159 154 152 152 156 157 157 154 150 145 142 137 133 130 131 137 133 119 111 106 -9999 68 -9999 -9999
-9999 -9999 -9999 -9999 -9999 -9999 -9999 -9999 -9999 -9999 -9999 -9999 -9999 -9999 -9999 -9999 -9999 -9999 -9999 -9999 -9999 -9999 -9999 -9999 108 129 150 174 187 196 212 223 234 242 246 227 210 208 210 216 216 213 211 208 205 200 196 192 188 181 168 162 161 160 162 163 163 161 169 166 156 155 158 157 158 158 154 152 150 145 137 130 123 113 115 118 -9999 -9999 -9999 -9999 -9999 -9999 -9999 -9999
-9999 -9999 -9999 -9999 -9999 -9999 -9999 -9999 -9999 -9999 -9999 -9999 -9999 -9999 -9999 -9999 -9999 -9999 -9999 -9999 -9999 -9999 -9999 -9999 122 150 162 174 182 193 204 214 223 231 234 209 214 216 218 221 221 217 214 211 206 203 199 196 191 181 168 155 153 159 165 170 173 170 173 169 156 151 161 167 170 163 170 160 153 146 138 125 113 100 101 -9999 -9999 -9999 -9999 -9999 -9999 -9999 -9999 -9999
-9999 -9999 -9999 -9999 -9999 -9999 -9999 -9999 -9999 -9999 -9999 -9999 -9999 -9999 -9999 -9999 -9999 -9999 -9999 -9999 -9999 -9999 -9999 -9999 134 159 169 167 173 185 195 205 214 220 224 225 224 224 225 225 224 222 217 213 208 206 203 200 196 186 172 159 153 159 164 173 180 179 174 170 163 154 153 162 163 157 161 158 150 141 135 127 -9999 -9999 -9999 -9999 -9999 -9999 -9999 -9999 -9999 -9999 -9999 -9999
-9999 -9999 -9999 -9999 -9999 -9999 -9999 -9999 -9999 -9999 -9999 -9999 -9999 -9999 -9999 -9999 -9999 -9999 -9999 -9999 -9999 -9999 -9999 -9999 134 158 168 151 162 175 187 198 206 215 221 230 227 230 228 228 227 224 221 216 210 207 207 205 200 190 177 161 157 161 166 171 175 184 183 179 170 161 151 150 158 158 153 143 137 127 129 -9999 -9999 -9999 -9999 -9999 -9999 -9999 -9999 -9999 -9999 -9999 -9999 -9999
-9999 -9999 -9999 -9999 -9999 -9999 -9999 -9999 -9999 -9999 -9999 -9999 -9999 -9999 -9999 -9999 -9999 -9999 -9999 -9999 -9999 -9999 -9999 -9999 131 149 154 137 153 167 181 191 200 212 213 211 217 225 229 231 229 227 224 217 209 207 209 209 206 190 178 168 163 168 174 184 193 196 192 191 188 175 159 155 165 168 161 145 126 111 -9999 -9999 -9999 -9999 -9999 -9999 -9999 -9999 -9999 -9999 -9999 -9999 -9999 -9999
-9999 -9999 -9999 -9999 -9999 107 106 -9999 -9999 -9999 -9999 -9999 -9999 -9999 -9999 -9999 -9999 -9999 -9999 -9999 -9999 -9999 -9999 -9999 124 141 138 123 150 165 177 190 198 205 204 192 204 226 232 234 233 231 228 222 215 211 210 211 209 186 175 175 174 178 183 189 202 198 189 187 191 181 171 167 179 176 165 146 122 -9999 -9999 -9999 -9999 -9999 -9999 -9999 -9999 -9999 -9999 -9999 -9999 -9999 -9999 -9999
-9999 -9999 -9999 -9999 -9999 -9999 -9999 -9999 -9999 -9999 -9999 -9999 -9999 -9999 -9999 -9999 -9999 -9999 -9999 -9999 -9999 -9999 -9999 -9999 119 136 123 128 150 163 177 190 203 214 205 204 223 237 240 239 238 236 234 229 223 217 210 203 194 180 177 182 181 189 191 179 189 190 184 178 175 179 171 170 170 168 159 144 136 -9999 -9999 -9999 -9999 -9999 -9999 -9999 -9999 -9999 -9999 -9999 -9999 -9999 -9999 -9999
-9999 -9999 -9999 -9999 -9999 -9999 -9999 -9999 -9999 -9999 -9999 -9999 -9999 -9999 -9999 -9999 -9999 -9999 -9999 -9999 -9999 -9999 -9999 -9999 120 143 133 135 154 165 207 204 236 221 225 232 241 249 250 248 246 244 240 236 231 221 208 195 185 181 184 185 183 188 189 185 185 184 179 175 156 162 167 167 164 162 155 142 134 123 -9999 -9999 -9999 -9999 -9999 -9999 -9999 -9999 -9999 -9999 -9999 -9999 -9999 -9999
-9999 -9999 -9999 -9999 -9999 -9999 -9999 -9999 -9999 -9999 -9999 -9999 -9999 -9999 -9999 -9999 -9999 -9999 -9999 -9999 -9999 -9999 -9999 126 137 152 139 145 158 170 232 256 277 262 242 241 247 258 257 256 253 249 245 240 235 222 208 195 189 191 197 192 185 185 189 188 186 181 172 165 154 153 158 159 159 158 148 138 119 109 -9999 -9999 -9999 -9999 -9999 -9999 -9999 -9999 -9999 -9999 -9999 -9999 -9999 -9999
-9999 -9999 -9999 -9999 -9999 -9999 -9999 -9999 -9999 -9999 -9999 -9999 -9999 -9999 -9999 -9999 -9999 -9999 -9999 -9999 -9999 -9999 -9999 138 154 152 148 152 164 190 242 290 289 264 252 248 252 259 261 261 259 253 246 240 232 220 209 199 195 195 199 196 193 193 192 187 186 180 173 162 155 152 150 149 148 145 136 147 117 -9999 -9999 -9999 -9999 -9999 -9999 -9999 -9999 -9999 -9999 -9999 -9999 -9999 -9999 -9999
-9999 -9999 -9999 -9999 -9999 -9999 -9999 -9999 -9999 -9999 -9999 -9999 -9999 -9999 -9999 -9999 -9999 -9999 -9999 -9999 -9999 -9999 118 138 157 155 154 162 181 242 227 258 283 272 263 256 256 258 259 259 257 251 244 237 229 218 206 199 197 197 198 198 198 198 195 189 185 179 172 163 155 151 150 144 142 139 144 151 124 -9999 -9999 -9999 -9999 -9999 -9999 -9999 -9999 -9999 -9999 -9999 -9999 -9999 -9999 -9999
-9999 -9999 -9999 -9999 -9999 -9999 -9999 -9999 -9999 -9999 -9999 -9999 -9999 -9999 -9999 -9999 -9999 -9999 -9999 -9999 -9999 -9999 114 130 155 156 162 176 214 261 245 270 279 275 263 258 254 253 251 253 250 245 239 233 227 219 207 199 199 198 198 199 199 199 195 189 183 176 168 161 155 152 150 143 141 137 125 143 -9999 -9999 -9999 -9999 -9999 -9999 -9999 -9999 -9999 -9999 -9999 -9999 -9999 -9999 -9999 -9999
-9999 -9999 -9999 -9999 -9999 -9999 -9999 -9999 -9999 -9999 -9999 -9999 -9999 -9999 -9999 -9999 -9999 -9999 -9999 -9999 -9999 -9999 101 120 159 164 168 196 232 283 266 274 275 264 256 253 250 245 242 244 242 238 233 229 225 219 212 206 202 200 199 200 202 201 197 191 183 175 168 161 156 154 153 151 147 128 113 -9999 -9999 -9999 -9999 -9999 -9999 -9999 -9999 -9999 -9999 -9999 -9999 -9999 -9999 -9999 -9999 -9999
-9999 -9999 -9999 -9999 -9999 -9999 -9999 -9999 -9999 -9999 -9999 -9999 -9999 -9999 -9999 -9999 -9999 -9999 -9999 -9999 -9999 -9999 114 132 165 170 177 232 271 293 278 274 261 248 246 246 242 233 235 237 236 233 230 226 224 219 214 211 208 205 202 204 207 205 201 193 184 175 167 162 156 153 151 153 153 136 -9999 -9999 -9999 -9999 -9999 -9999 -9999 -9999 -9999 -9999 -9999 -9999 -9999 -9999 -9999 -9999 -9999 -9999
-9999 -9999 -9999 -9999 -9999 -9999 -9999 -9999 -9999 -9999 -9999 -9999 -9999 -9999 -9999 -9999 -9999 -9999 -9999 -9999 -9999 -9999 128 147 171 176 192 223 276 296 282 271 256 244 243 238 230 222 230 234 233 230 226 224 222 218 215 214 214 212 208 207 210 210 205 197 185 173 167 162 155 152 152 151 144 141 -9999 -9999 -9999 -9999 -9999 -9999 -9999 -9999 -9999 -9999 -9999 -9999 -9999 -9999 -9999 -9999 -9999 -9999
-9999 -9999 -9999 -9999 -9999 -9999 -9999 -9999 -9999 -9999 -9999 -9999 -9999 -9999 -9999 -9999 -9999 -9999 -9999 -9999 -9999 -9999 139 158 175 181 204 235 275 292 274 269 256 247 245 236 227 227 229 230 232 231 225 223 220 218 218 219 219 218 212 212 213 212 209 201 188 175 169 165 163 160 153 144 142 -9999 -9999 -9999 -9999 -9999 -9999 -9999 -9999 -9999 -9999 -9999 -9999 -9999 -9999 -9999 -9999 -9999 -9999 -9999
-9999 -9999 -9999 -9999 -9999 -9999 -9999 -9999 -9999 -9999 -9999 -9999 -9999 -9999 -9999 -9999 -9999 -9999 -9999 -9999 -9999 -9999 148 168 186 187 207 222 272 292 283 274 262 252 249 243 230 234 230 231 232 232 225 220 215 217 220 223 223 220 215 215 215 215 213 207 197 186 178 172 172 166 145 142 -9999 -9999 -9999 -9999 -9999 -9999 -9999 -9999 -9999 -9999 -9999 -9999 -9999 -9999 -9999 -9999 -9999 -9999 -9999 -9999
-9999 -9999 -9999 -9999 -9999 -9999 -9999 -9999 -9999 -9999 -9999 -9999 -9999 -9999 -9999 -9999 -9999 -9999 -9999 -9999 -9999 -9999 148 173 195 192 201 219 271 287 283 275 265 257 251 246 234 233 232 232 235 232 225 217 212 216 218 221 220 218 217 216 216 217 215 212 206 201 187 175 167 153 142 -9999 -9999 -9999 -9999 -9999 -9999 -9999 -9999 -9999 -9999 -9999 -9999 -9999 -9999 -9999 -9999 -9999 -9999 -9999 -9999 -9999
-9999 -9999 -9999 -9999 -9999 -9999 -9999 -9999 -9999 -9999 -9999 -9999 -9999 -9999 -9999 -9999 -9999 -9999 -9999 -9999 -9999 -9999 127 170 215 199 204 224 269 280 283 279 268 256 250 247 235 227 228 233 236 232 227 221 217 216 216 216 216 215 215 214 214 216 215 212 210 203 185 169 156 150 -9999 -9999 -9999 -9999 -9999 -9999 -9999 -9999 -9999 -9999 -9999 -9999 -9999 -9999 -9999 -9999 -9999 -9999 -9999 -9999 -9999 -9999
-9999 -9999 -9999 -9999 -9999 -9999 -9999 -9999 -9999 -9999 -9999 -9999 -9999 -9999 -9999 -9999 -9999 -9999 -9999 -9999 -9999 -9999 136 179 219 204 207 248 276 283 289 285 273 262 260 253 242 228 231 236 237 235 231 227 225 220 216 213 211 209 207 208 211 212 211 209 205 196 176 158 149 -9999 -9999 -9999 -9999 -9999 -9999 -9999 -9999 -9999 -9999 -9999 -9999 -9999 -9999 -9999 -9999 -9999 -9999 -9999 -9999 -9999 -9999 -9999
-9999 -9999 -9999 -9999 97 -9999 -9999 107 119 -9999 -9999 -9999 -9999 -9999 -9999 -9999 -9999 -9999 -9999 -9999 -9999 -9999 173 195 225 213 213 259 280 284 289 288 280 274 275 267 255 246 244 245 243 239 235 229 226 224 220 214 209 197 193 198 206 207 205 202 195 184 166 153 -9999 -9999 -9999 -9999 -9999 -9999 -9999 -9999 -9999 -9999 -9999 -9999 -9999 -9999 -9999 -9999 -9999 -9999 -9999 -9999 -9999 -9999 -9999 -9999
