final project/Practice/maxentOut/bio7.asc
NCOLS 186 
NROWS 192 
XLLCORNER -125 
YLLCORNER -56 
CELLSIZE 0.5 
NODATA_value -9999 
[rows 0 to 36 of 192, columns 0 to 83 of 186]
-9999.000000000000000 178 215 276 280 292 284 281 291 327 343 365 375 376 372 357 347 351 358 364 365 379 391 394 392 378 370 358 367 366 408 401 384 382 373 352 376 345 314 344 360 382 389 383 384 384 383 392 391 391 394 401 399 397 386 385 390 382 378 372 373 377 373 365 363 364 364 356 355 351 352 353 351 350 346 343 338 337 337 336 338 331 324 326
-9999 -9999 166 252 290 295 289 283 269 292 328 369 372 370 360 351 346 343 359 368 365 376 398 399 405 384 374 350 395 403 362 389 390 380 363 372 348 328 349 355 355 365 378 385 388 382 383 388 387 389 387 396 399 399 385 381 380 374 368 361 354 361 361 362 362 356 361 359 358 351 350 350 349 347 345 342 335 329 331 333 332 328 318 321
-9999 -9999 141 198 264 288 286 274 279 269 299 347 360 367 364 354 336 347 366 371 370 375 386 402 390 368 357 375 390 421 401 378 356 376 386 383 383 352 372 356 352 374 396 403 401 389 395 395 396 395 391 391 386 389 382 379 373 369 364 357 355 361 359 360 357 352 361 354 356 347 342 344 345 343 339 337 331 326 325 326 325 327 325 322
-9999 -9999 -9999 158 192 222 257 266 288 275 261 287 325 355 367 364 349 354 359 369 367 359 368 386 374 359 349 362 398 393 388 365 383 363 373 386 387 368 359 359 371 394 407 408 409 403 404 393 392 391 390 386 379 380 376 376 374 370 368 361 364 362 359 358 355 355 356 358 356 350 340 339 336 334 332 333 328 323 321 323 318 320 324 324
-9999 -9999 -9999 132 130 150 246 277 288 297 272 250 292 328 362 354 349 341 349 357 359 356 362 358 348 361 349 362 379 377 349 370 368 343 330 336 339 382 385 353 357 378 394 393 393 398 402 392 387 385 379 378 376 378 373 365 364 368 363 358 358 356 358 353 347 352 349 351 347 347 344 337 331 328 326 327 324 319 321 321 315 315 321 325
-9999 -9999 -9999 -9999 -9999 158 228 280 290 302 299 260 245 316 356 355 347 333 340 350 355 358 352 347 349 352 357 360 371 365 378 394 380 357 377 384 343 362 405 351 350 359 366 364 371 383 388 383 379 386 383 376 380 373 371 366 359 361 360 357 342 342 343 343 345 345 347 350 354 349 340 330 325 324 323 322 323 320 318 317 311 312 317 316
-9999 -9999 -9999 -9999 -9999 148 167 266 303 304 303 291 250 282 342 361 360 345 341 334 356 354 342 340 352 336 350 351 340 346 371 366 385 377 377 386 383 346 379 340 357 345 345 354 364 370 371 374 378 382 380 377 377 374 368 362 354 356 354 349 338 338 340 346 346 350 349 352 348 341 334 327 323 321 318 324 322 317 315 313 309 308 309 303
-9999 -9999 -9999 -9999 -9999 -9999 172 242 305 314 308 302 276 256 323 342 364 362 323 343 340 342 329 329 341 326 347 356 351 345 362 348 364 374 368 375 358 355 355 331 360 357 354 353 358 360 366 373 374 378 369 365 369 363 351 353 355 353 344 340 332 331 326 324 342 345 346 338 325 329 321 320 321 322 322 324 317 314 312 302 301 302 303 304
-9999 -9999 -9999 -9999 -9999 -9999 -9999 198 274 316 316 311 293 280 338 351 359 362 338 322 323 320 323 329 329 329 334 368 364 360 355 347 359 363 371 372 343 341 317 337 349 357 357 359 361 358 359 360 359 362 363 364 357 352 347 341 345 343 338 334 327 323 317 320 326 332 334 328 319 318 313 313 313 321 322 321 311 306 302 295 303 302 295 289
-9999 -9999 -9999 -9999 -9999 -9999 -9999 153 175 255 285 300 291 290 333 336 342 351 321 299 319 313 319 326 337 316 313 346 367 365 360 355 358 350 353 352 353 344 349 354 351 354 352 356 355 351 348 353 353 360 362 355 353 349 341 335 337 332 329 330 332 331 330 335 331 323 322 318 315 310 303 305 310 314 311 310 306 302 294 297 303 296 287 282
-9999 -9999 -9999 -9999 -9999 -9999 -9999 -9999 129 179 225 234 256 304 327 328 331 338 323 310 319 325 325 322 331 329 329 320 346 362 360 355 358 356 350 358 365 342 350 346 345 344 342 341 347 348 347 359 360 357 362 358 354 342 342 340 333 331 324 324 328 319 325 326 318 309 306 308 311 304 299 301 303 305 304 303 301 299 298 300 296 288 284 284
-9999 -9999 -9999 -9999 -9999 -9999 -9999 -9999 -9999 130 157 175 210 233 266 292 299 326 327 318 319 333 342 341 327 315 323 323 322 337 328 337 350 349 348 347 359 341 335 341 348 351 343 342 349 346 341 346 352 353 357 359 356 346 340 331 326 326 321 317 319 317 318 316 313 302 296 304 302 299 299 297 296 305 306 302 298 295 296 295 291 284 283 287
-9999 -9999 -9999 -9999 -9999 -9999 -9999 -9999 -9999 112 127 -9999 -9999 160 200 258 287 322 318 314 329 337 334 335 336 326 321 318 318 325 315 317 345 346 341 338 356 338 325 328 352 360 344 343 344 336 332 337 345 357 354 354 347 341 332 323 314 316 317 314 316 310 305 307 310 305 300 297 297 295 297 295 290 299 305 299 293 294 294 290 284 280 282 285
-9999 -9999 -9999 -9999 -9999 -9999 -9999 -9999 -9999 -9999 92 95 98 115 163 193 265 313 328 326 327 312 308 326 339 337 337 314 309 326 327 337 331 334 326 334 332 344 287 310 342 357 346 346 342 337 331 333 344 348 340 340 339 333 329 320 314 315 317 316 309 300 297 299 301 306 300 293 291 288 293 290 286 292 293 289 290 290 291 291 282 279 282 286
-9999 -9999 -9999 -9999 -9999 -9999 -9999 -9999 -9999 -9999 -9999 -9999 84 84 -9999 155 239 293 321 337 324 308 305 311 318 325 344 322 305 308 332 349 341 323 323 341 342 349 288 300 328 347 339 331 332 336 330 324 328 327 320 323 333 325 317 310 309 315 312 310 299 291 287 295 295 291 289 287 284 284 291 288 286 289 286 278 279 279 281 281 279 280 277 282
-9999 -9999 -9999 -9999 -9999 -9999 -9999 -9999 -9999 -9999 -9999 -9999 -9999 -9999 -9999 145 209 259 290 316 310 293 284 289 296 315 324 318 293 308 322 333 344 341 344 344 334 335 322 325 298 327 332 331 325 326 325 325 325 318 312 314 321 311 321 313 308 306 299 296 293 291 286 293 290 282 278 280 276 279 286 286 285 286 283 277 271 270 272 273 272 273 274 276
-9999 -9999 -9999 -9999 -9999 -9999 -9999 -9999 -9999 -9999 -9999 -9999 -9999 -9999 -9999 -9999 170 230 258 287 290 278 269 278 301 314 305 302 292 300 308 312 332 341 348 345 335 334 330 338 311 321 339 341 334 323 327 329 326 322 319 316 312 310 313 307 301 298 293 288 289 293 294 289 281 279 273 271 273 276 277 277 281 282 280 279 277 274 265 265 265 263 263 266
-9999 -9999 -9999 -9999 -9999 -9999 -9999 -9999 -9999 -9999 -9999 -9999 -9999 -9999 -9999 -9999 181 217 236 260 271 266 251 267 292 306 304 296 295 295 315 334 321 341 344 347 348 342 340 327 319 317 335 342 340 320 320 323 313 309 318 317 310 303 296 301 293 293 294 288 281 287 286 278 269 267 264 264 270 268 268 270 274 270 267 265 269 269 257 258 260 259 255 253
-9999 -9999 -9999 -9999 -9999 -9999 -9999 -9999 -9999 -9999 -9999 -9999 -9999 -9999 -9999 -9999 -9999 219 229 238 262 -9999 -9999 275 289 309 317 304 293 299 313 329 321 329 326 340 349 335 317 319 325 297 303 317 311 308 315 313 312 309 314 310 306 299 288 293 278 278 282 284 277 274 275 267 263 257 256 256 259 262 259 252 252 247 245 245 245 248 251 255 254 254 252 249
-9999 -9999 -9999 -9999 -9999 -9999 -9999 -9999 -9999 -9999 -9999 -9999 -9999 -9999 -9999 -9999 -9999 218 235 248 258 -9999 -9999 -9999 280 289 287 284 280 288 298 313 309 309 317 324 328 319 311 311 311 306 294 297 295 305 309 307 306 300 302 293 287 288 281 284 278 279 271 266 259 258 254 247 244 244 242 243 245 246 243 232 226 230 226 223 228 233 236 242 242 245 246 247
-9999 -9999 -9999 -9999 -9999 -9999 -9999 -9999 -9999 -9999 -9999 -9999 -9999 -9999 -9999 -9999 -9999 -9999 233 247 250 253 256 258 274 273 264 261 268 285 305 316 302 299 311 312 310 309 307 306 326 320 307 306 302 296 296 294 291 291 291 281 276 276 282 278 274 272 254 235 236 232 230 228 228 231 228 229 229 226 223 215 211 -9999 -9999 -9999 -9999 -9999 221 220 228 236 243 241
-9999 -9999 -9999 -9999 -9999 -9999 -9999 -9999 -9999 -9999 -9999 -9999 -9999 86 -9999 -9999 -9999 -9999 -9999 242 244 243 249 253 259 261 261 259 270 275 296 310 299 287 308 311 300 302 305 304 311 308 312 301 275 254 262 278 282 287 286 277 273 273 275 270 261 256 245 229 211 -9999 -9999 -9999 -9999 -9999 220 217 212 210 209 198 194 -9999 -9999 -9999 -9999 -9999 -9999 -9999 -9999 -9999 -9999 232
-9999 -9999 -9999 -9999 -9999 -9999 -9999 -9999 -9999 -9999 -9999 -9999 -9999 88 -9999 -9999 -9999 -9999 -9999 -9999 241 241 238 249 252 253 250 245 247 256 278 278 273 278 305 308 295 288 299 304 306 288 280 292 261 241 248 269 281 281 281 281 283 279 266 253 236 226 226 227 -9999 -9999 -9999 -9999 -9999 -9999 -9999 -9999 -9999 -9999 -9999 192 -9999 -9999 -9999 -9999 -9999 -9999 -9999 -9999 -9999 -9999 -9999 -9999
-9999 -9999 -9999 -9999 -9999 -9999 -9999 -9999 -9999 -9999 -9999 -9999 -9999 -9999 -9999 -9999 -9999 -9999 205 212 -9999 234 236 238 248 249 239 221 218 242 273 269 262 270 285 297 289 284 288 302 297 289 274 262 250 236 259 282 286 283 279 282 284 271 254 233 216 212 -9999 -9999 -9999 -9999 -9999 -9999 -9999 -9999 -9999 -9999 -9999 -9999 -9999 -9999 -9999 -9999 -9999 -9999 -9999 -9999 -9999 -9999 -9999 -9999 -9999 -9999
-9999 -9999 -9999 -9999 -9999 -9999 -9999 -9999 -9999 -9999 -9999 -9999 -9999 -9999 -9999 -9999 -9999 -9999 -9999 210 213 223 232 238 244 249 -9999 213 213 233 262 272 270 268 271 276 282 284 281 295 295 284 261 254 241 238 252 294 293 283 276 275 273 260 239 211 206 -9999 -9999 -9999 -9999 -9999 -9999 -9999 -9999 -9999 -9999 -9999 -9999 -9999 -9999 -9999 -9999 -9999 -9999 -9999 -9999 -9999 -9999 -9999 -9999 -9999 -9999 -9999
-9999 -9999 -9999 -9999 -9999 -9999 -9999 -9999 -9999 -9999 -9999 -9999 -9999 -9999 -9999 -9999 -9999 -9999 -9999 -9999 212 216 223 237 241 246 245 -9999 223 237 254 266 266 262 262 260 268 275 273 289 297 276 248 245 240 246 263 285 283 279 274 270 263 251 226 206 -9999 -9999 -9999 -9999 -9999 -9999 -9999 -9999 -9999 -9999 -9999 -9999 -9999 -9999 -9999 -9999 -9999 -9999 -9999 -9999 -9999 -9999 -9999 -9999 -9999 -9999 -9999 -9999
-9999 -9999 -9999 -9999 -9999 -9999 -9999 -9999 -9999 -9999 -9999 -9999 -9999 -9999 -9999 -9999 -9999 -9999 -9999 -9999 -9999 217 218 228 229 227 231 220 -9999 -9999 246 255 265 263 255 249 256 269 272 284 294 286 259 251 249 256 258 260 262 263 270 265 256 245 222 197 -9999 -9999 -9999 -9999 -9999 -9999 -9999 -9999 -9999 -9999 -9999 -9999 -9999 -9999 -9999 -9999 -9999 -9999 -9999 -9999 -9999 -9999 -9999 -9999 -9999 -9999 -9999 -9999
-9999 -9999 -9999 -9999 -9999 -9999 -9999 -9999 -9999 -9999 -9999 -9999 -9999 -9999 -9999 -9999 -9999 -9999 -9999 -9999 -9999 -9999 -9999 -9999 219 217 218 216 -9999 -9999 -9999 250 261 257 245 236 240 257 271 276 285 283 271 264 258 245 240 243 238 237 249 259 251 235 213 189 -9999 -9999 -9999 -9999 -9999 -9999 -9999 -9999 -9999 -9999 -9999 -9999 -9999 -9999 -9999 -9999 -9999 -9999 -9999 -9999 -9999 -9999 -9999 -9999 -9999 -9999 -9999 -9999
-9999 -9999 -9999 -9999 -9999 -9999 -9999 -9999 -9999 -9999 -9999 -9999 -9999 -9999 -9999 -9999 -9999 -9999 -9999 -9999 -9999 -9999 -9999 -9999 -9999 213 219 219 223 -9999 -9999 238 239 247 239 226 215 229 252 276 278 273 271 274 259 248 241 234 216 227 252 260 246 231 210 189 -9999 -9999 -9999 -9999 -9999 -9999 -9999 -9999 -9999 -9999 -9999 -9999 -9999 -9999 -9999 -9999 -9999 -9999 -9999 -9999 -9999 -9999 -9999 -9999 -9999 -9999 -9999 -9999
-9999 -9999 -9999 -9999 -9999 -9999 -9999 -9999 -9999 -9999 -9999 -9999 -9999 -9999 -9999 -9999 -9999 -9999 -9999 -9999 -9999 -9999 -9999 -9999 -9999 192 209 215 218 -9999 -9999 227 228 225 226 225 205 193 228 265 277 278 265 257 240 233 242 249 210 189 252 259 250 234 214 197 -9999 -9999 -9999 -9999 -9999 -9999 -9999 -9999 -9999 -9999 -9999 -9999 -9999 -9999 -9999 -9999 -9999 -9999 -9999 -9999 -9999 -9999 -9999 -9999 -9999 -9999 -9999 -9999
-9999 -9999 -9999 -9999 -9999 -9999 -9999 -9999 -9999 -9999 -9999 -9999 -9999 -9999 -9999 -9999 -9999 -9999 -9999 -9999 -9999 -9999 -9999 -9999 -9999 167 162 191 211 209 -9999 -9999 -9999 214 213 216 203 189 196 228 249 260 252 238 214 228 245 254 233 196 219 247 242 232 211 -9999 -9999 -9999 -9999 -9999 -9999 -9999 -9999 -9999 -9999 -9999 -9999 -9999 -9999 -9999 -9999 -9999 -9999 -9999 -9999 -9999 -9999 -9999 -9999 -9999 -9999 -9999 -9999 -9999
-9999 -9999 -9999 -9999 -9999 -9999 -9999 -9999 -9999 -9999 -9999 -9999 -9999 -9999 -9999 -9999 -9999 -9999 -9999 -9999 -9999 -9999 -9999 -9999 -9999 -9999 145 191 200 202 220 -9999 -9999 -9999 204 204 200 176 182 201 220 235 243 240 227 239 241 241 235 212 205 234 231 215 203 -9999 -9999 -9999 -9999 -9999 -9999 -9999 -9999 -9999 -9999 -9999 -9999 -9999 -9999 -9999 -9999 -9999 -9999 -9999 -9999 -9999 -9999 -9999 -9999 -9999 -9999 -9999 -9999 -9999
-9999 -9999 -9999 -9999 -9999 -9999 -9999 -9999 -9999 -9999 -9999 -9999 -9999 -9999 -9999 -9999 -9999 -9999 -9999 -9999 -9999 -9999 -9999 -9999 -9999 -9999 -9999 -9999 185 193 213 215 -9999 -9999 -9999 195 184 175 171 188 201 221 239 248 241 239 232 229 227 215 194 207 210 201 187 -9999 -9999 -9999 -9999 -9999 -9999 -9999 -9999 -9999 -9999 -9999 -9999 -9999 -9999 -9999 -9999 -9999 -9999 -9999 -9999 -9999 -9999 -9999 -9999 -9999 -9999 -9999 -9999 -9999
-9999 -9999 -9999 -9999 -9999 -9999 -9999 -9999 -9999 -9999 -9999 -9999 -9999 -9999 -9999 -9999 -9999 -9999 -9999 -9999 -9999 -9999 -9999 -9999 -9999 -9999 -9999 -9999 -9999 179 196 200 -9999 -9999 -9999 -9999 154 141 154 172 188 206 223 239 244 245 225 218 220 220 207 195 190 171 162 -9999 -9999 -9999 -9999 -9999 -9999 -9999 -9999 -9999 -9999 -9999 -9999 -9999 -9999 -9999 -9999 -9999 -9999 -9999 -9999 -9999 -9999 -9999 -9999 -9999 -9999 -9999 -9999 117
-9999 -9999 -9999 -9999 -9999 -9999 -9999 -9999 -9999 -9999 -9999 -9999 -9999 -9999 -9999 -9999 -9999 -9999 -9999 -9999 -9999 -9999 -9999 -9999 -9999 -9999 -9999 -9999 -9999 167 167 -9999 -9999 -9999 -9999 -9999 -9999 136 144 160 181 203 220 226 227 228 219 215 216 221 211 187 178 158 143 -9999 -9999 -9999 -9999 -9999 -9999 -9999 -9999 -9999 -9999 -9999 -9999 -9999 -9999 -9999 88 -9999 -9999 -9999 -9999 -9999 -9999 -9999 -9999 -9999 -9999 113 116 120
-9999 -9999 -9999 -9999 -9999 -9999 -9999 -9999 -9999 -9999 -9999 -9999 -9999 -9999 -9999 -9999 -9999 -9999 -9999 -9999 -9999 -9999 -9999 -9999 -9999 -9999 -9999 -9999 -9999 -9999 -9999 -9999 -9999 -9999 -9999 -9999 -9999 -9999 141 153 180 205 219 234 224 230 216 209 210 223 206 188 172 154 136 -9999 -9999 -9999 -9999 -9999 -9999 -9999 -9999 -9999 -9999 -9999 -9999 -9999 -9999 -9999 -9999 -9999 -9999 -9999 -9999 -9999 -9999 -9999 -9999 -9999 104 113 115 120
-9999 -9999 -9999 -9999 -9999 -9999 -9999 -9999 -9999 -9999 -9999 -9999 -9999 -9999 -9999 -9999 -9999 -9999 -9999 -9999 -9999 -9999 -9999 -9999 -9999 -9999 -9999 -9999 -9999 -9999 -9999 -9999 -9999 -9999 -9999 -9999 133 -9999 139 147 175 208 221 228 237 229 214 211 218 213 201 190 177 158 140 128 -9999 -9999 -9999 -9999 -9999 -9999 -9999 -9999 -9999 -9999 -9999 -9999 -9999 -9999 -9999 -9999 125 128 128 120 114 -9999 -9999 -9999 99 107 111 104
