final project/Practice/maxentOut/bio8.asc
NCOLS 186 
NROWS 192 
XLLCORNER -125 
YLLCORNER -56 
CELLSIZE 0.5 
NODATA_value -32768 
[rows 0 to 34 of 192, columns 0 to 78 of 186]
-32768.000000000000000 73 66 53 49 81 76 34 11 -7 0 6 130 138 97 66 56 57 56 52 63 75 102 92 84 74 5 -35 115 141 150 145 101 39 47 46 130 93 -11 141 182 183 185 185 192 196 201 201 206 210 211 213 218 216 219 221 221 220 220 221 219 214 215 217 215 215 218 216 214 212 196 215 213 213 210 208 204 206 204
-32768 -32768 82 70 58 76 83 72 40 -13 -3 35 143 129 76 52 56 47 57 43 39 63 88 81 93 75 55 84 191 167 142 161 153 130 53 119 75 90 112 139 165 174 173 182 190 194 203 205 211 214 215 217 222 225 226 228 223 222 223 224 225 220 220 220 219 218 217 215 217 216 176 190 216 215 216 213 209 208 188
-32768 -32768 88 83 73 76 83 86 68 5 -6 -5 66 148 119 76 20 60 71 59 55 112 99 113 81 78 136 183 202 182 183 169 145 160 153 114 83 105 124 138 185 200 193 194 197 198 209 212 215 217 218 221 226 225 229 229 223 221 224 225 223 220 220 205 178 187 199 204 215 221 181 167 176 143 144 197 212 178 130
-32768 -32768 -32768 93 90 88 83 83 75 36 -16 -29 -20 60 186 198 164 26 27 30 67 77 162 171 117 123 137 184 204 187 180 154 163 155 140 111 111 121 137 164 215 228 214 209 208 208 209 213 216 219 223 226 231 229 228 227 226 225 225 218 183 190 188 177 180 179 178 176 131 137 141 127 125 128 129 127 124 122 125
-32768 -32768 -32768 98 103 100 85 85 82 67 20 -26 -19 -8 102 169 67 17 24 26 26 36 114 97 90 150 161 212 210 188 177 156 146 127 88 85 98 142 151 137 198 220 216 210 207 212 218 220 220 220 225 228 231 232 233 232 228 228 229 207 187 182 180 180 180 178 162 133 126 125 130 131 130 134 136 133 130 128 131
-32768 -32768 -32768 -32768 -32768 95 88 80 85 81 72 19 -32 2 34 41 43 31 41 49 44 44 40 33 6 106 217 234 226 196 187 185 163 152 139 140 112 126 157 122 174 209 214 198 206 214 221 224 226 227 230 233 233 236 238 236 228 204 200 190 189 184 179 178 177 165 129 132 131 130 136 139 138 139 140 138 134 134 172
-32768 -32768 -32768 -32768 -32768 101 100 87 89 101 100 86 6 -4 44 79 78 68 67 49 87 85 57 68 102 48 219 230 216 212 197 190 181 172 178 168 151 123 154 119 174 183 202 220 221 218 222 229 229 232 236 240 241 242 242 241 224 195 196 194 191 182 179 181 174 140 131 132 136 143 144 144 142 142 141 139 137 148 183
-32768 -32768 -32768 -32768 -32768 -32768 90 93 78 100 103 104 52 -2 49 67 102 91 44 81 101 103 98 183 221 126 211 224 217 202 212 187 199 209 194 177 150 171 161 135 190 202 212 226 235 227 224 229 229 230 229 224 231 233 228 243 206 200 200 198 193 185 184 168 147 141 139 143 148 150 150 147 145 143 140 139 140 141 139
-32768 -32768 -32768 -32768 -32768 -32768 -32768 95 94 90 104 106 79 44 78 90 105 109 81 83 106 149 238 217 198 193 191 237 222 209 203 181 190 194 190 193 172 190 145 167 193 223 233 234 241 241 235 234 230 234 199 198 200 200 201 203 204 203 203 203 182 159 143 138 140 143 148 156 159 157 155 153 148 145 141 139 141 140 128
-32768 -32768 -32768 -32768 -32768 -32768 -32768 107 109 92 88 109 95 65 89 91 95 159 154 81 115 149 241 209 203 189 162 212 232 219 216 198 185 170 179 194 220 197 185 196 217 241 247 248 241 243 247 233 233 235 201 222 219 204 206 206 206 205 207 206 160 190 153 154 157 155 159 161 162 161 159 155 152 151 144 144 144 75 49
-32768 -32768 -32768 -32768 -32768 -32768 -32768 -32768 115 109 79 59 72 85 82 92 95 173 258 297 190 119 222 230 212 225 222 182 206 217 217 202 183 174 178 208 223 191 193 202 222 230 237 235 236 238 245 239 242 237 216 252 221 209 209 208 205 206 206 190 155 174 150 153 161 165 167 164 162 162 158 156 156 155 134 153 94 61 57
-32768 -32768 -32768 -32768 -32768 -32768 -32768 -32768 -32768 120 115 117 115 107 82 85 56 120 287 320 252 151 237 273 244 239 221 211 185 192 175 175 167 163 171 196 217 203 197 209 226 234 240 241 240 240 239 232 247 248 251 216 217 216 213 211 211 209 209 184 159 155 154 160 165 168 170 168 166 165 160 161 158 157 150 97 69 76 79
-32768 -32768 -32768 -32768 -32768 -32768 -32768 -32768 -32768 120 120 -32768 -32768 141 128 114 89 118 198 316 322 293 303 290 289 166 109 176 235 212 170 148 162 160 167 197 229 215 200 209 236 239 230 238 239 244 238 238 245 251 245 219 221 220 218 216 216 213 208 174 168 169 168 167 168 168 165 140 171 171 160 141 127 132 92 76 78 81 78
-32768 -32768 -32768 -32768 -32768 -32768 -32768 -32768 -32768 -32768 127 131 138 137 128 126 87 124 166 282 312 311 311 315 314 307 306 246 264 253 213 206 183 170 175 231 223 240 177 199 238 244 230 230 236 240 238 247 246 234 229 220 221 220 221 219 220 215 190 172 175 175 174 171 171 170 136 95 176 174 148 123 125 124 111 86 86 84 78
-32768 -32768 -32768 -32768 -32768 -32768 -32768 -32768 -32768 -32768 -32768 -32768 137 132 -32768 135 108 98 143 256 288 307 322 323 316 299 305 292 270 238 245 244 222 202 205 233 231 248 189 199 234 246 241 241 247 249 251 251 236 233 226 222 221 223 222 226 226 220 218 176 184 202 195 136 175 176 177 102 119 175 142 123 128 125 102 95 94 92 89
-32768 -32768 -32768 -32768 -32768 -32768 -32768 -32768 -32768 -32768 -32768 -32768 -32768 -32768 -32768 131 118 82 115 201 205 286 294 310 301 294 289 287 260 243 239 242 238 234 241 240 242 250 230 235 222 254 253 253 254 257 260 247 229 228 221 220 219 219 224 227 227 225 224 196 220 221 212 85 116 150 172 128 100 143 122 132 121 99 100 110 116 103 100
-32768 -32768 -32768 -32768 -32768 -32768 -32768 -32768 -32768 -32768 -32768 -32768 -32768 -32768 -32768 -32768 125 97 89 217 275 275 272 279 292 289 268 255 239 240 237 215 227 238 250 253 255 256 236 245 239 252 264 265 261 258 245 228 228 235 226 224 221 221 224 229 228 227 224 226 223 220 147 86 91 90 114 166 105 106 120 113 103 105 105 104 105 105 108
-32768 -32768 -32768 -32768 -32768 -32768 -32768 -32768 -32768 -32768 -32768 -32768 -32768 -32768 -32768 -32768 127 120 93 179 260 271 262 266 283 280 269 248 232 228 235 243 221 242 247 257 259 253 249 235 239 244 261 266 237 238 229 225 231 235 227 224 224 222 227 231 232 229 229 226 227 170 101 100 102 102 99 97 103 108 112 112 110 145 163 159 159 160 198
-32768 -32768 -32768 -32768 -32768 -32768 -32768 -32768 -32768 -32768 -32768 -32768 -32768 -32768 -32768 -32768 -32768 136 115 133 248 -32768 -32768 268 286 288 288 272 249 237 237 250 230 235 234 252 256 247 237 236 243 222 234 251 237 233 234 229 230 229 228 222 226 225 229 233 235 235 233 229 229 241 189 113 114 108 105 104 105 126 135 199 263 265 267 267 265 266 267
-32768 -32768 -32768 -32768 -32768 -32768 -32768 -32768 -32768 -32768 -32768 -32768 -32768 -32768 -32768 -32768 -32768 146 139 122 169 -32768 -32768 -32768 285 279 274 272 259 252 250 255 224 205 231 242 242 239 239 238 236 227 225 233 234 234 243 240 236 231 231 228 222 227 235 235 236 227 222 251 259 258 258 264 262 265 270 271 267 268 267 267 269 267 269 270 267 267 268
-32768 -32768 -32768 -32768 -32768 -32768 -32768 -32768 -32768 -32768 -32768 -32768 -32768 -32768 -32768 -32768 -32768 -32768 150 137 127 143 150 150 289 284 275 277 280 272 272 270 224 183 197 217 217 226 240 245 268 261 250 256 260 254 257 255 247 238 233 232 230 234 238 237 237 221 234 266 270 272 272 271 270 270 271 270 268 270 270 270 270 -32768 -32768 -32768 -32768 -32768 269
-32768 -32768 -32768 -32768 -32768 -32768 -32768 -32768 -32768 -32768 -32768 -32768 -32768 150 -32768 -32768 -32768 -32768 -32768 152 146 130 142 155 297 293 302 301 302 291 285 278 244 187 182 198 193 222 246 252 262 263 267 268 257 250 266 262 256 245 250 245 250 246 242 241 248 246 266 274 278 -32768 -32768 -32768 -32768 -32768 271 270 270 271 272 273 273 -32768 -32768 -32768 -32768 -32768 -32768
-32768 -32768 -32768 -32768 -32768 -32768 -32768 -32768 -32768 -32768 -32768 -32768 -32768 152 -32768 -32768 -32768 -32768 -32768 -32768 161 154 135 160 264 293 308 311 303 296 290 261 228 195 195 191 191 215 247 253 253 240 244 276 254 240 262 266 263 260 258 255 257 257 258 258 261 258 264 278 -32768 -32768 -32768 -32768 -32768 -32768 -32768 -32768 -32768 -32768 -32768 273 -32768 -32768 -32768 -32768 -32768 -32768 -32768
-32768 -32768 -32768 -32768 -32768 -32768 -32768 -32768 -32768 -32768 -32768 -32768 -32768 -32768 -32768 -32768 -32768 -32768 158 154 -32768 194 148 141 227 300 310 307 306 302 300 263 228 197 178 188 199 217 242 252 241 241 242 244 246 235 274 267 263 268 268 267 264 263 264 262 261 262 -32768 -32768 -32768 -32768 -32768 -32768 -32768 -32768 -32768 -32768 -32768 -32768 -32768 -32768 -32768 -32768 -32768 -32768 -32768 -32768 -32768
-32768 -32768 -32768 -32768 -32768 -32768 -32768 -32768 -32768 -32768 -32768 -32768 -32768 -32768 -32768 -32768 -32768 -32768 -32768 159 155 165 225 199 273 284 -32768 311 312 313 309 283 253 215 177 180 201 221 231 241 241 238 235 246 235 237 260 268 268 269 274 270 263 264 266 266 264 -32768 -32768 -32768 -32768 -32768 -32768 -32768 -32768 -32768 -32768 -32768 -32768 -32768 -32768 -32768 -32768 -32768 -32768 -32768 -32768 -32768 -32768
-32768 -32768 -32768 -32768 -32768 -32768 -32768 -32768 -32768 -32768 -32768 -32768 -32768 -32768 -32768 -32768 -32768 -32768 -32768 -32768 153 160 191 245 264 285 298 -32768 316 319 318 304 266 234 209 187 196 220 221 233 237 230 230 240 231 243 253 272 271 270 278 275 264 266 267 266 -32768 -32768 -32768 -32768 -32768 -32768 -32768 -32768 -32768 -32768 -32768 -32768 -32768 -32768 -32768 -32768 -32768 -32768 -32768 -32768 -32768 -32768 -32768
-32768 -32768 -32768 -32768 -32768 -32768 -32768 -32768 -32768 -32768 -32768 -32768 -32768 -32768 -32768 -32768 -32768 -32768 -32768 -32768 -32768 167 167 199 251 263 291 297 -32768 -32768 308 302 288 275 241 194 186 197 207 226 235 242 240 239 242 254 255 259 275 277 283 273 268 268 266 264 -32768 -32768 -32768 -32768 -32768 -32768 -32768 -32768 -32768 -32768 -32768 -32768 -32768 -32768 -32768 -32768 -32768 -32768 -32768 -32768 -32768 -32768 -32768
-32768 -32768 -32768 -32768 -32768 -32768 -32768 -32768 -32768 -32768 -32768 -32768 -32768 -32768 -32768 -32768 -32768 -32768 -32768 -32768 -32768 -32768 -32768 -32768 192 247 273 294 -32768 -32768 -32768 306 298 275 247 210 175 164 196 211 228 240 248 249 253 239 237 250 259 259 276 280 279 272 268 267 -32768 -32768 -32768 -32768 -32768 -32768 -32768 -32768 -32768 -32768 -32768 -32768 -32768 -32768 -32768 -32768 -32768 -32768 -32768 -32768 -32768 -32768 -32768
-32768 -32768 -32768 -32768 -32768 -32768 -32768 -32768 -32768 -32768 -32768 -32768 -32768 -32768 -32768 -32768 -32768 -32768 -32768 -32768 -32768 -32768 -32768 -32768 -32768 182 277 287 301 -32768 -32768 306 301 296 267 235 180 165 183 215 222 235 246 259 262 258 246 245 227 250 265 274 282 273 271 269 -32768 -32768 -32768 -32768 -32768 -32768 -32768 -32768 -32768 -32768 -32768 -32768 -32768 -32768 -32768 -32768 -32768 -32768 -32768 -32768 -32768 -32768 -32768
-32768 -32768 -32768 -32768 -32768 -32768 -32768 -32768 -32768 -32768 -32768 -32768 -32768 -32768 -32768 -32768 -32768 -32768 -32768 -32768 -32768 -32768 -32768 -32768 -32768 191 277 271 285 -32768 -32768 301 300 297 286 267 225 169 175 204 224 245 246 247 252 241 233 231 192 187 261 271 276 272 271 270 -32768 -32768 -32768 -32768 -32768 -32768 -32768 -32768 -32768 -32768 -32768 -32768 -32768 -32768 -32768 -32768 -32768 -32768 -32768 -32768 -32768 -32768 -32768
-32768 -32768 -32768 -32768 -32768 -32768 -32768 -32768 -32768 -32768 -32768 -32768 -32768 -32768 -32768 -32768 -32768 -32768 -32768 -32768 -32768 -32768 -32768 -32768 -32768 182 242 266 276 288 -32768 -32768 -32768 297 296 292 261 216 166 178 203 219 222 233 234 228 230 232 216 188 231 265 255 276 276 -32768 -32768 -32768 -32768 -32768 -32768 -32768 -32768 -32768 -32768 -32768 -32768 -32768 -32768 -32768 -32768 -32768 -32768 -32768 -32768 -32768 -32768 -32768 -32768
-32768 -32768 -32768 -32768 -32768 -32768 -32768 -32768 -32768 -32768 -32768 -32768 -32768 -32768 -32768 -32768 -32768 -32768 -32768 -32768 -32768 -32768 -32768 -32768 -32768 -32768 184 270 277 286 293 -32768 -32768 -32768 297 295 278 220 171 161 192 204 189 205 217 221 212 210 216 204 212 272 277 283 284 -32768 -32768 -32768 -32768 -32768 -32768 -32768 -32768 -32768 -32768 -32768 -32768 -32768 -32768 -32768 -32768 -32768 -32768 -32768 -32768 -32768 -32768 -32768 -32768
-32768 -32768 -32768 -32768 -32768 -32768 -32768 -32768 -32768 -32768 -32768 -32768 -32768 -32768 -32768 -32768 -32768 -32768 -32768 -32768 -32768 -32768 -32768 -32768 -32768 -32768 -32768 -32768 276 271 269 287 -32768 -32768 -32768 295 288 263 203 163 171 204 184 200 197 200 194 198 203 208 179 249 282 280 280 -32768 -32768 -32768 -32768 -32768 -32768 -32768 -32768 -32768 -32768 -32768 -32768 -32768 -32768 -32768 -32768 -32768 -32768 -32768 -32768 -32768 -32768 -32768 -32768
-32768 -32768 -32768 -32768 -32768 -32768 -32768 -32768 -32768 -32768 -32768 -32768 -32768 -32768 -32768 -32768 -32768 -32768 -32768 -32768 -32768 -32768 -32768 -32768 -32768 -32768 -32768 -32768 -32768 272 264 279 -32768 -32768 -32768 -32768 287 280 254 210 187 188 180 184 192 201 194 197 215 226 213 241 280 257 273 -32768 -32768 -32768 -32768 -32768 -32768 -32768 -32768 -32768 -32768 -32768 -32768 -32768 -32768 -32768 -32768 -32768 -32768 -32768 -32768 -32768 -32768 -32768 -32768
-32768 -32768 -32768 -32768 -32768 -32768 -32768 -32768 -32768 -32768 -32768 -32768 -32768 -32768 -32768 -32768 -32768 -32768 -32768 -32768 -32768 -32768 -32768 -32768 -32768 -32768 -32768 -32768 -32768 272 272 -32768 -32768 -32768 -32768 -32768 -32768 283 276 244 211 206 195 178 183 189 191 201 216 237 236 267 292 275 272 -32768 -32768 -32768 -32768 -32768 -32768 -32768 -32768 -32768 -32768 -32768 -32768 -32768 -32768 -32768 284 -32768 -32768 -32768 -32768 -32768 -32768 -32768 -32768
