final project/Practice/maxentOut/bio8.asc
NCOLS 186 
NROWS 192 
XLLCORNER -125 
YLLCORNER -56 
CELLSIZE 0.5 
NODATA_value -32768 
[rows 105 to 139 of 192, columns 79 to 157 of 186]
-32768 -32768 -32768 -32768 -32768 -32768 -32768 -32768 -32768 -32768 -32768 -32768 -32768 -32768 -32768 -32768 -32768 174 168 73 42 88 117 178 197 189 157 185 242 251 254 258 261 262 264 266 267 267 267 267 268 266 262 259 256 252 247 241 235 226 215 223 232 240 246 251 254 257 253 252 249 250 249 250 253 255 258 263 271 273 271 267 266 259 255 257 257 254 244
-32768 -32768 -32768 -32768 -32768 -32768 -32768 -32768 -32768 -32768 -32768 -32768 -32768 -32768 -32768 -32768 -32768 164 188 132 52 51 110 135 148 114 96 105 151 216 241 252 258 262 263 266 267 267 266 266 268 267 264 261 258 253 250 246 242 234 230 221 231 237 243 248 254 256 253 250 248 247 247 248 250 254 256 261 269 270 267 265 261 256 254 243 253 252 239
-32768 -32768 -32768 -32768 -32768 -32768 -32768 -32768 -32768 -32768 -32768 -32768 -32768 -32768 -32768 -32768 -32768 -32768 213 202 100 67 90 116 107 103 103 98 57 65 126 198 223 241 255 265 267 267 266 265 266 267 266 263 261 256 250 248 244 235 239 227 229 234 240 243 248 254 253 247 247 244 242 246 250 250 255 262 267 267 267 264 258 248 250 241 235 254 241
-32768 -32768 -32768 -32768 -32768 -32768 -32768 -32768 -32768 -32768 -32768 -32768 -32768 -32768 -32768 -32768 -32768 -32768 224 224 191 96 68 82 84 71 78 82 72 47 58 85 166 201 223 258 268 267 264 263 266 268 267 266 262 259 255 250 249 231 243 243 229 232 239 244 252 254 252 249 246 245 241 241 247 249 257 263 265 266 263 262 255 250 248 231 241 254 241
-32768 -32768 -32768 -32768 -32768 -32768 -32768 -32768 -32768 -32768 -32768 -32768 -32768 -32768 -32768 -32768 -32768 -32768 -32768 228 233 170 96 61 57 35 45 61 77 79 81 64 56 177 205 251 262 266 263 263 266 270 269 267 264 261 257 252 251 245 239 247 238 237 245 260 261 262 257 255 249 241 232 236 242 249 257 262 264 264 259 251 248 246 235 224 247 247 236
-32768 -32768 -32768 -32768 -32768 -32768 -32768 -32768 -32768 -32768 -32768 -32768 -32768 -32768 -32768 -32768 -32768 -32768 -32768 -32768 199 212 162 103 91 52 44 41 50 45 92 93 73 139 223 241 249 263 264 265 268 270 270 270 268 261 257 253 252 253 252 255 252 250 255 265 265 258 259 252 241 233 233 235 241 242 250 262 264 261 253 244 243 242 237 227 239 229 234
-32768 -32768 -32768 -32768 -32768 -32768 -32768 -32768 -32768 -32768 -32768 -32768 -32768 -32768 -32768 -32768 -32768 -32768 -32768 -32768 -32768 220 205 152 161 107 111 55 48 53 81 94 99 107 149 228 233 244 264 268 270 270 270 271 270 261 253 250 250 252 256 257 249 262 266 270 262 263 269 266 239 245 238 233 242 245 255 262 260 259 249 242 241 228 220 218 224 231 240
-32768 -32768 -32768 -32768 -32768 -32768 -32768 -32768 -32768 -32768 -32768 -32768 -32768 -32768 -32768 -32768 -32768 -32768 -32768 -32768 -32768 -32768 225 202 197 191 191 138 64 53 53 82 97 98 72 170 199 215 245 269 270 270 270 269 268 256 248 248 247 249 255 259 261 269 271 270 271 273 274 271 251 256 252 242 238 247 249 258 253 252 244 237 234 226 224 219 225 234 232
-32768 -32768 -32768 -32768 -32768 -32768 -32768 -32768 -32768 -32768 -32768 -32768 -32768 -32768 -32768 -32768 -32768 -32768 -32768 -32768 -32768 -32768 -32768 -32768 225 207 192 188 142 89 40 62 92 93 97 127 146 144 171 249 271 270 268 267 266 263 256 251 248 250 258 265 270 273 275 275 276 276 275 272 268 254 251 237 239 247 245 244 246 245 246 244 237 230 230 224 225 241 239
-32768 -32768 -32768 -32768 -32768 -32768 -32768 -32768 -32768 -32768 -32768 -32768 -32768 -32768 -32768 -32768 -32768 -32768 -32768 -32768 -32768 -32768 -32768 -32768 -32768 -32768 171 177 187 148 86 53 85 104 96 104 86 130 115 159 229 256 264 264 265 262 262 261 259 260 260 264 271 275 277 277 277 277 276 274 271 254 244 239 237 239 238 233 237 243 249 248 242 240 239 232 233 244 244
-32768 -32768 -32768 -32768 -32768 -32768 -32768 -32768 -32768 -32768 -32768 -32768 -32768 -32768 -32768 -32768 -32768 -32768 -32768 -32768 -32768 -32768 -32768 -32768 -32768 -32768 -32768 -32768 170 162 158 74 74 85 98 106 106 97 162 154 169 185 211 241 261 267 265 265 264 263 264 267 262 272 275 275 278 277 276 274 272 260 254 250 235 237 238 237 235 243 252 248 244 247 245 236 234 244 238
-32768 -32768 -32768 -32768 -32768 -32768 -32768 -32768 -32768 -32768 -32768 -32768 -32768 -32768 -32768 -32768 -32768 -32768 -32768 -32768 -32768 -32768 -32768 -32768 -32768 -32768 -32768 -32768 -32768 154 169 129 41 80 93 105 117 96 132 182 194 200 199 211 258 269 269 269 268 265 261 268 271 266 268 272 278 277 276 275 273 265 260 257 240 236 244 244 245 243 252 250 248 249 245 237 234 237 230
-32768 -32768 -32768 -32768 -32768 -32768 -32768 -32768 -32768 -32768 -32768 -32768 -32768 -32768 -32768 -32768 -32768 -32768 -32768 -32768 -32768 -32768 -32768 -32768 -32768 -32768 -32768 -32768 -32768 -32768 176 157 68 80 108 115 123 109 118 140 185 193 203 229 264 271 272 271 270 267 269 270 274 275 277 277 278 277 276 276 274 261 260 254 245 237 242 247 251 249 254 253 247 237 233 224 226 229 228
-32768 -32768 -32768 -32768 -32768 -32768 -32768 -32768 -32768 -32768 -32768 -32768 -32768 -32768 -32768 -32768 -32768 -32768 -32768 -32768 -32768 -32768 -32768 -32768 -32768 -32768 -32768 -32768 -32768 -32768 195 177 92 76 109 120 124 110 95 124 162 167 206 246 256 273 276 274 273 272 270 267 264 275 280 277 279 277 276 274 270 252 258 251 246 249 251 247 252 253 252 249 246 241 231 221 220 222 220
-32768 -32768 -32768 -32768 -32768 -32768 -32768 -32768 -32768 -32768 -32768 -32768 -32768 -32768 -32768 -32768 -32768 -32768 -32768 -32768 -32768 -32768 -32768 -32768 -32768 -32768 -32768 -32768 -32768 -32768 175 188 128 68 104 114 125 110 94 113 144 163 209 240 251 271 274 274 275 272 270 271 269 277 283 282 279 276 274 272 262 258 248 249 253 255 256 249 250 250 250 251 251 247 241 228 212 210 215
-32768 -32768 -32768 -32768 -32768 -32768 -32768 -32768 -32768 -32768 -32768 -32768 -32768 -32768 -32768 -32768 -32768 -32768 -32768 -32768 -32768 -32768 -32768 -32768 -32768 -32768 -32768 -32768 -32768 -32768 175 196 148 75 102 120 130 118 129 150 149 169 213 241 256 271 273 275 270 272 272 274 275 283 285 283 277 269 269 264 261 254 247 252 255 256 259 257 254 249 247 249 251 251 246 233 215 211 220
-32768 -32768 -32768 -32768 -32768 -32768 -32768 -32768 -32768 -32768 -32768 -32768 -32768 -32768 -32768 -32768 -32768 -32768 -32768 -32768 -32768 -32768 -32768 -32768 -32768 -32768 -32768 -32768 -32768 -32768 181 199 175 78 84 112 128 137 128 166 169 183 237 245 255 268 274 270 269 273 276 278 283 284 284 282 276 260 265 261 258 250 248 252 254 257 259 261 252 250 248 246 245 243 241 228 216 219 218
-32768 -32768 -32768 -32768 -32768 -32768 -32768 -32768 -32768 -32768 -32768 -32768 -32768 -32768 -32768 -32768 -32768 -32768 -32768 -32768 -32768 -32768 -32768 -32768 -32768 -32768 -32768 -32768 -32768 -32768 199 205 189 83 83 94 119 125 119 153 170 186 222 252 266 267 267 265 269 276 279 285 285 284 283 281 271 256 262 256 248 251 250 252 254 254 256 256 250 248 248 247 245 241 237 232 224 213 218
-32768 -32768 -32768 -32768 -32768 -32768 -32768 -32768 -32768 -32768 -32768 -32768 -32768 -32768 -32768 -32768 -32768 -32768 -32768 -32768 -32768 -32768 -32768 -32768 -32768 -32768 -32768 -32768 -32768 -32768 189 191 178 102 73 66 101 97 121 156 151 192 227 239 264 267 266 268 272 281 288 286 284 282 282 279 268 259 258 246 249 251 252 252 252 252 256 252 250 246 243 242 243 241 232 229 228 214 211
-32768 -32768 -32768 -32768 -32768 -32768 -32768 -32768 -32768 -32768 -32768 -32768 -32768 -32768 -32768 -32768 -32768 -32768 -32768 -32768 -32768 -32768 -32768 -32768 -32768 -32768 -32768 -32768 -32768 -32768 164 186 177 140 107 57 73 83 122 141 126 201 246 249 263 272 274 274 275 287 290 286 281 280 280 279 271 262 257 241 243 245 247 248 249 253 251 250 247 242 238 235 237 237 226 221 226 218 204
-32768 -32768 -32768 -32768 -32768 -32768 -32768 -32768 -32768 -32768 -32768 -32768 -32768 -32768 -32768 -32768 -32768 -32768 -32768 -32768 -32768 -32768 -32768 -32768 -32768 -32768 -32768 -32768 -32768 -32768 165 184 176 144 133 65 67 75 107 134 130 221 262 271 275 276 274 275 274 283 285 283 280 276 277 276 267 265 255 242 239 242 242 245 242 244 246 246 248 246 240 237 232 227 232 232 225 210 191
-32768 -32768 -32768 -32768 -32768 -32768 -32768 -32768 -32768 -32768 -32768 -32768 -32768 -32768 -32768 -32768 -32768 -32768 -32768 -32768 -32768 -32768 -32768 -32768 -32768 -32768 -32768 -32768 -32768 144 138 161 167 141 170 89 81 97 115 125 124 211 267 276 278 277 274 269 270 272 279 279 277 271 274 273 268 263 254 241 237 239 239 239 236 242 232 226 236 238 237 233 229 229 224 225 217 206 207
-32768 -32768 -32768 -32768 -32768 -32768 -32768 -32768 -32768 -32768 -32768 -32768 -32768 -32768 -32768 -32768 -32768 -32768 -32768 -32768 -32768 -32768 -32768 -32768 -32768 -32768 -32768 -32768 -32768 147 139 158 169 153 159 88 85 97 122 120 171 231 253 270 277 278 268 266 267 267 268 267 254 273 273 270 267 261 248 244 237 238 236 231 240 239 238 229 219 217 229 231 230 225 220 211 200 204 218
-32768 -32768 -32768 -32768 -32768 -32768 -32768 -32768 -32768 -32768 -32768 -32768 -32768 -32768 -32768 -32768 -32768 -32768 -32768 -32768 -32768 -32768 -32768 -32768 -32768 -32768 -32768 -32768 -32768 149 125 137 140 123 101 98 100 84 95 111 202 232 228 266 277 278 268 265 265 266 268 270 271 272 272 269 263 253 245 244 240 233 234 239 242 235 230 230 223 218 212 211 214 215 226 242 235 249 250
-32768 -32768 -32768 -32768 -32768 -32768 -32768 -32768 -32768 -32768 -32768 -32768 -32768 -32768 -32768 -32768 -32768 -32768 -32768 -32768 -32768 -32768 -32768 -32768 -32768 -32768 -32768 -32768 -32768 146 117 125 115 96 78 121 107 98 96 152 215 221 245 260 274 275 273 270 266 266 268 269 271 271 269 275 269 250 240 239 238 232 227 231 226 230 219 210 215 213 206 206 228 234 242 254 249 -32768 -32768
-32768 -32768 -32768 -32768 -32768 -32768 -32768 -32768 -32768 -32768 -32768 -32768 -32768 -32768 -32768 -32768 -32768 -32768 -32768 -32768 -32768 -32768 -32768 -32768 -32768 -32768 -32768 -32768 -32768 148 139 127 87 84 71 86 102 85 151 171 214 233 250 265 272 274 271 270 265 266 267 268 269 269 266 260 265 253 242 242 243 237 228 229 220 215 212 204 194 206 213 210 205 230 250 258 -32768 -32768 -32768
-32768 -32768 -32768 -32768 -32768 -32768 -32768 -32768 -32768 -32768 -32768 -32768 -32768 -32768 -32768 -32768 -32768 -32768 -32768 -32768 -32768 -32768 -32768 -32768 -32768 -32768 -32768 -32768 -32768 148 140 128 77 79 79 94 78 82 163 189 208 238 257 269 271 265 263 264 264 266 266 266 264 259 267 266 254 243 238 238 238 237 232 235 226 222 206 167 166 204 208 205 199 231 244 -32768 -32768 -32768 -32768
-32768 -32768 -32768 -32768 -32768 -32768 -32768 -32768 -32768 -32768 145 143 -32768 -32768 -32768 -32768 -32768 -32768 -32768 -32768 -32768 -32768 -32768 -32768 -32768 -32768 -32768 -32768 -32768 155 136 118 72 62 64 102 105 85 114 187 228 232 260 268 270 266 264 263 264 264 263 263 249 242 256 261 248 240 231 227 214 205 236 222 215 214 168 147 195 208 208 204 209 243 -32768 -32768 -32768 -32768 -32768
-32768 -32768 -32768 -32768 -32768 -32768 -32768 -32768 -32768 -32768 -32768 -32768 -32768 -32768 -32768 -32768 -32768 -32768 -32768 -32768 -32768 -32768 -32768 -32768 -32768 -32768 -32768 -32768 -32768 135 113 90 55 51 52 91 102 127 174 163 233 249 263 269 270 266 264 264 264 262 260 261 248 244 247 262 256 244 239 216 219 196 192 227 215 211 157 140 156 182 201 211 226 239 -32768 -32768 -32768 -32768 -32768
-32768 -32768 -32768 -32768 -32768 -32768 -32768 -32768 -32768 -32768 -32768 -32768 -32768 -32768 -32768 -32768 -32768 -32768 -32768 -32768 -32768 -32768 -32768 -32768 -32768 -32768 -32768 -32768 -32768 125 105 75 55 32 61 158 132 195 164 221 247 251 258 264 263 264 265 266 272 269 262 259 253 246 246 258 250 230 241 219 195 167 167 212 216 208 187 162 158 145 186 221 216 230 237 -32768 -32768 -32768 -32768
-32768 -32768 -32768 -32768 -32768 -32768 -32768 -32768 -32768 -32768 -32768 -32768 -32768 -32768 -32768 -32768 -32768 -32768 -32768 -32768 -32768 -32768 -32768 -32768 -32768 -32768 -32768 -32768 135 125 88 51 42 27 83 183 202 240 233 230 248 249 267 264 263 264 264 270 272 270 264 258 245 240 244 245 235 226 227 199 177 172 178 203 207 204 195 169 156 144 162 195 196 220 233 -32768 -32768 -32768 -32768
-32768 -32768 -32768 -32768 -32768 -32768 -32768 -32768 -32768 -32768 -32768 -32768 -32768 -32768 -32768 -32768 -32768 -32768 -32768 -32768 -32768 -32768 -32768 -32768 -32768 -32768 -32768 -32768 140 117 59 19 51 59 122 179 236 252 222 224 242 256 268 260 262 264 264 268 269 266 260 256 234 236 239 241 243 213 209 204 176 195 193 200 198 201 190 162 153 149 154 169 221 232 -32768 -32768 -32768 -32768 -32768
-32768 -32768 -32768 -32768 -32768 -32768 -32768 -32768 -32768 -32768 -32768 -32768 -32768 -32768 -32768 -32768 -32768 -32768 -32768 -32768 -32768 -32768 -32768 -32768 -32768 -32768 -32768 144 120 95 34 -17 64 107 191 151 193 243 241 248 261 267 270 261 260 260 260 261 261 257 255 253 233 233 235 236 237 207 205 200 186 176 176 179 199 212 192 169 160 152 181 207 232 237 -32768 -32768 -32768 -32768 -32768
-32768 -32768 -32768 -32768 -32768 -32768 -32768 -32768 -32768 -32768 -32768 -32768 -32768 -32768 -32768 -32768 -32768 -32768 -32768 -32768 -32768 -32768 -32768 -32768 -32768 -32768 -32768 141 120 64 -4 -25 80 139 206 174 222 248 270 270 270 270 266 249 254 255 254 253 254 253 251 250 236 231 230 231 233 202 198 193 185 164 169 182 223 218 220 221 177 147 179 214 229 -32768 -32768 -32768 -32768 -32768 -32768
-32768 -32768 -32768 -32768 -32768 -32768 -32768 -32768 -32768 -32768 -32768 -32768 -32768 -32768 -32768 -32768 -32768 -32768 -32768 -32768 -32768 -32768 -32768 -32768 -32768 -32768 -32768 135 115 59 -9 -37 76 151 229 204 236 268 275 271 272 268 250 236 252 253 251 248 250 250 250 249 247 227 227 230 231 225 196 187 189 198 177 186 230 230 232 232 187 165 159 169 -32768 -32768 -32768 -32768 -32768 -32768 -32768
