final project/Practice/maxentOut/bio8.asc
NCOLS 186 
NROWS 192 
XLLCORNER -125 
YLLCORNER -56 
CELLSIZE 0.5 
NODATA_value -32768 
[rows 70 to 104 of 192, columns 79 to 157 of 186]
-32768 -32768 -32768 -32768 -32768 -32768 -32768 -32768 -32768 -32768 -32768 -32768 -32768 -32768 -32768 -32768 256 257 206 198 114 247 148 128 215 251 258 256 258 255 258 261 264 267 268 266 245 219 265 258 245 228 219 237 245 244 233 221 213 212 223 230 251 265 264 266 265 262 265 263 262 261 259 257 254 256 258 259 -32768 -32768 -32768 -32768 -32768 -32768 -32768 -32768 -32768 -32768 -32768
-32768 -32768 -32768 -32768 -32768 -32768 -32768 -32768 -32768 -32768 -32768 -32768 -32768 -32768 -32768 252 254 244 208 151 211 258 120 184 254 257 257 256 256 256 257 259 262 263 265 265 258 263 265 241 212 211 226 233 232 242 239 238 245 251 249 247 254 264 265 264 260 260 261 262 262 258 257 254 250 252 254 257 258 -32768 -32768 -32768 -32768 -32768 -32768 -32768 -32768 -32768 -32768
-32768 -32768 -32768 -32768 -32768 -32768 -32768 244 -32768 -32768 -32768 -32768 -32768 -32768 -32768 -32768 257 220 192 132 251 206 112 240 259 258 259 258 257 257 257 259 261 262 262 263 264 263 256 237 224 214 224 237 239 231 252 256 263 264 264 265 266 265 264 263 258 255 256 261 258 257 251 247 246 250 251 255 258 -32768 -32768 -32768 -32768 -32768 -32768 -32768 -32768 -32768 -32768
-32768 -32768 -32768 -32768 -32768 -32768 -32768 -32768 -32768 -32768 -32768 -32768 -32768 -32768 260 260 255 199 181 160 246 187 223 252 261 262 263 260 258 257 257 257 257 259 260 261 261 261 259 243 259 231 222 235 242 249 251 258 262 264 265 259 253 263 261 259 260 257 254 258 256 252 249 248 246 250 252 253 258 260 -32768 -32768 -32768 -32768 -32768 -32768 -32768 -32768 -32768
-32768 -32768 -32768 -32768 -32768 -32768 -32768 -32768 -32768 -32768 -32768 -32768 -32768 261 260 262 245 184 127 170 210 187 254 250 262 269 268 264 261 258 255 255 255 256 257 258 258 259 260 260 261 254 214 220 241 251 253 259 262 264 264 264 262 261 257 258 260 258 252 253 249 250 251 249 248 252 252 254 257 260 -32768 -32768 -32768 -32768 -32768 -32768 -32768 -32768 -32768
-32768 -32768 -32768 -32768 -32768 -32768 -32768 -32768 -32768 -32768 -32768 -32768 -32768 260 261 252 182 168 124 208 179 246 255 256 262 267 268 264 260 257 256 253 253 254 254 256 256 258 260 260 255 251 244 230 235 253 257 260 260 263 258 261 258 258 258 260 259 260 254 246 246 244 249 246 247 252 251 251 257 260 261 -32768 -32768 -32768 -32768 -32768 -32768 -32768 -32768
-32768 -32768 -32768 -32768 -32768 -32768 -32768 -32768 -32768 -32768 -32768 -32768 260 260 258 231 209 133 166 209 236 253 254 256 258 262 263 260 256 256 253 251 251 253 254 256 257 259 261 251 245 236 236 256 260 259 257 251 265 264 260 256 254 258 255 259 258 259 254 253 249 248 249 248 246 251 253 253 257 259 262 262 -32768 -32768 -32768 -32768 -32768 -32768 -32768
-32768 -32768 -32768 -32768 -32768 -32768 -32768 -32768 -32768 -32768 -32768 259 261 259 226 162 141 169 217 250 252 253 256 256 257 256 260 259 255 253 251 249 250 255 257 259 263 264 262 239 237 241 254 251 256 262 260 264 266 266 262 261 256 253 250 252 260 259 255 253 249 247 248 248 249 251 255 255 258 261 261 263 -32768 -32768 -32768 -32768 -32768 -32768 -32768
-32768 -32768 -32768 -32768 -32768 -32768 -32768 -32768 -32768 -32768 255 253 254 232 167 104 149 231 246 249 251 253 257 257 255 255 259 258 255 250 249 248 248 253 257 260 263 264 251 238 246 262 263 263 252 264 265 266 266 266 264 264 263 256 258 254 259 260 255 252 248 247 247 247 250 246 255 257 259 262 262 262 -32768 -32768 -32768 -32768 -32768 -32768 -32768
-32768 -32768 -32768 -32768 -32768 -32768 -32768 -32768 -32768 -32768 258 251 252 188 125 142 226 243 247 247 250 255 257 258 255 256 260 258 256 253 253 252 251 253 257 259 261 261 260 254 256 261 263 264 264 265 266 267 267 267 264 264 263 262 264 263 261 261 259 253 247 244 250 250 256 253 255 261 263 263 262 263 263 -32768 -32768 -32768 -32768 -32768 -32768
-32768 -32768 -32768 -32768 -32768 -32768 -32768 -32768 -32768 -32768 249 251 239 155 98 146 230 244 248 249 251 255 258 259 257 257 259 258 260 259 258 254 253 253 255 258 259 260 262 263 263 263 263 263 264 264 265 267 267 267 266 264 266 261 263 260 264 264 258 253 247 246 252 257 258 258 257 264 265 264 263 264 265 266 266 -32768 -32768 -32768 -32768
-32768 -32768 -32768 -32768 -32768 -32768 -32768 -32768 -32768 260 256 254 229 103 78 186 236 243 247 248 249 252 254 255 258 259 263 266 263 262 260 257 255 254 254 255 257 258 259 260 261 262 262 263 264 266 266 266 267 268 266 264 266 265 266 265 266 265 262 254 250 247 249 253 252 259 263 266 265 264 264 264 267 268 265 261 257 256 258
-32768 -32768 -32768 -32768 -32768 -32768 -32768 -32768 258 249 252 261 214 91 131 223 239 245 245 246 247 251 254 260 264 266 266 265 264 261 259 258 256 252 253 254 255 255 256 257 259 261 263 263 264 264 266 267 267 267 268 267 266 267 265 265 267 268 266 262 258 251 250 253 262 263 266 266 265 264 265 266 267 267 264 260 256 255 259
-32768 -32768 -32768 -32768 -32768 -32768 -32768 -32768 -32768 249 254 261 213 99 145 225 240 246 247 247 249 253 258 263 265 265 265 264 262 260 258 256 256 253 252 253 254 255 257 258 259 261 262 263 263 264 265 267 267 267 266 267 265 266 266 266 267 266 266 263 262 261 262 264 265 266 266 265 265 264 265 266 267 266 264 261 258 257 261
-32768 -32768 -32768 -32768 -32768 -32768 -32768 -32768 261 260 259 265 233 92 161 222 246 248 250 249 250 256 262 263 263 263 263 263 261 260 258 255 256 256 253 253 254 254 254 258 261 262 263 263 263 263 264 265 267 267 266 266 266 266 268 267 269 270 266 262 260 259 260 261 260 261 264 264 263 263 265 267 268 266 265 263 260 259 262
-32768 -32768 -32768 -32768 -32768 -32768 -32768 -32768 -32768 261 264 259 125 125 203 244 254 252 252 252 255 258 261 263 262 262 261 260 259 259 258 258 256 256 254 253 255 254 254 258 262 264 263 263 262 263 264 265 266 268 268 267 266 264 265 268 270 270 263 259 256 251 251 252 254 257 259 261 261 263 265 267 268 267 265 264 260 262 262
-32768 -32768 -32768 -32768 -32768 -32768 -32768 -32768 -32768 -32768 267 231 138 151 208 253 259 257 256 256 257 258 260 262 262 261 260 259 258 258 258 257 257 256 255 255 256 256 258 260 264 266 265 263 262 262 263 265 266 268 269 269 267 264 265 266 267 267 263 259 255 251 249 250 250 252 254 256 259 261 264 268 268 267 265 263 261 263 264
-32768 -32768 -32768 -32768 -32768 -32768 -32768 -32768 -32768 264 256 217 142 200 217 253 263 262 260 259 257 260 261 262 262 260 259 260 259 260 259 258 257 254 255 256 258 258 261 263 266 267 266 264 262 261 262 265 265 266 267 267 266 265 266 265 265 264 262 259 257 252 249 248 247 246 246 246 252 259 264 268 268 266 264 262 263 260 265
-32768 -32768 -32768 -32768 -32768 -32768 -32768 -32768 253 245 250 211 168 202 227 257 267 267 263 261 261 263 264 262 264 261 260 259 258 259 259 259 257 254 256 258 259 260 262 264 266 265 264 262 261 259 262 263 263 264 265 265 265 265 266 264 263 262 265 264 256 250 245 246 246 245 241 242 249 256 263 268 268 266 262 260 260 259 260
-32768 -32768 -32768 -32768 -32768 -32768 -32768 -32768 255 260 257 185 171 200 240 253 268 269 266 264 265 267 268 268 264 261 260 259 258 258 258 256 255 255 257 258 260 262 262 264 264 264 263 262 260 260 261 261 262 263 264 264 265 264 264 263 261 264 264 258 253 251 249 248 245 244 242 243 249 253 259 265 268 263 260 256 257 257 255
-32768 -32768 -32768 -32768 -32768 -32768 -32768 -32768 259 266 264 210 171 214 229 220 245 262 264 265 266 269 271 271 266 261 259 259 258 257 256 255 256 256 256 258 260 261 262 262 263 263 263 261 261 261 259 260 261 262 263 264 263 263 262 261 260 262 262 256 252 250 248 247 246 245 244 246 249 252 258 262 264 265 265 261 255 255 255
-32768 -32768 -32768 -32768 -32768 -32768 -32768 -32768 252 263 262 236 171 221 187 173 220 232 263 265 268 271 270 269 265 262 260 258 258 257 256 256 256 256 256 259 259 260 261 262 262 263 263 262 261 260 260 260 261 261 262 262 262 261 259 260 262 260 258 255 250 249 248 245 245 246 243 245 247 249 255 259 262 260 261 257 256 253 258
-32768 -32768 -32768 -32768 -32768 -32768 -32768 -32768 249 256 259 251 163 176 169 144 183 220 252 265 269 269 268 265 264 260 259 258 257 258 256 257 256 255 257 258 259 260 261 262 262 263 262 261 260 260 260 260 260 261 261 260 261 260 261 262 259 256 255 253 250 250 249 246 245 246 247 245 247 249 242 254 260 258 257 250 252 250 254
-32768 -32768 -32768 -32768 -32768 -32768 -32768 -32768 -32768 245 254 252 213 121 134 139 197 241 251 252 267 267 264 261 261 259 257 257 259 258 258 258 256 256 257 257 259 260 261 261 262 263 262 260 260 260 259 259 259 259 259 258 259 260 259 260 260 255 254 253 251 250 248 247 245 244 246 249 249 246 251 254 257 258 256 250 252 248 248
-32768 -32768 -32768 -32768 -32768 -32768 -32768 -32768 -32768 -32768 -32768 251 223 148 118 132 194 254 251 258 267 262 261 257 259 257 257 259 259 258 258 257 255 255 256 257 258 259 261 262 262 263 261 260 260 260 259 258 258 258 256 256 257 260 260 258 258 254 253 252 250 249 247 247 244 246 244 248 248 244 248 254 257 255 255 258 257 251 251
-32768 -32768 -32768 -32768 -32768 -32768 -32768 -32768 -32768 -32768 -32768 232 228 176 118 127 143 231 239 254 267 265 262 257 258 257 257 258 258 259 258 256 255 254 255 257 259 260 261 262 262 262 261 261 260 259 257 257 256 258 258 255 254 257 260 261 256 251 252 250 250 249 246 246 246 247 244 243 248 246 250 256 257 255 257 261 261 257 253
-32768 -32768 -32768 -32768 -32768 -32768 -32768 -32768 -32768 -32768 -32768 -32768 218 190 119 95 119 200 230 243 262 265 263 259 258 258 257 258 259 260 258 256 254 253 254 257 260 260 261 262 261 260 260 260 260 258 257 256 254 254 257 257 254 255 257 259 254 245 242 246 249 248 245 246 247 249 244 242 251 250 255 257 257 254 260 260 258 252 250
-32768 -32768 -32768 -32768 -32768 -32768 -32768 -32768 -32768 -32768 -32768 -32768 -32768 211 171 94 119 137 230 240 262 266 264 261 259 259 257 257 258 259 257 255 253 252 254 258 261 261 261 261 261 260 259 258 258 256 255 254 252 253 254 255 254 253 253 255 256 253 248 241 239 242 244 247 248 250 252 249 251 256 259 261 261 256 261 260 257 249 249
-32768 -32768 -32768 -32768 -32768 -32768 -32768 -32768 -32768 -32768 -32768 -32768 -32768 218 203 91 77 116 202 226 260 252 267 265 260 259 257 258 257 257 256 255 253 253 255 260 261 263 261 260 259 259 259 257 256 253 252 251 250 251 252 252 253 251 251 249 253 253 252 246 240 236 244 247 249 251 254 253 255 261 265 265 264 259 263 261 259 250 251
-32768 -32768 -32768 -32768 -32768 -32768 -32768 -32768 -32768 -32768 -32768 -32768 -32768 -32768 214 123 54 79 130 181 255 250 258 264 260 260 258 258 258 256 255 254 254 255 258 262 264 264 264 263 261 259 258 255 254 251 249 248 247 248 248 248 250 248 249 250 252 252 252 249 246 243 244 248 250 254 257 257 259 267 269 269 267 262 260 261 259 252 249
-32768 -32768 -32768 -32768 -32768 -32768 -32768 -32768 -32768 -32768 -32768 -32768 -32768 -32768 204 183 82 56 98 140 229 245 232 262 260 260 257 257 257 254 253 253 254 257 261 263 265 265 265 264 261 259 257 254 251 249 247 244 243 245 244 243 244 247 249 247 248 250 249 251 250 248 244 248 252 255 260 263 267 271 274 273 270 265 257 257 258 252 241
-32768 -32768 -32768 -32768 -32768 -32768 -32768 -32768 -32768 -32768 -32768 -32768 -32768 -32768 -32768 194 131 57 62 101 194 219 218 255 262 259 256 256 253 252 252 251 253 258 263 264 265 266 267 265 261 259 253 244 247 245 243 242 240 241 239 237 239 242 248 246 247 249 250 250 248 247 247 249 253 256 262 270 273 276 276 274 269 261 257 252 254 248 239
-32768 -32768 -32768 -32768 -32768 -32768 -32768 -32768 -32768 -32768 -32768 -32768 -32768 -32768 -32768 184 183 82 46 73 149 198 228 235 257 259 253 250 250 251 251 252 254 258 262 264 266 267 267 266 263 261 258 250 246 244 243 240 238 234 233 233 237 240 247 250 251 250 248 250 250 248 250 251 254 257 261 271 278 280 278 274 268 263 259 251 250 243 236
-32768 -32768 -32768 -32768 -32768 -32768 -32768 -32768 -32768 -32768 -32768 -32768 -32768 -32768 -32768 160 180 150 38 57 76 116 220 202 242 253 250 253 251 251 251 253 255 259 262 264 266 267 267 266 265 262 258 252 250 247 239 238 237 231 227 229 233 241 247 250 253 253 252 251 250 249 249 250 252 257 261 267 277 280 277 273 266 264 260 256 257 250 239
-32768 -32768 -32768 -32768 -32768 -32768 -32768 -32768 -32768 -32768 -32768 -32768 -32768 -32768 -32768 -32768 161 186 90 43 78 124 190 191 207 233 191 226 251 252 253 255 258 260 263 265 266 267 267 266 266 264 260 257 254 249 240 233 233 229 222 224 234 242 247 252 253 257 255 252 250 249 250 250 253 256 261 265 273 276 275 271 265 263 259 254 258 260 242
