final project/Practice/maxentOut/species_4_maxentOut_clamping.asc
ncols         186
nrows         192
xllcorner     -125.0
yllcorner     -56.0
cellsize      0.5
NODATA_value  -9999
[rows 64 to 95 of 192, columns 72 to 143 of 186]
-9999 -9999 -9999 -9999 -9999 -9999 -9999 -9999 -9999 -9999 -9999 -9999 -9999 2.27005E-1 1.89005E-1 1.55481E-1 8.07346E-2 4.81992E-2 7.90531E-2 -9999 -9999 3.54528E-1 3.20148E-1 3.63324E-1 4.15351E-1 2.23408E-1 2.2561E-1 6.71559E-1 7.81768E-1 1.85674E-1 7.78976E-1 0E0 0E0 0E0 4.83256E-3 9.71106E-2 2.26161E-1 2.81663E-1 2.06855E-1 3.87964E-2 2.90061E-2 2.72008E-2 3.89434E-2 3.1034E-2 3.55426E-2 5.41351E-2 7.70912E-2 8.27809E-2 9.24608E-2 5.7469E-2 3.80958E-2 1.85766E-2 1.53552E-2 1.52445E-2 6.19208E-2 1.08862E-1 1.94761E-1 2.4684E-1 2.77839E-1 2.74304E-1 3.28919E-1 -9999 -9999 -9999 -9999 -9999 -9999 -9999 -9999 -9999 -9999 -9999
-9999 -9999 -9999 -9999 -9999 -9999 -9999 -9999 -9999 -9999 -9999 -9999 -9999 1.78265E-1 1.8692E-1 1.93635E-1 1.15408E-1 9.22653E-2 -9999 -9999 -9999 5.40987E-1 4.85154E-1 4.43376E-1 6.62395E-1 0E0 0E0 1.01175E-1 3.34536E-1 3.15412E-1 8.10087E-1 1.15126E-1 0E0 0E0 1.32696E-1 1.10038E-1 1.41691E-1 6.01585E-2 5.03983E-2 5.00298E-2 4.69852E-2 4.65792E-2 6.84126E-2 5.82975E-2 4.42156E-2 2.86275E-2 5.61867E-2 1.03466E-1 3.446E-1 1.66032E-1 9.48702E-2 2.1535E-2 6.69604E-2 2.2182E-2 5.9825E-2 7.53076E-2 1.39621E-1 1.99114E-1 2.25882E-1 2.32255E-1 3.2814E-1 4.4413E-1 -9999 -9999 -9999 -9999 -9999 -9999 -9999 -9999 -9999 -9999
-9999 -9999 -9999 -9999 -9999 -9999 -9999 -9999 -9999 -9999 -9999 -9999 -9999 -9999 -9999 -9999 -9999 -9999 -9999 -9999 -9999 -9999 5.45217E-1 3.90406E-1 2.57906E-1 0E0 0E0 0E0 1.57907E-1 7.61603E-1 5.1611E-1 0E0 0E0 0E0 1.29182E-1 1.3588E-1 6.08764E-2 6.02104E-2 6.04536E-2 8.32763E-2 8.7683E-2 1.10344E-1 1.20529E-1 9.62134E-2 2.64955E-2 5.4693E-2 1.07636E-1 1.39367E-1 3.64739E-1 1.67893E-1 4.80342E-2 1.26582E-1 1.43381E-1 1.34545E-1 1.0142E-1 8.74019E-2 1.0398E-1 1.60429E-1 2.00696E-1 2.11638E-1 2.35225E-1 2.85727E-1 3.45673E-1 -9999 -9999 -9999 -9999 -9999 -9999 -9999 -9999 -9999
-9999 -9999 -9999 -9999 -9999 -9999 -9999 -9999 -9999 -9999 -9999 -9999 -9999 -9999 -9999 -9999 -9999 -9999 -9999 -9999 -9999 -9999 -9999 1.98845E-1 5.83583E-2 0E0 0E0 0E0 1.92519E-1 4.68352E-1 5.97968E-2 0E0 0E0 0E0 1.70919E-1 5.40077E-2 6.68179E-2 8.07477E-2 9.57385E-2 1.11932E-1 1.58185E-1 2.31369E-1 2.45594E-1 1.63462E-1 7.11388E-2 6.71917E-2 8.54895E-2 4.92396E-2 2.62906E-1 2.31483E-1 7.70746E-2 7.3391E-2 1.87257E-1 1.49536E-1 1.5435E-1 1.10317E-1 4.00616E-2 1.50016E-1 2.19178E-1 2.16452E-1 2.02679E-1 2.09344E-1 2.1884E-1 4.83997E-1 4.85106E-1 -9999 -9999 2.30616E-1 -9999 -9999 -9999 -9999
-9999 -9999 -9999 -9999 -9999 -9999 -9999 -9999 -9999 -9999 -9999 -9999 -9999 -9999 -9999 -9999 -9999 -9999 -9999 -9999 -9999 -9999 1.66391E-1 4.02854E-2 2.61141E-2 8.85958E-3 0E0 3.4005E-2 1.81226E-1 1.50359E-1 0E0 0E0 0E0 2.18539E-2 5.79749E-2 5.60275E-2 7.35148E-2 9.26676E-2 1.15148E-1 1.63602E-1 2.5463E-1 2.98488E-1 2.34794E-1 1.56257E-1 6.13746E-2 2.46975E-2 4.82353E-2 0E0 1.92979E-1 2.36609E-1 1.72876E-1 2.63657E-1 1.20525E-1 4.87782E-2 0E0 0E0 4.07239E-2 6.63802E-2 2.02551E-1 2.64919E-1 2.46292E-1 2.18791E-1 2.49616E-1 4.26487E-1 4.87037E-1 3.54702E-1 2.81798E-1 2.25418E-1 2.24702E-1 2.46782E-1 2.76061E-1 3.23017E-1
-9999 -9999 -9999 -9999 -9999 -9999 -9999 -9999 -9999 -9999 -9999 -9999 -9999 -9999 -9999 -9999 -9999 -9999 -9999 -9999 -9999 -9999 1.4943E-1 3.59648E-2 5.38877E-2 1.43699E-2 0E0 6.35278E-2 1.37526E-1 0E0 0E0 0E0 0E0 6.26354E-2 5.76776E-2 5.41062E-2 6.97715E-2 8.93617E-2 1.5338E-1 2.56023E-1 3.39661E-1 3.17214E-1 1.96515E-1 1.31429E-1 8.53006E-2 1.18129E-1 9.69843E-2 0E0 1.96056E-1 2.33312E-1 2.61278E-1 3.06877E-1 2.52789E-1 0E0 0E0 0E0 0E0 8.37287E-3 1.00592E-1 2.49898E-1 2.81426E-1 2.14205E-1 2.04609E-1 3.20299E-1 3.89279E-1 3.57106E-1 2.5013E-1 2.18862E-1 2.09783E-1 2.17278E-1 2.39063E-1 3.10674E-1
-9999 -9999 -9999 -9999 -9999 -9999 -9999 -9999 -9999 -9999 -9999 -9999 -9999 -9999 -9999 -9999 -9999 -9999 -9999 -9999 -9999 -9999 -9999 5.33905E-2 1.57558E-2 0E0 0E0 4.84266E-2 6.69182E-2 0E0 0E0 4.46077E-2 6.78683E-2 5.77918E-2 6.31577E-2 5.15947E-2 6.04469E-2 8.83749E-2 1.37895E-1 1.95571E-1 2.6978E-1 6.22031E-1 5.49662E-1 1.48668E-1 2.10201E-2 2.3915E-1 1.00432E-1 1.00596E-1 5.18486E-2 0E0 1.34384E-1 1.6552E-1 1.34093E-1 5.95795E-2 0E0 0E0 0E0 6.39621E-3 7.58631E-2 1.95231E-1 2.62827E-1 2.28557E-1 2.49896E-1 2.63897E-1 2.30721E-1 3.26896E-1 2.3983E-1 2.31974E-1 2.27736E-1 2.14159E-1 2.2574E-1 2.54321E-1
-9999 -9999 -9999 -9999 -9999 -9999 -9999 -9999 -9999 -9999 -9999 -9999 -9999 -9999 -9999 -9999 -9999 -9999 -9999 -9999 -9999 -9999 2.45989E-1 1.15518E-1 9.92245E-2 0E0 0E0 0E0 7.19285E-2 0E0 0E0 8.21479E-2 8.01702E-2 5.31326E-2 5.18355E-2 5.35817E-2 5.80324E-2 8.37824E-2 3.0027E-1 3.73351E-1 4.34971E-1 5.0163E-1 5.24921E-1 2.83505E-1 3.42227E-1 3.13728E-1 9.65506E-2 0E0 0E0 4.52483E-2 7.42337E-2 5.67638E-2 7.87822E-2 6.44545E-2 5.52105E-2 7.03899E-2 1.76917E-2 1.23633E-2 1.78719E-2 1.37752E-1 2.3037E-1 2.53225E-1 2.47568E-1 1.96705E-1 2.13362E-1 2.50057E-1 2.35981E-1 2.22988E-1 2.21046E-1 2.06471E-1 2.01061E-1 2.13037E-1
-9999 -9999 -9999 -9999 -9999 -9999 -9999 -9999 -9999 -9999 -9999 -9999 -9999 -9999 2.22621E-1 -9999 -9999 -9999 -9999 -9999 -9999 -9999 -9999 4.86139E-1 5.43909E-2 0E0 1.88603E-2 1.03274E-1 0E0 2.30934E-2 6.58688E-2 7.97017E-2 7.61431E-2 6.83605E-2 6.28633E-2 5.77875E-2 2.01098E-1 2.26276E-1 2.70914E-1 3.07381E-1 3.32596E-1 3.68654E-1 3.89324E-1 3.99361E-1 3.42575E-1 1.73679E-1 9.88958E-2 4.42988E-2 0E0 3.42061E-2 7.23986E-2 6.90404E-2 5.29178E-2 1.08947E-1 3.96304E-2 4.68474E-2 4.74981E-2 5.07358E-2 6.49866E-2 2.30953E-1 2.57441E-1 2.43082E-1 2.0546E-1 1.76932E-1 1.93297E-1 2.22723E-1 2.43076E-1 2.24686E-1 2.17747E-1 1.85226E-1 1.62368E-1 1.45744E-1
-9999 -9999 -9999 -9999 -9999 -9999 -9999 -9999 -9999 -9999 -9999 -9999 -9999 -9999 -9999 -9999 -9999 -9999 -9999 -9999 -9999 1.10835E-1 7.53158E-2 4.36568E-2 0E0 0E0 0E0 7.72597E-2 2.67386E-2 7.42799E-2 1.72883E-1 7.72729E-2 1.05816E-1 1.01689E-1 2.55782E-1 1.95512E-1 1.95798E-1 2.12035E-1 2.16756E-1 2.24165E-1 2.21043E-1 2.52389E-1 2.74636E-1 2.48421E-1 2.45429E-1 1.66042E-1 1.16348E-1 1.69769E-1 6.79613E-2 3.22474E-2 6.76436E-2 8.60551E-2 1.08422E-1 1.20647E-1 1.45726E-1 5.57291E-2 7.05193E-2 9.99855E-2 1.66734E-1 1.19415E-1 1.92292E-1 1.72285E-1 1.58465E-1 1.60949E-1 1.69427E-1 1.8309E-1 2.05651E-1 2.02213E-1 1.91335E-1 1.82322E-1 1.5813E-1 1.29175E-1
-9999 -9999 -9999 -9999 -9999 -9999 -9999 -9999 -9999 -9999 -9999 -9999 -9999 -9999 -9999 -9999 -9999 -9999 -9999 -9999 1.31547E-1 1.23608E-1 1.85552E-2 8.80718E-3 0E0 0E0 0E0 0E0 0E0 1.40394E-1 1.54924E-1 2.46576E-1 1.45245E-1 3.99723E-1 3.02378E-1 2.55554E-1 2.03937E-1 2.02269E-1 2.00872E-1 1.93378E-1 1.82695E-1 1.65587E-1 1.44842E-1 1.46327E-1 1.47508E-1 1.51524E-1 1.56452E-1 1.87167E-1 1.37434E-1 1.10459E-2 3.13312E-2 9.38048E-2 1.2578E-1 1.37641E-1 4.99921E-2 7.67671E-2 7.52742E-2 2.72602E-1 9.02432E-2 5.9644E-2 1.61057E-1 1.39241E-1 1.42997E-1 1.48594E-1 1.45012E-1 1.4095E-1 1.5438E-1 1.51598E-1 1.6763E-1 1.67072E-1 1.4962E-1 1.35594E-1
-9999 -9999 -9999 -9999 -9999 -9999 -9999 -9999 -9999 -9999 -9999 -9999 -9999 -9999 -9999 -9999 -9999 -9999 -9999 -9999 2.05802E-1 9.39917E-2 7.07869E-2 0E0 0E0 0E0 0E0 0E0 7.47346E-2 1.35932E-1 1.44119E-1 2.06209E-1 3.21115E-1 3.64755E-1 3.11376E-1 2.14603E-1 1.95351E-1 2.01967E-1 1.91264E-1 1.69459E-1 1.53079E-1 1.20957E-1 9.44682E-2 7.42092E-2 8.12614E-2 1.28075E-1 1.43799E-1 1.4038E-1 1.32886E-1 1.16559E-1 7.61233E-2 9.04829E-2 1.43314E-1 1.5241E-1 1.80962E-1 6.00965E-2 2.36014E-1 1.69039E-1 2.29686E-1 1.38375E-1 1.42065E-1 1.45667E-1 1.4234E-1 1.31561E-1 1.20689E-1 9.77234E-2 9.67382E-2 1.21964E-1 1.30845E-1 1.50781E-1 1.40565E-1 1.39007E-1
-9999 -9999 -9999 -9999 -9999 -9999 -9999 -9999 -9999 -9999 -9999 -9999 -9999 -9999 -9999 -9999 -9999 -9999 -9999 2.6525E-1 1.70978E-1 7.14277E-2 1.03891E-1 0E0 0E0 0E0 0E0 1.23795E-1 1.49979E-1 1.38109E-1 1.4394E-1 1.51775E-1 2.23914E-1 2.51759E-1 2.26934E-1 1.89679E-1 1.97396E-1 1.92207E-1 1.68935E-1 1.48359E-1 1.25323E-1 9.96592E-2 7.95401E-2 5.84642E-2 7.93062E-2 1.16763E-1 1.13002E-1 1.15375E-1 1.0233E-1 1.06478E-1 1.80913E-1 1.91919E-1 1.74488E-1 1.63495E-1 1.54781E-1 3.17986E-1 2.98116E-1 2.40807E-1 1.76417E-1 1.53226E-1 1.50025E-1 1.41852E-1 1.37036E-1 1.21918E-1 1.09499E-1 8.42809E-2 2.96786E-2 1.13888E-1 1.28544E-1 1.45225E-1 1.51336E-1 1.53546E-1
-9999 -9999 -9999 -9999 -9999 -9999 -9999 -9999 -9999 -9999 -9999 -9999 -9999 -9999 -9999 -9999 -9999 -9999 7.74817E-2 2.36323E-1 2.3301E-1 4.1808E-2 0E0 0E0 0E0 3.37856E-2 1.84546E-1 2.1075E-1 1.91463E-1 1.80035E-1 1.73648E-1 1.70882E-1 1.76138E-1 2.09637E-1 1.9949E-1 1.90729E-1 1.83227E-1 1.79691E-1 1.44493E-1 1.25285E-1 1.07751E-1 8.89535E-2 7.91477E-2 8.89524E-2 1.38076E-1 1.39094E-1 8.48188E-2 9.82976E-2 1.27008E-1 1.73486E-1 1.73276E-1 1.78453E-1 2.27566E-1 1.87445E-1 3.19012E-1 3.84369E-1 4.10196E-1 2.9107E-1 2.32081E-1 1.58563E-1 1.53446E-1 1.36749E-1 1.30271E-1 1.31003E-1 1.17115E-1 9.93785E-2 3.19734E-2 1.13877E-1 1.28609E-1 1.53711E-1 1.60531E-1 1.71368E-1
-9999 -9999 -9999 -9999 -9999 -9999 -9999 -9999 -9999 -9999 -9999 -9999 -9999 -9999 -9999 -9999 -9999 1.85012E-1 1.23195E-1 2.22211E-1 1.14419E-1 0E0 0E0 0E0 5.55609E-2 1.16182E-1 1.76913E-1 1.92351E-1 2.07106E-1 2.04033E-1 2.02244E-1 1.96059E-1 2.0033E-1 2.0776E-1 1.9964E-1 1.82293E-1 1.64929E-1 1.44992E-1 1.23816E-1 1.06644E-1 9.8218E-2 9.85563E-2 1.07959E-1 1.53078E-1 1.70049E-1 9.83332E-2 8.47819E-2 1.18013E-1 2.01616E-1 2.54817E-1 2.68961E-1 1.73125E-1 2.88844E-1 3.25262E-1 3.81541E-1 4.11603E-1 3.80544E-1 3.29385E-1 2.45794E-1 2.38378E-1 1.7396E-1 1.63902E-1 1.40169E-1 1.4213E-1 1.30925E-1 1.16962E-1 3.69728E-2 3.9098E-2 1.37592E-1 1.54139E-1 1.75195E-1 1.90875E-1
-9999 -9999 -9999 -9999 -9999 -9999 -9999 -9999 -9999 -9999 -9999 -9999 -9999 -9999 -9999 -9999 -9999 1.0954E-1 2.10047E-1 2.64308E-1 0E0 0E0 0E0 4.73009E-2 8.55873E-2 1.15993E-1 1.60828E-1 1.85684E-1 2.25361E-1 2.28234E-1 2.2794E-1 2.17161E-1 2.15878E-1 2.23672E-1 1.96732E-1 1.8151E-1 1.51846E-1 1.23388E-1 1.21019E-1 1.13036E-1 1.07986E-1 1.10868E-1 1.3731E-1 1.79894E-1 2.16951E-1 1.74887E-1 1.38062E-1 1.37998E-1 1.88031E-1 2.45908E-1 2.88875E-1 2.8145E-1 3.03417E-1 3.44927E-1 3.48319E-1 3.82421E-1 3.62666E-1 2.63864E-1 2.64709E-1 2.5008E-1 2.02539E-1 2.33014E-1 1.96036E-1 1.64391E-1 1.54315E-1 1.41831E-1 1.27618E-1 1.24411E-1 1.27859E-1 1.60969E-1 1.85553E-1 2.30684E-1
-9999 -9999 -9999 -9999 -9999 -9999 -9999 -9999 -9999 -9999 -9999 -9999 -9999 -9999 -9999 -9999 -9999 2.48358E-2 1.43553E-1 1.27765E-1 0E0 0E0 0E0 4.43861E-2 6.90494E-2 1.04807E-1 1.49001E-1 1.6496E-1 1.9439E-1 2.28658E-1 2.2776E-1 2.24317E-1 2.15343E-1 2.05417E-1 1.8513E-1 1.59919E-1 1.36717E-1 1.17577E-1 1.19748E-1 1.15661E-1 1.13242E-1 1.2377E-1 1.52147E-1 1.77169E-1 1.9261E-1 1.96971E-1 1.84346E-1 1.91231E-1 1.86397E-1 2.20827E-1 2.40613E-1 2.63869E-1 2.72305E-1 2.94761E-1 3.38369E-1 3.64374E-1 3.62019E-1 3.00859E-1 2.90506E-1 3.31557E-1 2.09457E-1 2.27427E-1 1.82269E-1 2.41637E-1 2.31697E-1 1.52382E-1 1.37021E-1 1.3241E-1 1.33142E-1 1.71988E-1 2.2011E-1 2.40826E-1
-9999 -9999 -9999 -9999 -9999 -9999 -9999 -9999 -9999 -9999 -9999 -9999 -9999 -9999 -9999 -9999 7.58711E-3 9.55912E-3 1.52249E-1 6.60343E-2 0E0 0E0 0E0 6.33784E-2 6.74931E-2 1.00383E-1 1.34656E-1 1.43927E-1 1.69877E-1 1.91142E-1 2.0438E-1 2.0684E-1 1.89817E-1 1.78397E-1 1.67413E-1 1.47179E-1 1.18554E-1 1.38532E-1 1.45618E-1 1.27791E-1 1.23331E-1 1.28237E-1 1.43774E-1 1.69166E-1 1.77037E-1 1.83766E-1 1.73773E-1 1.76366E-1 1.77252E-1 1.82634E-1 2.35251E-1 2.54982E-1 3.22365E-1 2.92104E-1 2.84107E-1 3.22717E-1 3.52279E-1 3.13194E-1 2.86475E-1 3.25805E-1 3.19617E-1 3.32121E-1 3.14117E-1 3.37508E-1 3.2099E-1 2.20923E-1 1.51728E-1 1.44915E-1 1.41822E-1 1.58242E-1 1.97636E-1 2.05086E-1
-9999 -9999 -9999 -9999 -9999 -9999 -9999 -9999 -9999 -9999 -9999 -9999 -9999 -9999 -9999 7.42078E-3 7.72102E-3 1.80535E-2 6.54217E-2 0E0 0E0 0E0 2.998E-2 7.94533E-2 8.83226E-2 1.02818E-1 1.23842E-1 1.31917E-1 1.49463E-1 1.62304E-1 1.67765E-1 1.73502E-1 1.67162E-1 1.62264E-1 1.4411E-1 1.26542E-1 1.22146E-1 1.54175E-1 1.62788E-1 1.58378E-1 1.33434E-1 1.18842E-1 1.31679E-1 1.53125E-1 1.53682E-1 1.59906E-1 1.6743E-1 1.68562E-1 1.76602E-1 1.91164E-1 2.1216E-1 2.65289E-1 3.1297E-1 3.15588E-1 2.97358E-1 3.12374E-1 3.48288E-1 4.12042E-1 4.12133E-1 3.38731E-1 3.97012E-1 3.3006E-1 3.6456E-1 4.26313E-1 4.59722E-1 3.99175E-1 2.43914E-1 1.71105E-1 1.51398E-1 1.46309E-1 1.78408E-1 2.48264E-1
-9999 -9999 -9999 -9999 -9999 -9999 -9999 -9999 -9999 -9999 -9999 -9999 -9999 -9999 -9999 -9999 8.86959E-3 1.03113E-2 6.88213E-2 0E0 0E0 0E0 2.6114E-2 7.04254E-2 8.68888E-2 9.87074E-2 1.13935E-1 1.27238E-1 1.40979E-1 1.41586E-1 1.3027E-1 1.30663E-1 1.32978E-1 1.40117E-1 1.28814E-1 1.13128E-1 1.30628E-1 1.57688E-1 1.72504E-1 1.99312E-1 1.20846E-1 1.08584E-1 1.22779E-1 1.33427E-1 1.3933E-1 1.49187E-1 1.56984E-1 1.57963E-1 1.64947E-1 1.79028E-1 2.08339E-1 2.16702E-1 2.56943E-1 2.78271E-1 3.28154E-1 3.92687E-1 3.81252E-1 3.86122E-1 4.32067E-1 3.44784E-1 3.36413E-1 3.73343E-1 4.04313E-1 4.68885E-1 4.78551E-1 4.563E-1 3.00828E-1 2.43571E-1 1.98603E-1 2.42236E-1 3.31164E-1 3.47556E-1
-9999 -9999 -9999 -9999 -9999 -9999 -9999 -9999 -9999 -9999 -9999 -9999 -9999 -9999 -9999 5.35285E-3 5.12985E-3 7.60521E-3 8.86521E-3 2.6177E-2 0E0 0E0 2.58422E-2 7.04915E-2 8.18582E-2 9.17969E-2 9.80609E-2 1.07569E-1 1.14906E-1 1.11061E-1 8.70233E-2 9.6705E-2 1.00087E-1 1.11994E-1 1.12797E-1 1.20869E-1 1.39481E-1 1.60096E-1 1.74231E-1 1.58959E-1 1.10966E-1 1.02209E-1 1.17715E-1 1.22885E-1 1.33524E-1 1.4577E-1 1.50093E-1 1.42733E-1 1.611E-1 1.97069E-1 2.04513E-1 2.15432E-1 2.29969E-1 2.66803E-1 3.24689E-1 3.99044E-1 4.60982E-1 3.89889E-1 3.5007E-1 3.80485E-1 3.78551E-1 3.97892E-1 4.18672E-1 5.67618E-1 6.80652E-1 4.77293E-1 2.68528E-1 1.84036E-1 2.04107E-1 2.33778E-1 3.03149E-1 2.68888E-1
-9999 -9999 -9999 -9999 -9999 -9999 -9999 -9999 -9999 -9999 -9999 -9999 -9999 -9999 -9999 -9999 3.27281E-3 2.46381E-3 1.15366E-2 0E0 0E0 0E0 7.16698E-2 8.1286E-2 8.1544E-2 8.27347E-2 8.44268E-2 8.52992E-2 8.24376E-2 7.60747E-2 7.90677E-2 9.17054E-2 1.03262E-1 1.14218E-1 1.18382E-1 1.28751E-1 1.50161E-1 1.69338E-1 1.7772E-1 1.4852E-1 1.06537E-1 1.22162E-1 1.39296E-1 1.47263E-1 1.48087E-1 1.55487E-1 1.77238E-1 1.89296E-1 2.32057E-1 2.23447E-1 2.27271E-1 2.34844E-1 2.39213E-1 2.75251E-1 3.64605E-1 4.27238E-1 5.50506E-1 4.94693E-1 4.24235E-1 3.88622E-1 3.08426E-1 3.64038E-1 4.93839E-1 6.19443E-1 6.27615E-1 3.0593E-1 1.85527E-1 1.53014E-1 1.48595E-1 1.75798E-1 2.04345E-1 2.00222E-1
-9999 -9999 -9999 -9999 -9999 -9999 -9999 -9999 -9999 -9999 -9999 -9999 -9999 -9999 -9999 -9999 -9999 4.74573E-3 1.15448E-2 0E0 0E0 0E0 8.53727E-2 1.00477E-1 1.0046E-1 1.00479E-1 8.83787E-2 8.17568E-2 7.42775E-2 7.40469E-2 9.14196E-2 1.06386E-1 1.24702E-1 1.34129E-1 1.39332E-1 1.38185E-1 1.52755E-1 1.63988E-1 1.70791E-1 1.74696E-1 1.62839E-1 1.66959E-1 1.63368E-1 1.67289E-1 1.69673E-1 1.79627E-1 2.09427E-1 2.44938E-1 3.23922E-1 2.93257E-1 2.64249E-1 2.54288E-1 2.62071E-1 3.12976E-1 3.44499E-1 4.5747E-1 5.27909E-1 5.95057E-1 5.63665E-1 4.28859E-1 3.37695E-1 3.54855E-1 4.1099E-1 4.43438E-1 4.40791E-1 3.30176E-1 1.83286E-1 1.37645E-1 1.30175E-1 1.32471E-1 1.37507E-1 1.1325E-1
-9999 -9999 -9999 -9999 -9999 -9999 -9999 -9999 -9999 -9999 -9999 -9999 -9999 -9999 -9999 -9999 9.63138E-4 4.05529E-3 0E0 0E0 0E0 4.43862E-3 7.64921E-2 1.1524E-1 1.17493E-1 1.15895E-1 1.11956E-1 9.94183E-2 9.14491E-2 9.17321E-2 1.12E-1 1.2187E-1 1.3307E-1 1.43183E-1 1.47579E-1 1.47208E-1 1.49145E-1 1.47073E-1 1.61841E-1 1.76461E-1 1.79026E-1 1.68654E-1 1.72681E-1 1.83012E-1 1.94585E-1 2.14598E-1 2.26939E-1 2.77862E-1 3.1587E-1 2.81872E-1 2.53656E-1 2.55994E-1 2.76813E-1 3.15561E-1 3.61155E-1 3.91043E-1 4.49061E-1 4.67415E-1 4.45174E-1 3.89699E-1 3.07756E-1 2.90883E-1 3.08733E-1 3.61881E-1 2.99478E-1 2.75675E-1 1.74055E-1 1.36209E-1 1.20456E-1 1.1712E-1 1.03949E-1 8.40971E-2
-9999 -9999 -9999 -9999 -9999 -9999 -9999 -9999 -9999 -9999 -9999 -9999 -9999 -9999 -9999 0E0 0E0 3.49545E-4 0E0 0E0 0E0 1.75365E-2 8.49566E-2 1.35216E-1 1.37415E-1 1.38486E-1 1.28425E-1 1.23199E-1 1.25138E-1 1.2011E-1 1.30864E-1 1.52463E-1 1.44092E-1 1.44693E-1 1.41602E-1 1.25173E-1 1.24015E-1 1.44176E-1 1.61747E-1 1.68848E-1 1.63582E-1 1.66864E-1 1.75117E-1 1.93439E-1 2.08502E-1 2.32247E-1 2.41727E-1 2.62105E-1 2.6636E-1 2.6909E-1 2.48425E-1 2.57603E-1 2.65987E-1 2.94245E-1 3.08921E-1 3.22082E-1 3.4799E-1 3.58175E-1 3.05037E-1 2.96685E-1 2.76518E-1 2.71184E-1 2.5936E-1 2.55828E-1 2.33042E-1 2.70157E-1 2.1777E-1 1.29272E-1 1.04401E-1 8.99445E-2 8.32353E-2 7.42677E-2
-9999 -9999 -9999 -9999 -9999 -9999 -9999 -9999 -9999 -9999 -9999 -9999 -9999 -9999 -9999 0E0 0E0 0E0 0E0 0E0 0E0 4.7605E-2 8.36652E-2 1.44109E-1 1.54764E-1 1.53608E-1 1.46175E-1 1.45474E-1 1.58011E-1 1.71865E-1 1.5123E-1 1.3851E-1 1.40323E-1 1.42504E-1 1.36073E-1 1.24596E-1 1.21622E-1 1.39427E-1 1.49696E-1 1.63694E-1 1.67802E-1 1.77982E-1 1.83758E-1 2.03577E-1 2.30754E-1 2.39293E-1 2.48763E-1 2.5834E-1 2.64266E-1 2.66239E-1 2.66146E-1 2.53516E-1 2.55188E-1 2.63575E-1 2.7348E-1 3.19426E-1 3.12273E-1 3.04224E-1 2.52828E-1 2.35124E-1 2.11301E-1 2.12213E-1 2.02756E-1 1.66015E-1 1.8471E-1 1.81403E-1 1.30442E-1 1.12615E-1 9.44088E-2 8.91679E-2 7.62006E-2 6.18758E-2
-9999 -9999 -9999 -9999 -9999 -9999 -9999 -9999 -9999 -9999 -9999 -9999 -9999 -9999 -9999 0E0 0E0 0E0 0E0 0E0 0E0 2.41572E-2 5.31117E-3 7.34669E-2 1.30754E-1 1.59842E-1 1.60091E-1 1.46106E-1 1.64837E-1 1.8823E-1 1.575E-1 1.23749E-1 1.37222E-1 1.31009E-1 1.30478E-1 1.2746E-1 1.28838E-1 1.40764E-1 1.49136E-1 1.72846E-1 1.7447E-1 1.73078E-1 1.84689E-1 2.0399E-1 2.22494E-1 2.35069E-1 2.47572E-1 2.51369E-1 2.47979E-1 2.4721E-1 2.40419E-1 2.4245E-1 2.481E-1 2.51582E-1 2.63297E-1 2.78056E-1 2.68654E-1 2.60448E-1 2.13001E-1 1.85772E-1 1.60753E-1 1.3323E-1 1.1675E-1 1.14006E-1 1.31395E-1 1.4107E-1 1.16803E-1 9.57541E-2 7.89123E-2 6.88014E-2 6.28667E-2 5.93591E-2
-9999 -9999 -9999 -9999 -9999 -9999 -9999 -9999 -9999 -9999 -9999 -9999 -9999 -9999 -9999 0E0 0E0 0E0 0E0 0E0 0E0 0E0 0E0 0E0 2.9668E-2 1.42372E-1 1.26191E-1 1.48715E-1 1.8896E-1 1.71082E-1 1.39387E-1 1.19025E-1 1.21605E-1 1.30241E-1 1.29029E-1 1.29619E-1 1.28206E-1 1.32536E-1 1.42469E-1 1.54438E-1 1.57982E-1 1.59823E-1 1.7339E-1 1.86187E-1 2.04475E-1 2.22007E-1 2.31773E-1 2.36083E-1 2.33687E-1 2.12103E-1 1.984E-1 2.13295E-1 2.22548E-1 2.40858E-1 2.54545E-1 2.59188E-1 2.22925E-1 2.11238E-1 1.67957E-1 1.3071E-1 1.11883E-1 9.26955E-2 8.284E-2 8.55036E-2 8.11803E-2 8.2767E-2 8.67913E-2 6.57924E-2 5.69168E-2 5.16212E-2 4.35856E-2 4.38838E-2
-9999 -9999 -9999 -9999 -9999 -9999 -9999 -9999 -9999 -9999 -9999 -9999 -9999 -9999 -9999 0E0 0E0 0E0 0E0 0E0 0E0 0E0 0E0 0E0 0E0 5.41445E-2 7.98598E-2 1.14975E-1 1.42684E-1 1.25995E-1 1.04233E-1 1.11443E-1 1.11845E-1 1.24827E-1 1.22804E-1 1.21339E-1 1.26417E-1 1.21907E-1 1.24857E-1 1.24959E-1 1.33534E-1 1.45833E-1 1.50683E-1 1.67071E-1 1.81408E-1 1.89415E-1 2.05698E-1 2.08236E-1 2.20977E-1 1.8321E-1 1.69743E-1 1.7655E-1 1.84423E-1 1.97247E-1 2.06245E-1 2.02191E-1 1.73582E-1 1.53962E-1 1.15289E-1 9.9051E-2 7.88854E-2 6.66269E-2 5.97367E-2 4.58689E-2 4.45854E-2 4.50405E-2 3.95799E-2 3.43279E-2 3.64037E-2 3.24566E-2 2.99192E-2 2.99826E-2
-9999 -9999 -9999 -9999 -9999 -9999 -9999 -9999 -9999 -9999 -9999 -9999 -9999 -9999 -9999 -9999 0E0 0E0 0E0 0E0 0E0 0E0 0E0 0E0 9.23421E-3 1.37905E-2 2.9905E-2 7.7498E-2 8.68242E-2 8.38541E-2 8.61976E-2 9.99153E-2 1.00674E-1 1.09733E-1 1.10678E-1 1.20168E-1 1.18178E-1 1.25024E-1 1.17014E-1 1.06276E-1 1.12789E-1 1.23662E-1 1.25941E-1 1.41898E-1 1.55132E-1 1.64201E-1 1.65409E-1 1.69661E-1 1.74915E-1 1.59714E-1 1.47215E-1 1.41041E-1 1.41895E-1 1.49581E-1 1.61675E-1 1.54341E-1 1.33245E-1 1.04284E-1 7.58047E-2 6.49559E-2 5.21955E-2 3.68281E-2 3.0318E-2 2.74294E-2 2.07519E-2 1.93232E-2 2.07542E-2 2.02927E-2 2.0485E-2 1.92087E-2 1.66728E-2 1.4804E-2
-9999 -9999 -9999 -9999 -9999 -9999 -9999 -9999 -9999 -9999 -9999 -9999 -9999 -9999 -9999 -9999 -9999 -9999 0E0 0E0 0E0 0E0 0E0 0E0 2.98081E-2 1.77067E-2 3.41348E-2 6.19336E-2 5.36545E-2 6.7262E-2 7.26668E-2 8.71842E-2 9.20326E-2 9.72222E-2 1.00604E-1 1.05083E-1 1.15627E-1 1.18436E-1 1.06197E-1 9.14474E-2 8.93126E-2 9.42004E-2 1.04497E-1 1.19994E-1 1.37152E-1 1.39386E-1 1.29208E-1 1.27008E-1 1.3792E-1 1.33822E-1 1.20685E-1 1.08375E-1 1.02167E-1 1.05026E-1 1.09223E-1 1.0687E-1 9.47587E-2 6.69172E-2 4.79712E-2 3.70918E-2 3.20078E-2 2.23717E-2 1.47476E-2 1.29856E-2 1.05915E-2 9.7935E-3 9.52171E-3 1.02702E-2 9.63927E-3 8.96379E-3 9.21815E-3 6.08655E-3
-9999 -9999 -9999 -9999 -9999 -9999 -9999 -9999 -9999 -9999 -9999 -9999 -9999 -9999 -9999 -9999 -9999 -9999 0E0 0E0 0E0 0E0 0E0 0E0 0E0 0E0 3.06905E-2 6.11835E-2 6.05448E-2 6.52648E-2 6.55007E-2 7.44354E-2 7.72366E-2 8.09508E-2 8.5179E-2 9.16062E-2 1.07953E-1 1.09603E-1 8.54871E-2 6.97399E-2 6.13079E-2 6.43374E-2 8.27736E-2 9.9776E-2 1.16954E-1 1.27165E-1 1.17661E-1 1.08526E-1 1.22395E-1 1.13805E-1 1.05599E-1 8.53096E-2 7.62029E-2 7.23258E-2 7.37271E-2 7.14734E-2 6.47072E-2 5.00288E-2 3.19575E-2 2.0034E-2 1.75452E-2 1.41192E-2 1.19768E-2 5.46215E-3 2.61429E-3 3.89464E-3 3.79202E-3 4.5175E-3 4.7256E-3 2.43123E-3 2.46144E-3 2.54369E-3
