final project/Practice/maxentOut/species_0_maxentOut_novel.asc
ncols         186
nrows         192
xllcorner     -125.0
yllcorner     -56.0
cellsize      0.5
NODATA_value  -9999
[rows 58 to 86 of 192, columns 66 to 131 of 186]
-9999 -9999 -9999 -9999 -9999 -9999 -9999 -9999 -9999 -9999 -9999 -9999 -6.63717E0 -4.20354E0 -7.9646E0 -9.29204E0 -1.08407E1 -1.17257E1 -9999 -9999 -9999 -9999 -9999 -9999 -9999 -9999 -9999 -9999 -9999 -9999 -9999 -9999 -1.41593E1 -1.39381E1 -1.32743E1 -9.51327E0 5.33498E-1 1.04648E0 -2.65487E0 -1.0177E1 -1.41593E1 -1.43805E1 -8.84956E0 -3.53982E0 -2.87611E0 -3.31858E0 -7.9646E0 -1.23894E1 -1.08407E1 -2.65487E0 5.33498E-1 -7.07965E0 -9999 -1.41593E1 -9999 -1.37168E1 -1.23894E1 -9.95575E0 -8.84956E0 -8.84956E0 -9.73451E0 -8.62832E0 -1.06195E1 -9999 -9999 -9999
-9999 -9999 -9999 -9999 -9999 -9999 -9999 -9999 -9999 -9999 -9999 -9999 -7.07965E0 -8.40708E0 -3.31858E0 2.05191E-2 -6.41593E0 -1.10619E1 -9999 -9999 -9999 -9999 -9999 -9999 -9999 -9999 -9999 -9999 -9999 -9999 -9999 -9999 -1.30531E1 -1.15044E1 -1.10619E1 -1.0177E1 -3.09735E0 -5.53097E0 8.61804E-1 -1.15044E1 -1.41593E1 -1.39381E1 -4.20354E0 -4.20354E0 -3.09735E0 -1.10619E0 -1.54867E0 -1.32743E0 -4.42478E-1 5.62224E0 2.05191E-2 -7.9646E0 -1.03982E1 -9.29204E0 -9.95575E0 -2.87611E0 2.05191E-2 -5.97345E0 -1.12832E1 -1.23894E1 -1.08407E1 -9.51327E0 -1.0177E1 -9999 -9999 -9999
-9999 -9999 -9999 -9999 -9999 -9999 -9999 -9999 -9999 -9999 -9999 -9999 -7.30088E0 -6.63717E0 -8.84956E0 -8.84956E-1 1.23115E-1 2.05191E-2 -1.0177E1 -1.21681E1 -9999 -9999 -9999 -9999 -1.30531E1 -1.30531E1 -1.41593E1 -9999 -9999 -9999 -9999 -9999 -1.23894E1 -8.62832E0 -9.73451E0 -1.0177E1 -1.17257E1 -4.20354E0 -5.53097E0 -1.19469E1 -1.32743E1 -1.41593E1 -9.51327E0 4.51421E-1 6.36093E-1 -3.09735E0 -4.42478E0 -4.42478E0 -2.43363E0 -3.53982E0 -3.9823E0 -7.07965E0 -6.85841E0 -8.62832E0 -8.18584E0 -5.0885E0 -6.19469E0 -9.29204E0 -9.95575E0 -1.12832E1 -1.08407E1 -1.08407E1 -1.10619E1 -9999 -9999 -9999
-9999 -9999 -9999 -9999 -9999 -9999 -9999 -9999 -9999 -9999 -9999 -9999 -9999 -9999 -9999 -8.40708E0 -2.21239E-1 7.79727E-1 1.23115E-1 -9.73451E0 -1.03982E1 -9999 -1.37168E1 -1.43805E1 -1.28319E1 -1.03982E1 -1.12832E1 -1.17257E1 -1.41593E1 -9999 -9999 -1.50442E1 -1.30531E1 -1.03982E1 -1.17257E1 -1.21681E1 -1.23894E1 -1.10619E0 -1.08407E1 -1.30531E1 -1.34956E1 -1.15044E1 7.59208E-1 2.2571E0 -5.97345E0 -1.03982E1 -9.95575E0 -9.0708E0 -9.0708E0 -9.0708E0 -8.18584E0 -8.62832E0 -8.18584E0 -8.62832E0 -8.84956E0 -7.52212E0 -8.40708E0 -9.73451E0 -1.0177E1 -9.95575E0 -1.03982E1 -1.10619E1 -1.15044E1 -9999 -9999 -9999
-9999 -9999 -9999 -9999 -9999 -9999 -9999 -9999 -9999 -9999 -9999 -9999 -9999 -9999 -9999 -9999 -7.30088E0 -5.97345E0 2.87268E-1 -1.99115E0 -3.31858E0 -5.75221E0 -8.84956E0 -1.19469E1 -1.39381E1 -1.30531E1 -1.17257E1 -1.19469E1 -1.23894E1 -1.26106E1 -1.41593E1 -1.39381E1 -1.30531E1 -1.32743E1 -1.37168E1 -1.39381E1 -1.28319E1 2.05191E-2 -1.12832E1 -1.28319E1 -1.15044E1 1.9288E0 3.4267E0 -7.74336E0 -1.12832E1 -1.15044E1 -1.10619E1 -1.08407E1 -1.08407E1 -1.12832E1 -9.51327E0 -9.0708E0 -8.40708E0 -9.51327E0 -9.73451E0 -8.84956E0 -9.29204E0 -9.73451E0 -9.73451E0 -1.0177E1 -1.08407E1 -1.19469E1 -1.23894E1 -1.23894E1 -1.23894E1 -9999
-9999 -9999 -9999 -9999 -9999 -9999 -9999 -9999 -9999 -9999 -9999 -9999 -9999 -9999 -9999 -9999 -5.97345E0 -6.63717E0 -9.0708E0 -1.0177E1 -7.52212E0 -6.85841E0 -9.0708E0 -1.34956E1 -1.43805E1 -1.30531E1 -1.30531E1 -1.26106E1 -1.30531E1 -8.40708E0 -1.32743E1 -1.19469E1 -1.23894E1 -1.37168E1 -1.41593E1 -7.07965E0 -1.30531E1 1.25167E0 -4.86726E0 -6.41593E0 6.36093E-1 8.61804E-1 -6.85841E0 -1.17257E1 -1.19469E1 -1.21681E1 -1.17257E1 -1.17257E1 -1.19469E1 -1.17257E1 -1.17257E1 -1.17257E1 -1.12832E1 -1.17257E1 -1.19469E1 -1.23894E1 -1.23894E1 -1.15044E1 -9.73451E0 -6.63717E0 -8.40708E0 -1.19469E1 -1.23894E1 -1.23894E1 -1.26106E1 -1.37168E1
-9999 -9999 -9999 -9999 -9999 -9999 -9999 -9999 -9999 -9999 -9999 -9999 -9999 -9999 -9999 -9999 -9999 -9999 -9999 -9.95575E0 -8.40708E0 -8.18584E0 -7.74336E0 -1.19469E1 -1.30531E1 -9999 -9999 -9.0708E0 -7.9646E0 -1.17257E1 -1.28319E1 -8.18584E0 -9.73451E0 -1.37168E1 -1.39381E1 -5.97345E0 -1.43805E1 3.48825E-1 5.12978E-1 3.69344E-1 -2.21239E-1 -7.52212E0 -1.10619E1 -1.19469E1 -1.21681E1 -1.19469E1 -1.19469E1 -1.21681E1 -1.23894E1 -1.21681E1 -1.28319E1 -1.37168E1 -1.32743E1 -1.30531E1 -1.41593E1 -1.30531E1 -1.23894E1 -1.06195E1 -8.84956E0 -8.84956E0 -8.84956E0 -9.73451E0 -1.08407E1 -1.17257E1 -1.28319E1 -1.41593E1
-9999 -9999 -9999 -9999 -9999 -9999 -9999 -9999 -9999 -9999 -9999 -9999 -9999 -9999 -9999 -9999 -9999 -9999 -9999 -8.84956E0 -7.9646E0 -8.40708E0 -7.07965E0 -1.17257E1 -9999 -9999 -9999 -1.0177E1 -9.73451E0 -1.21681E1 -1.30531E1 2.05191E-2 4.51421E-1 -2.43363E0 -1.0177E1 -1.03982E1 -1.4823E1 -5.53097E0 2.87268E-1 3.48825E-1 -6.85841E0 -8.62832E0 -1.12832E1 -1.19469E1 -1.17257E1 -1.17257E1 -1.21681E1 -1.28319E1 -1.32743E1 -1.32743E1 -1.26106E1 -1.15044E1 -1.15044E1 -1.19469E1 -1.26106E1 -1.15044E1 -1.06195E1 -9.29204E0 -9.29204E0 -9.51327E0 -9.73451E0 -9.95575E0 -1.0177E1 -1.12832E1 -1.23894E1 -1.34956E1
-9999 -9999 -9999 -9999 -9999 -9999 -9999 -9999 -9999 -9999 -9999 -9999 -9999 -9999 -9999 -9999 -9999 -9999 -9999 -9999 -9999 -9999 -9999 -9999 -9999 -9999 -9999 -9999 -1.12832E1 -1.10619E1 -1.15044E1 3.69344E-1 4.51421E-1 1.84672E-1 -4.86726E0 -1.43805E1 -1.34956E1 8.20765E-2 5.12978E-1 5.12978E-1 -5.53097E0 -9.51327E0 -1.17257E1 -1.21681E1 -1.19469E1 -1.19469E1 -1.26106E1 -1.34956E1 -1.41593E1 -1.34956E1 -9.95575E0 -5.0885E0 -9.0708E0 -8.84956E0 -1.19469E1 -9.29204E0 -9.29204E0 -9.29204E0 -9.0708E0 -9.95575E0 -1.03982E1 -9.73451E0 -9.0708E0 -1.10619E1 -1.21681E1 -1.30531E1
-9999 -9999 -9999 -9999 -9999 -9999 -9999 -9999 -9999 -9999 -9999 -9999 -9999 -9999 -9999 -9999 -9999 -9999 -9999 -9999 -9999 -9999 -9999 -9999 -9999 -9999 -9999 -9999 -9999 -9.29204E0 -1.15044E1 1.23115E-1 3.48825E-1 4.10383E-2 -8.40708E0 -1.32743E1 -2.43363E0 1.66205E0 7.59208E-1 6.36093E-1 -8.18584E0 -1.10619E1 -1.19469E1 -1.21681E1 -1.21681E1 -1.21681E1 -1.30531E1 -1.41593E1 -1.4823E1 -1.34956E1 -6.63717E0 -6.19469E0 -6.41593E0 -2.21239E0 -9.95575E0 -8.84956E0 -8.40708E0 -8.62832E0 -7.30088E0 -6.63717E0 -8.84956E0 -7.52212E0 -3.76106E0 -1.0177E1 -1.17257E1 -1.19469E1
-9999 -9999 -9999 -9999 -9999 -9999 -9999 -9999 -9999 -9999 -9999 -9999 -9999 -9999 -9999 -9999 -9999 -9999 -9999 -9999 -9999 -9999 -9999 -9999 -9999 -9999 -9999 -9999 -1.23894E1 -1.0177E1 -1.17257E1 -6.63717E-1 1.02596E-1 -1.25313E0 -1.12832E1 -7.74336E0 2.87268E-1 5.33498E-1 4.51421E-1 -8.84956E-1 -1.10619E1 -1.17257E1 -1.23894E1 -1.26106E1 -1.26106E1 -1.30531E1 -1.39381E1 -1.4823E1 -1.46018E1 -1.10619E1 -3.9823E0 -1.54867E0 -3.09735E0 7.59208E-1 -7.07965E0 -7.74336E0 -4.86726E0 -6.85841E0 -3.31858E0 -1.54867E0 3.48825E-1 3.69344E-1 -3.53982E0 -3.9823E0 -9.95575E0 -1.17257E1
-9999 -9999 -9999 -9999 -9999 -9999 -9999 -9999 -9999 -9999 -9999 -9999 -9999 -9999 -9999 -9999 -9999 -9999 -9999 -9999 -9999 -9999 -9999 -9999 -9999 -9999 -9999 -9999 -1.15044E1 -1.17257E1 -1.28319E1 -1.76991E0 1.02596E-1 -1.75439E0 -9.0708E0 4.10383E-2 5.33498E-1 4.51421E-1 6.36093E-1 -1.08407E1 -1.19469E1 -1.19469E1 -1.23894E1 -1.26106E1 -1.30531E1 -1.37168E1 -1.43805E1 -1.4823E1 -1.39381E1 -8.62832E0 -5.30973E0 -8.40708E0 -7.74336E0 4.10383E-2 -6.41593E0 -7.07965E0 -7.30088E0 -7.9646E0 -7.07965E0 5.33498E-1 4.51421E-1 6.36093E-1 2.05191E-1 -4.42478E-1 -4.42478E0 -9.29204E0
-9999 -9999 -9999 -9999 -9999 -9999 -9999 -9999 -9999 -9999 -9999 -9999 -9999 -9999 -9999 -9999 -9999 -9999 -9999 -9999 -9999 -9999 -9999 -9999 -9999 -9999 -9999 -9999 -9999 -1.32743E1 -1.23894E1 1.23115E-1 1.84672E-1 -1.25313E0 -7.52212E0 1.23115E-1 5.33498E-1 -1.10619E0 -1.03982E1 -1.19469E1 -1.21681E1 -1.19469E1 -1.17257E1 -1.26106E1 -1.30531E1 -1.34956E1 -1.41593E1 -1.43805E1 -1.39381E1 -8.40708E0 -8.84956E-1 -9.95575E0 -7.74336E0 -4.86726E0 -1.54867E0 2.05191E-2 -4.42478E0 -6.41593E0 -5.97345E0 -3.09735E0 2.05191E-2 2.05191E-1 1.23115E-1 -2.21239E0 -3.9823E0 -9.0708E0
-9999 -9999 -9999 -9999 -9999 -9999 -9999 -9999 -9999 -9999 -9999 -9999 -9999 -9999 -9999 -9999 -9999 -9999 -9999 -9999 -9999 -9999 -9999 -9999 -9999 -9999 -9999 -9999 -1.37168E1 -1.34956E1 -9.29204E0 1.23115E-1 4.10383E-2 2.05191E-2 -9.29204E0 4.10383E-2 1.23115E-1 -1.0177E1 -1.21681E1 -1.19469E1 -1.19469E1 -1.19469E1 -1.17257E1 -1.23894E1 -1.26106E1 -1.30531E1 -1.32743E1 -1.37168E1 -1.34956E1 -1.12832E1 -1.15044E1 -1.10619E1 -4.86726E0 2.87268E-1 2.87268E-1 -1.76991E0 -3.76106E0 -3.31858E0 -5.53097E0 -4.64602E0 -4.20354E0 -6.41593E0 -8.84956E0 -8.62832E0 -8.40708E0 -9.95575E0
-9999 -9999 -9999 -9999 -9999 -9999 -9999 -9999 -9999 -9999 -9999 -9999 -9999 -9999 -9999 -9999 -9999 -9999 -9999 -9999 -1.21681E1 -9999 -9999 -9999 -9999 -9999 -9999 -9999 -9999 -1.34956E1 -2.43363E0 1.23115E-1 -5.01253E-1 -9.29204E0 2.05191E-2 -1.00251E0 -6.41593E0 -1.19469E1 -1.26106E1 -1.26106E1 -1.23894E1 -1.21681E1 -1.19469E1 -1.21681E1 -1.26106E1 -1.26106E1 -1.28319E1 -1.30531E1 -1.28319E1 -1.19469E1 -1.15044E1 -9.73451E0 -4.86726E0 -1.99115E0 4.10383E-2 -1.76991E0 -5.0885E0 -5.30973E0 -3.53982E0 -8.18584E0 -9.29204E0 -1.10619E1 -1.19469E1 -1.26106E1 -1.34956E1 -1.34956E1
-9999 -9999 -9999 -9999 -9999 -9999 -9999 -9999 -9999 -9999 -9999 -9999 -9999 -9999 -9999 -9999 -9999 -9999 -9999 -9999 -9999 -9999 -9999 -9999 -9999 -9999 -9999 -1.39381E1 -1.34956E1 -1.15044E1 4.51421E-1 1.43634E-1 4.10383E-2 -7.52212E0 -1.25313E0 -2.65487E0 -8.62832E0 -1.12832E1 -1.26106E1 -1.28319E1 -1.26106E1 -1.21681E1 -1.19469E1 -1.21681E1 -1.19469E1 -1.19469E1 -1.19469E1 -1.19469E1 -1.17257E1 -1.10619E1 -1.06195E1 -1.0177E1 -6.63717E0 -1.06195E1 -3.9823E0 -1.99115E0 -4.86726E0 -6.41593E0 -7.9646E0 -8.40708E0 -9.95575E0 -1.10619E1 -1.17257E1 -1.28319E1 -1.21681E1 -1.10619E1
-9999 -9999 -9999 -9999 -9999 -9999 -9999 -9999 -9999 -9999 -9999 -9999 -9999 -9999 -9999 -9999 -9999 -9999 -9999 -9999 -9999 -9999 -9999 -9999 -9999 -9999 -1.46018E1 -1.37168E1 -1.28319E1 -7.52212E0 1.25167E0 1.23115E-1 1.02596E-1 4.10383E-2 2.05191E-2 -7.9646E0 -8.18584E0 -1.10619E1 -1.26106E1 -1.30531E1 -1.26106E1 -1.23894E1 -1.19469E1 -1.15044E1 -1.15044E1 -1.12832E1 -1.12832E1 -1.08407E1 -1.0177E1 -9.73451E0 -9.73451E0 -1.0177E1 -1.06195E1 -1.10619E1 -9.73451E0 -6.63717E-1 -1.99115E0 -6.41593E0 -8.62832E0 -9.0708E0 -1.03982E1 -1.10619E1 -1.15044E1 -1.21681E1 -1.28319E1 -1.28319E1
-9999 -9999 -9999 -9999 -9999 -9999 -9999 -9999 -9999 -9999 -9999 -9999 -9999 -9999 -9999 -9999 -9999 -9999 -9999 -9999 -9999 -9999 -9999 -9999 -9999 -9999 -1.50442E1 -1.39381E1 -9.73451E0 3.48825E-1 6.36093E-1 1.02596E-1 1.02596E-1 2.05191E-2 -5.97345E0 -8.18584E0 -9.0708E0 -1.06195E1 -1.17257E1 -1.26106E1 -1.23894E1 -1.19469E1 -1.17257E1 -1.15044E1 -1.08407E1 -1.03982E1 -1.03982E1 -9.73451E0 -9.0708E0 -8.40708E0 -8.62832E0 -9.95575E0 -1.06195E1 -9.73451E0 -9.0708E0 -7.52212E0 -4.42478E0 -5.30973E0 -9.0708E0 -1.0177E1 -1.08407E1 -1.08407E1 -1.15044E1 -1.08407E1 -1.19469E1 -1.15044E1
-9.0708E0 -9999 -9999 -9999 -9999 -9999 -9999 -9999 -9999 -9999 -9999 -9999 -9999 -9999 -9999 -9999 -9999 -9999 -9999 -9999 -9999 -9999 -9999 -9999 -9999 -1.41593E1 -1.43805E1 -1.26106E1 -5.0885E0 4.10383E-2 4.10383E-2 1.02596E-1 2.05191E-2 -5.75221E0 -8.84956E0 -8.40708E0 -9.0708E0 -9.95575E0 -1.10619E1 -1.17257E1 -1.15044E1 -1.10619E1 -1.12832E1 -1.08407E1 -1.0177E1 -1.0177E1 -9.95575E0 -9.51327E0 -9.29204E0 -8.62832E0 -9.29204E0 -1.03982E1 -8.84956E0 -7.74336E0 -5.97345E0 -5.75221E0 -1.0177E1 -1.08407E1 -1.06195E1 -1.0177E1 -9.0708E0 -1.21681E1 -1.19469E1 -1.15044E1 -1.08407E1 -1.03982E1
-8.62832E0 -9999 -9999 -9999 -9999 -9999 -9999 -9999 -9999 -9999 -9999 -9999 -9999 -9999 -9999 -9999 -9999 -9999 -9999 -9999 -9999 -9999 -9999 -9999 -1.23894E1 -1.21681E1 -1.17257E1 -4.20354E0 4.10383E-2 4.10383E-2 6.15574E-2 -1.54867E0 -9.29204E0 -9.73451E0 -9.51327E0 -9.51327E0 -9.73451E0 -1.0177E1 -1.0177E1 -1.10619E1 -1.12832E1 -1.08407E1 -1.06195E1 -1.03982E1 -9.95575E0 -9.95575E0 -9.95575E0 -1.0177E1 -1.0177E1 -1.08407E1 -1.15044E1 -1.15044E1 -6.41593E0 -6.19469E0 -7.30088E0 -9.73451E0 -9.0708E0 -1.0177E1 -1.15044E1 -1.10619E1 -1.19469E1 -1.23894E1 -1.23894E1 -1.19469E1 -1.19469E1 -1.03982E1
-9999 -9999 -5.30973E0 -9999 -9999 -9999 -9999 -9999 -9999 -9999 -9999 -9999 -9999 -9999 -9999 -9999 -9999 -9999 -9999 -9999 -9999 -9999 -9999 -1.19469E1 -1.08407E1 -9.73451E0 -3.9823E0 1.23115E-1 4.10383E-2 8.20765E-2 -4.86726E0 -8.62832E0 -9.51327E0 -9.73451E0 -9.73451E0 -9.73451E0 -9.95575E0 -9.95575E0 -1.0177E1 -1.10619E1 -1.10619E1 -1.06195E1 -9.95575E0 -9.95575E0 -9.95575E0 -9.73451E0 -9.73451E0 -1.03982E1 -1.10619E1 -1.19469E1 -1.26106E1 -9.51327E0 -6.63717E0 -8.40708E0 -1.17257E1 -1.19469E1 -1.19469E1 -9.51327E0 -1.19469E1 -1.21681E1 -1.26106E1 -1.26106E1 -1.26106E1 -1.23894E1 -1.21681E1 -1.19469E1
-7.30088E0 -2.21239E0 -6.19469E0 -5.75221E0 -6.19469E0 -9999 -9999 -9999 -9999 -9999 -9999 -9999 -9999 -9999 -9999 -9999 -9999 -9999 -9999 -9999 -9999 -9999 -9999 -1.12832E1 -8.62832E0 -7.74336E0 3.69344E-1 7.59208E-1 1.84672E-1 -3.31858E0 -7.52212E0 -8.62832E0 -9.29204E0 -9.73451E0 -9.95575E0 -9.95575E0 -1.0177E1 -1.0177E1 -1.03982E1 -1.12832E1 -1.10619E1 -1.08407E1 -1.0177E1 -1.0177E1 -9.95575E0 -9.73451E0 -9.95575E0 -1.03982E1 -1.12832E1 -1.19469E1 -1.23894E1 -1.21681E1 -1.08407E1 -1.08407E1 -1.19469E1 -1.21681E1 -1.21681E1 -1.23894E1 -1.23894E1 -1.26106E1 -1.26106E1 -1.30531E1 -1.28319E1 -1.23894E1 -1.23894E1 -1.21681E1
-4.86726E0 -3.53982E0 -5.75221E0 -5.75221E0 -9999 -9999 -9999 -9999 -9999 -9999 -9999 -9999 -9999 -9999 -9999 -9999 -9999 -9999 -9999 -9999 -9999 -9999 -9999 -7.30088E0 -6.63717E0 -3.53982E0 5.33498E-1 3.48825E-1 7.1817E-1 -4.20354E0 -7.52212E0 -8.40708E0 -9.0708E0 -9.51327E0 -9.95575E0 -1.0177E1 -1.03982E1 -1.06195E1 -1.06195E1 -1.10619E1 -1.08407E1 -1.06195E1 -1.06195E1 -1.03982E1 -9.73451E0 -9.73451E0 -9.95575E0 -1.03982E1 -1.10619E1 -1.17257E1 -1.19469E1 -1.21681E1 -1.21681E1 -1.21681E1 -1.21681E1 -1.23894E1 -1.21681E1 -1.21681E1 -1.21681E1 -1.23894E1 -1.28319E1 -1.30531E1 -1.30531E1 -1.28319E1 -1.26106E1 -1.30531E1
-6.85841E0 -4.20354E0 -6.19469E0 -3.9823E0 -4.42478E0 -3.76106E0 -9999 -9999 -9999 -9999 -9999 -9999 -9999 -9999 -9999 -9999 -9999 -9999 -9999 -9999 -9999 -9999 -8.40708E0 -7.30088E0 -7.07965E0 -1.76991E0 3.48825E-1 8.20765E-2 5.12978E-1 -5.53097E0 -7.07965E0 -7.9646E0 -8.84956E0 -9.0708E0 -9.73451E0 -1.0177E1 -1.03982E1 -1.06195E1 -1.06195E1 -1.10619E1 -1.10619E1 -1.08407E1 -1.06195E1 -1.06195E1 -1.0177E1 -9.73451E0 -9.73451E0 -1.0177E1 -1.06195E1 -1.12832E1 -1.12832E1 -1.17257E1 -1.17257E1 -1.19469E1 -1.19469E1 -1.21681E1 -1.21681E1 -1.21681E1 -1.23894E1 -1.26106E1 -1.28319E1 -1.30531E1 -1.32743E1 -1.28319E1 -1.26106E1 -1.30531E1
-9999 -5.97345E0 -6.19469E0 -4.20354E0 -4.42478E0 -9999 -9999 -9999 -9999 -9999 -9999 -9999 -9999 -9999 -9999 -9999 -9999 -9999 -9999 -9999 -9999 -8.18584E0 -5.53097E0 -4.64602E0 -7.9646E0 8.20765E-2 3.48825E-1 5.12978E-1 -2.43363E0 -6.19469E0 -7.52212E0 -7.9646E0 -8.40708E0 -8.62832E0 -9.29204E0 -9.95575E0 -1.03982E1 -1.06195E1 -1.08407E1 -1.10619E1 -1.08407E1 -1.10619E1 -1.06195E1 -1.06195E1 -1.03982E1 -9.95575E0 -9.95575E0 -9.95575E0 -1.03982E1 -1.06195E1 -1.06195E1 -1.08407E1 -1.12832E1 -1.15044E1 -1.19469E1 -1.19469E1 -1.21681E1 -1.21681E1 -1.23894E1 -1.28319E1 -1.30531E1 -1.32743E1 -1.32743E1 -1.34956E1 -1.37168E1 -1.32743E1
-9999 -9999 -9999 -9999 -9999 -9999 -9999 -9999 -9999 -9999 -9999 -9999 -9999 -9999 -9999 -9999 -9999 -9999 -9999 -9999 -9999 -9999 -5.0885E0 -4.86726E0 -7.07965E0 1.43634E-1 4.51421E-1 3.48825E-1 -2.87611E0 -6.19469E0 -7.74336E0 -8.40708E0 -8.40708E0 -8.62832E0 -9.51327E0 -9.95575E0 -1.03982E1 -1.06195E1 -1.06195E1 -1.08407E1 -1.08407E1 -1.06195E1 -1.03982E1 -1.0177E1 -9.73451E0 -9.95575E0 -9.95575E0 -9.95575E0 -1.0177E1 -1.0177E1 -1.0177E1 -1.03982E1 -1.08407E1 -1.12832E1 -1.17257E1 -1.19469E1 -1.21681E1 -1.21681E1 -1.23894E1 -1.28319E1 -1.32743E1 -1.34956E1 -1.34956E1 -1.34956E1 -1.39381E1 -1.34956E1
-9999 -9999 -9999 -9999 -9999 -9999 -9999 -9999 -9999 -9999 -9999 -9999 -9999 -9999 -9999 -9999 -9999 -9999 -9999 -9999 -9999 -8.40708E0 -6.85841E0 -5.75221E0 -7.52212E0 -1.54867E0 1.23115E-1 6.36093E-1 -2.21239E0 -7.52212E0 -7.9646E0 -8.62832E0 -8.84956E0 -8.84956E0 -9.51327E0 -1.0177E1 -1.03982E1 -1.03982E1 -1.03982E1 -1.06195E1 -1.06195E1 -1.06195E1 -1.03982E1 -9.95575E0 -9.73451E0 -9.73451E0 -9.73451E0 -9.51327E0 -9.73451E0 -9.73451E0 -9.73451E0 -9.73451E0 -1.03982E1 -1.15044E1 -1.19469E1 -1.21681E1 -1.21681E1 -1.23894E1 -1.26106E1 -1.30531E1 -1.32743E1 -1.37168E1 -1.39381E1 -1.37168E1 -1.37168E1 -1.37168E1
-9999 -9999 -9999 -9999 -9999 -9999 -9999 -9999 -9999 -9999 -9999 -9999 -9999 -9999 -9999 -9999 -9999 -9999 -9999 -9999 -9999 -9999 -5.53097E0 -6.41593E0 -7.07965E0 1.02596E-1 5.12978E-1 7.79727E-1 -6.85841E0 -9.0708E0 -9.0708E0 -8.84956E0 -8.62832E0 -8.62832E0 -8.84956E0 -9.73451E0 -1.0177E1 -9.95575E0 -9.95575E0 -1.0177E1 -9.95575E0 -9.95575E0 -9.95575E0 -9.95575E0 -9.73451E0 -9.51327E0 -9.73451E0 -9.51327E0 -9.73451E0 -9.95575E0 -9.51327E0 -9.51327E0 -1.06195E1 -1.17257E1 -1.23894E1 -1.23894E1 -1.23894E1 -1.26106E1 -1.28319E1 -1.30531E1 -1.34956E1 -1.37168E1 -1.43805E1 -1.43805E1 -1.39381E1 -1.37168E1
-9999 -9999 -9999 -9999 -9999 -9999 -9999 -9999 -9999 -9999 -9999 -9999 -9999 -9999 -9999 -9999 -9999 -9999 -9999 -9999 -9999 -9999 -9999 -7.07965E0 -2.43363E0 1.02596E-1 3.69344E-1 2.05191E-1 -8.62832E0 -9.95575E0 -9.95575E0 -9.51327E0 -8.62832E0 -8.40708E0 -8.84956E0 -9.29204E0 -9.73451E0 -9.95575E0 -9.73451E0 -9.73451E0 -9.73451E0 -9.51327E0 -9.51327E0 -9.51327E0 -9.29204E0 -9.73451E0 -9.73451E0 -9.95575E0 -9.73451E0 -9.95575E0 -9.73451E0 -1.0177E1 -1.10619E1 -1.21681E1 -1.28319E1 -1.28319E1 -1.26106E1 -1.26106E1 -1.28319E1 -1.30531E1 -1.34956E1 -1.41593E1 -1.43805E1 -1.4823E1 -1.46018E1 -1.39381E1
