final project/Practice/maxentOut/species_2_maxentOut.asc
ncols         186
nrows         192
xllcorner     -125.0
yllcorner     -56.0
cellsize      0.5
NODATA_value  -9999
[rows 58 to 86 of 192, columns 66 to 131 of 186]
-9999 -9999 -9999 -9999 -9999 -9999 -9999 -9999 -9999 -9999 -9999 -9999 5.53999E-3 9.41931E-2 1.43437E-1 1.9186E-1 2.25786E-1 1.57323E-1 -9999 -9999 -9999 -9999 -9999 -9999 -9999 -9999 -9999 -9999 -9999 -9999 -9999 -9999 8.5605E-2 8.97729E-2 6.16433E-2 6.21732E-3 1.87552E-1 4.76163E-2 2.39583E-2 5.01526E-3 2.68362E-2 3.29394E-3 3.6008E-3 1.57453E-3 6.97212E-4 2.46526E-3 8.6389E-3 1.1702E-1 1.07558E-2 4.43074E-2 2.20101E-2 2.66611E-2 -9999 1.75408E-2 -9999 1.16908E-2 1.69819E-2 7.60687E-2 2.82594E-1 1.57058E-1 8.07291E-2 1.49633E-1 1.40497E-1 -9999 -9999 -9999
-9999 -9999 -9999 -9999 -9999 -9999 -9999 -9999 -9999 -9999 -9999 -9999 5.17526E-3 2.9466E-2 1.39801E-1 1.9198E-1 1.20322E-1 8.64658E-2 -9999 -9999 -9999 -9999 -9999 -9999 -9999 -9999 -9999 -9999 -9999 -9999 -9999 -9999 6.67515E-2 8.1715E-2 4.75046E-3 1.07637E-2 8.9757E-3 9.74511E-2 3.08166E-1 8.71824E-3 3.2736E-3 7.77698E-3 2.68392E-2 2.60859E-3 1.09092E-2 9.59937E-4 5.83951E-2 1.05975E-2 2.36355E-2 2.46669E-2 7.68978E-2 5.84057E-2 6.47407E-2 7.50172E-3 1.53838E-2 1.6367E-1 1.51378E-1 2.63525E-1 2.04809E-1 3.36087E-2 6.93445E-2 1.39043E-1 1.30674E-1 -9999 -9999 -9999
-9999 -9999 -9999 -9999 -9999 -9999 -9999 -9999 -9999 -9999 -9999 -9999 7.51593E-3 3.92666E-2 5.39414E-2 1.42615E-1 5.00523E-1 1.07696E-1 5.74602E-2 8.2951E-2 -9999 -9999 -9999 -9999 2.69323E-1 2.08323E-1 2.16631E-1 -9999 -9999 -9999 -9999 -9999 8.69467E-2 7.48469E-2 8.56356E-3 1.01688E-2 1.32518E-2 2.24764E-2 1.05572E-1 2.44734E-2 2.45628E-2 2.41087E-2 7.57311E-3 1.70404E-2 6.9458E-2 1.04634E-2 1.67826E-3 3.04406E-2 1.93749E-2 1.80606E-2 3.31306E-2 2.07972E-2 1.41744E-2 1.51069E-2 2.43577E-2 3.74926E-2 1.49946E-3 3.81544E-3 1.34673E-1 3.12655E-2 3.31548E-2 1.36448E-1 1.4516E-1 -9999 -9999 -9999
-9999 -9999 -9999 -9999 -9999 -9999 -9999 -9999 -9999 -9999 -9999 -9999 -9999 -9999 -9999 1.86734E-1 1.62404E-1 4.28342E-1 2.66978E-1 1.62159E-1 1.59926E-1 -9999 1.76467E-1 2.92762E-1 2.40255E-1 2.20057E-1 2.3259E-1 2.08059E-1 1.42491E-1 -9999 -9999 4.85E-2 3.20813E-2 1.39489E-2 4.71062E-2 4.49788E-2 1.53986E-1 1.24543E-1 2.73853E-1 1.44126E-1 2.74762E-2 4.44282E-3 1.54237E-2 6.49577E-2 6.36538E-2 4.17032E-3 2.45295E-3 1.21407E-3 9.97497E-4 1.93024E-2 1.60769E-2 1.26921E-2 9.69764E-3 2.30038E-2 2.10832E-2 8.55854E-4 1.21544E-3 2.00336E-3 3.25146E-3 3.03739E-2 7.91058E-2 1.40785E-1 1.51204E-1 -9999 -9999 -9999
-9999 -9999 -9999 -9999 -9999 -9999 -9999 -9999 -9999 -9999 -9999 -9999 -9999 -9999 -9999 -9999 2.20732E-1 1.55369E-1 2.68772E-1 1.84214E-1 1.59397E-1 1.81086E-1 1.8576E-1 2.09565E-1 1.11992E-1 1.03029E-1 1.5129E-1 1.33759E-1 1.51241E-1 2.3347E-1 1.87659E-1 5.18718E-2 4.29369E-2 8.20328E-2 2.22068E-1 3.02039E-1 1.44319E-1 1.07009E-1 2.28774E-1 6.09214E-2 1.59189E-2 1.35054E-2 1.68707E-2 7.32217E-2 7.76205E-3 7.53223E-3 5.54589E-3 1.98395E-3 1.64337E-3 1.81372E-3 1.67487E-3 1.25606E-3 1.0028E-3 3.68889E-2 1.19703E-3 9.97188E-4 1.10414E-3 1.68094E-3 2.0602E-3 3.68468E-3 5.48147E-2 1.22901E-1 6.2252E-2 1.54103E-1 1.53479E-1 -9999
-9999 -9999 -9999 -9999 -9999 -9999 -9999 -9999 -9999 -9999 -9999 -9999 -9999 -9999 -9999 -9999 1.85835E-1 1.37505E-1 1.13295E-1 1.41176E-1 1.8712E-1 1.30351E-1 5.17239E-2 2.41744E-2 1.01412E-2 9.98832E-2 1.12394E-1 3.7125E-2 1.64734E-1 1.89614E-1 1.58978E-1 9.95588E-2 8.45415E-2 2.13293E-1 5.09924E-1 1.78173E-1 1.25808E-1 7.42787E-2 7.79269E-2 5.35834E-2 4.74953E-2 5.29939E-2 1.65295E-2 1.27958E-2 9.87413E-3 7.37434E-3 3.1722E-3 2.93391E-3 3.20182E-3 2.34233E-3 3.17011E-3 3.85058E-3 2.74112E-3 2.73649E-3 2.25961E-3 2.07702E-3 1.96829E-3 1.44684E-3 1.33628E-3 1.91015E-2 3.67855E-2 8.02869E-2 1.16065E-1 1.41948E-1 1.5142E-1 1.44581E-1
-9999 -9999 -9999 -9999 -9999 -9999 -9999 -9999 -9999 -9999 -9999 -9999 -9999 -9999 -9999 -9999 -9999 -9999 -9999 1.60746E-1 1.58527E-1 1.07116E-1 5.17681E-2 4.42042E-3 6.79873E-3 -9999 -9999 2.73746E-1 2.66994E-1 1.83812E-1 1.92409E-1 1.44031E-1 1.3219E-1 2.71398E-1 3.88644E-1 1.63405E-1 2.77977E-1 1.31528E-1 9.61346E-2 7.07781E-2 1.22573E-1 2.28682E-2 2.15969E-2 2.75524E-2 1.57436E-2 4.6442E-3 3.73351E-3 3.93412E-3 7.19523E-3 5.46676E-3 5.54779E-3 7.00105E-3 9.85633E-3 9.01112E-3 7.59403E-3 5.17043E-3 3.298E-3 2.54975E-3 3.12925E-3 2.78676E-3 1.89197E-2 4.25849E-2 9.07724E-2 1.12864E-1 1.26143E-1 1.29644E-1
-9999 -9999 -9999 -9999 -9999 -9999 -9999 -9999 -9999 -9999 -9999 -9999 -9999 -9999 -9999 -9999 -9999 -9999 -9999 1.26109E-1 1.63543E-1 1.38616E-1 8.9135E-2 3.73218E-2 -9999 -9999 -9999 4.92158E-1 3.91659E-1 2.13448E-1 3.12978E-1 1.3648E-1 2.72773E-1 2.24817E-1 1.86071E-1 1.70022E-1 3.35814E-1 9.44543E-2 1.22934E-1 3.97738E-1 4.07307E-2 2.43997E-2 1.42115E-2 1.10684E-2 8.70695E-3 8.59775E-3 8.02272E-3 6.87328E-3 1.15429E-2 1.10879E-2 7.73992E-3 6.76978E-3 1.27405E-2 2.22379E-2 9.32245E-2 5.15289E-2 2.82692E-2 4.7822E-3 2.43743E-2 4.86456E-3 1.60371E-2 2.42667E-2 6.59645E-2 8.72536E-2 9.86757E-2 1.09297E-1
-9999 -9999 -9999 -9999 -9999 -9999 -9999 -9999 -9999 -9999 -9999 -9999 -9999 -9999 -9999 -9999 -9999 -9999 -9999 -9999 -9999 -9999 -9999 -9999 -9999 -9999 -9999 -9999 3.37604E-1 2.11754E-1 1.3401E-1 1.29634E-1 2.59568E-1 3.53261E-1 1.66741E-1 2.95002E-1 1.72236E-1 7.56607E-2 1.89015E-1 5.36291E-1 4.90173E-2 2.75307E-2 1.18371E-2 1.149E-2 1.08727E-2 1.35304E-2 1.42238E-2 1.46482E-2 1.62308E-2 1.49415E-2 6.83491E-3 5.15659E-2 6.05253E-2 1.0195E-1 1.68432E-1 1.22755E-1 1.88069E-2 8.03436E-2 1.01696E-1 6.76882E-2 3.60453E-2 3.38309E-2 4.77937E-2 6.86926E-2 8.41621E-2 9.46163E-2
-9999 -9999 -9999 -9999 -9999 -9999 -9999 -9999 -9999 -9999 -9999 -9999 -9999 -9999 -9999 -9999 -9999 -9999 -9999 -9999 -9999 -9999 -9999 -9999 -9999 -9999 -9999 -9999 -9999 2.13439E-1 1.42803E-1 1.6254E-1 1.26218E-1 2.93279E-1 1.13844E-1 1.48564E-1 1.11173E-1 1.98442E-1 4.30522E-2 4.65628E-1 4.34891E-2 1.637E-2 1.3063E-2 1.29917E-2 1.48876E-2 1.85038E-2 2.19838E-2 2.55978E-2 2.4399E-2 2.07588E-2 5.69084E-2 6.46256E-2 8.99011E-2 1.58378E-1 1.89644E-1 2.14718E-1 4.98227E-2 4.48101E-2 1.95364E-1 1.46733E-1 9.47228E-2 7.46818E-2 3.37557E-2 6.8984E-2 9.17794E-2 1.0262E-1
-9999 -9999 -9999 -9999 -9999 -9999 -9999 -9999 -9999 -9999 -9999 -9999 -9999 -9999 -9999 -9999 -9999 -9999 -9999 -9999 -9999 -9999 -9999 -9999 -9999 -9999 -9999 -9999 2.36421E-1 7.82012E-2 3.45519E-1 1.32909E-1 1.27437E-1 2.40256E-1 7.81346E-2 9.22841E-2 2.36857E-1 9.91282E-2 3.21634E-2 1.28249E-1 1.73677E-2 1.27631E-2 1.33628E-2 1.59683E-2 2.17719E-2 2.89497E-2 3.84766E-2 3.85657E-2 3.1319E-2 7.5444E-2 9.57295E-2 1.02999E-1 1.06513E-1 2.56239E-1 2.08024E-1 2.34644E-1 2.72028E-1 3.22397E-1 2.77771E-1 2.07234E-1 4.45792E-2 2.82798E-2 4.11356E-2 8.11448E-2 1.10386E-1 1.32456E-1
-9999 -9999 -9999 -9999 -9999 -9999 -9999 -9999 -9999 -9999 -9999 -9999 -9999 -9999 -9999 -9999 -9999 -9999 -9999 -9999 -9999 -9999 -9999 -9999 -9999 -9999 -9999 -9999 2.48942E-1 2.15381E-1 7.58995E-1 1.10834E-1 1.20903E-1 3.24887E-1 2.57433E-2 1.80165E-1 4.99783E-2 2.08405E-1 2.9796E-1 2.00731E-2 1.13169E-2 9.67453E-3 1.27993E-2 1.8365E-2 2.73383E-2 3.97336E-2 4.65373E-2 3.91733E-2 2.78983E-2 8.4033E-2 9.77311E-2 7.8302E-2 7.57548E-2 1.9526E-1 2.18249E-1 2.30988E-1 2.50641E-1 2.86872E-1 2.63818E-1 2.78245E-1 1.91304E-1 3.40892E-2 9.44301E-2 8.93131E-2 1.27531E-1 1.7272E-1
-9999 -9999 -9999 -9999 -9999 -9999 -9999 -9999 -9999 -9999 -9999 -9999 -9999 -9999 -9999 -9999 -9999 -9999 -9999 -9999 -9999 -9999 -9999 -9999 -9999 -9999 -9999 -9999 -9999 2.6627E-1 2.01781E-1 8.09462E-2 1.07826E-1 3.60729E-1 1.00564E-2 5.29356E-2 5.33929E-2 9.2847E-2 2.31876E-2 1.13971E-2 1.07538E-2 1.09518E-2 1.46798E-2 1.9048E-2 2.58417E-2 3.17352E-2 3.85074E-2 1.70301E-1 1.5156E-1 9.76591E-2 1.36165E-1 1.18401E-1 8.63612E-2 1.49752E-1 2.16231E-1 1.99325E-1 1.82401E-1 1.5101E-1 1.23016E-1 9.45504E-2 8.78798E-2 2.0578E-2 1.01871E-2 5.61707E-3 1.04314E-1 1.31326E-1
-9999 -9999 -9999 -9999 -9999 -9999 -9999 -9999 -9999 -9999 -9999 -9999 -9999 -9999 -9999 -9999 -9999 -9999 -9999 -9999 -9999 -9999 -9999 -9999 -9999 -9999 -9999 -9999 4.9075E-1 3.94033E-1 1.42295E-1 1.22291E-2 1.86359E-1 1.94941E-2 8.97947E-3 2.71027E-2 4.12666E-1 2.80803E-2 1.96216E-2 1.1198E-2 1.20298E-2 1.39751E-2 1.55579E-2 1.9102E-2 1.05878E-1 1.22557E-1 1.34694E-1 1.50294E-1 1.70302E-1 1.33139E-1 1.46769E-1 1.44349E-1 1.19614E-1 1.90844E-1 1.97886E-1 1.40575E-1 1.03454E-1 8.84923E-2 7.23705E-2 6.57498E-2 6.15896E-2 4.94976E-2 3.02549E-3 1.43928E-3 3.88294E-3 7.28506E-2
-9999 -9999 -9999 -9999 -9999 -9999 -9999 -9999 -9999 -9999 -9999 -9999 -9999 -9999 -9999 -9999 -9999 -9999 -9999 -9999 1.14149E-1 -9999 -9999 -9999 -9999 -9999 -9999 -9999 -9999 5.29994E-1 9.69094E-2 4.89379E-2 3.40462E-1 1.68786E-2 7.85185E-2 9.67795E-2 3.5102E-2 2.2297E-2 1.69417E-2 1.45836E-2 1.44524E-2 1.41629E-2 7.96893E-2 8.60226E-2 9.65576E-2 1.09157E-1 1.13026E-1 1.22106E-1 1.38933E-1 1.54866E-1 1.3489E-1 9.55105E-2 1.10674E-1 1.13268E-1 1.18897E-1 9.47259E-2 6.9516E-2 6.31161E-2 7.0444E-2 6.77599E-2 1.54983E-2 1.06194E-2 5.99514E-3 5.21022E-3 7.0497E-3 5.45139E-2
-9999 -9999 -9999 -9999 -9999 -9999 -9999 -9999 -9999 -9999 -9999 -9999 -9999 -9999 -9999 -9999 -9999 -9999 -9999 -9999 -9999 -9999 -9999 -9999 -9999 -9999 -9999 9.51315E-2 2.66127E-1 2.14236E-1 1.18705E-1 1.38175E-1 2.83224E-1 1.54185E-2 1.43888E-1 1.27213E-1 3.78955E-2 2.03281E-2 2.06006E-2 1.90522E-2 8.53671E-2 7.49468E-2 7.76683E-2 8.0821E-2 8.63453E-2 8.70841E-2 8.92855E-2 9.78796E-2 1.11246E-1 1.07232E-1 1.04008E-1 8.56296E-2 9.23286E-2 7.933E-2 8.235E-2 7.32331E-2 6.42284E-2 6.26815E-2 6.77245E-2 7.75018E-2 8.76367E-2 1.46762E-2 1.11337E-2 1.34421E-2 5.87999E-2 4.78213E-2
-9999 -9999 -9999 -9999 -9999 -9999 -9999 -9999 -9999 -9999 -9999 -9999 -9999 -9999 -9999 -9999 -9999 -9999 -9999 -9999 -9999 -9999 -9999 -9999 -9999 -9999 1.56971E-1 1.54821E-1 6.05101E-2 1.30066E-1 2.03142E-1 3.01842E-1 2.02064E-1 1.68775E-2 1.94134E-1 3.18666E-2 3.26874E-2 3.30193E-2 2.37377E-2 1.08586E-1 9.47324E-2 8.94934E-2 7.94827E-2 8.13931E-2 8.12972E-2 8.0561E-2 7.72723E-2 7.55605E-2 7.39663E-2 7.46615E-2 7.3615E-2 7.5548E-2 7.36866E-2 7.89075E-2 6.57446E-2 6.93696E-2 6.57187E-2 6.88412E-2 7.52013E-2 8.38489E-2 1.86256E-2 2.31151E-2 1.613E-2 8.33787E-2 1.71343E-2 1.03867E-2
-9999 -9999 -9999 -9999 -9999 -9999 -9999 -9999 -9999 -9999 -9999 -9999 -9999 -9999 -9999 -9999 -9999 -9999 -9999 -9999 -9999 -9999 -9999 -9999 -9999 -9999 2.09146E-1 1.4555E-1 8.94621E-2 3.03258E-1 2.62823E-1 2.75049E-1 1.6671E-2 1.94313E-1 5.56349E-2 8.16029E-2 7.67898E-2 8.36506E-2 1.0247E-1 1.04286E-1 9.74951E-2 8.16831E-2 7.57435E-2 8.24013E-2 8.30476E-2 7.97896E-2 7.45344E-2 6.594E-2 5.87858E-2 4.70162E-2 4.94966E-2 6.42259E-2 6.62156E-2 6.92858E-2 6.89772E-2 7.1919E-2 7.77554E-2 8.1885E-2 8.40033E-2 8.29798E-2 9.26369E-2 1.85031E-2 9.27639E-2 9.06983E-2 9.72689E-2 5.90445E-2
1.29296E-2 -9999 -9999 -9999 -9999 -9999 -9999 -9999 -9999 -9999 -9999 -9999 -9999 -9999 -9999 -9999 -9999 -9999 -9999 -9999 -9999 -9999 -9999 -9999 -9999 2.12588E-1 1.07455E-1 1.73423E-1 1.10398E-1 2.57205E-2 3.00374E-1 2.29017E-1 9.27103E-2 1.05026E-1 8.02894E-2 8.05047E-2 7.62394E-2 7.11057E-2 8.61901E-2 8.72842E-2 8.50473E-2 7.85463E-2 8.14403E-2 8.59051E-2 8.23169E-2 7.43223E-2 6.85125E-2 6.30764E-2 5.34334E-2 4.02216E-2 4.59642E-2 5.80533E-2 6.45318E-2 7.32423E-2 7.96844E-2 8.77188E-2 9.48515E-2 9.49303E-2 8.8573E-2 8.92025E-2 9.75046E-2 1.27298E-1 1.33767E-1 1.26853E-1 9.82632E-2 8.32021E-2
1.27782E-2 -9999 -9999 -9999 -9999 -9999 -9999 -9999 -9999 -9999 -9999 -9999 -9999 -9999 -9999 -9999 -9999 -9999 -9999 -9999 -9999 -9999 -9999 -9999 2.02552E-2 1.51829E-1 1.51805E-1 1.31439E-1 3.00271E-1 2.25482E-1 2.30077E-1 1.10804E-1 1.09194E-1 1.08162E-1 9.856E-2 9.31323E-2 8.46396E-2 7.69798E-2 8.03588E-2 8.46074E-2 7.9645E-2 8.1171E-2 8.1065E-2 8.62867E-2 7.98023E-2 7.32374E-2 6.97563E-2 6.32517E-2 5.62524E-2 5.23811E-2 6.12865E-2 6.22708E-2 7.10763E-2 7.90047E-2 8.45316E-2 9.10231E-2 1.01062E-1 9.2661E-2 9.7379E-2 8.94246E-2 1.2947E-1 1.52138E-1 1.77113E-1 1.40532E-1 1.01099E-1 8.57959E-2
-9999 -9999 3.02267E-2 -9999 -9999 -9999 -9999 -9999 -9999 -9999 -9999 -9999 -9999 -9999 -9999 -9999 -9999 -9999 -9999 -9999 -9999 -9999 -9999 1.51763E-1 7.65835E-2 1.64241E-1 1.56623E-1 1.83793E-1 8.3682E-2 2.3696E-1 7.3937E-2 9.34411E-2 9.72176E-2 9.19058E-2 1.03635E-1 1.0687E-1 9.89392E-2 9.13287E-2 9.14114E-2 8.40729E-2 8.15288E-2 8.03902E-2 8.01589E-2 7.75823E-2 7.6241E-2 7.44244E-2 7.48416E-2 6.9938E-2 6.40801E-2 6.83949E-2 7.24502E-2 6.28317E-2 7.0556E-2 7.27076E-2 8.48946E-2 1.05142E-1 1.12965E-1 9.33532E-2 1.09124E-1 1.20054E-1 1.40029E-1 1.542E-1 1.52717E-1 1.29257E-1 9.61011E-2 1.08536E-1
3.15291E-2 6.42513E-2 1.85456E-2 1.9691E-2 1.38801E-2 -9999 -9999 -9999 -9999 -9999 -9999 -9999 -9999 -9999 -9999 -9999 -9999 -9999 -9999 -9999 -9999 -9999 -9999 1.86676E-2 2.31157E-1 3.15628E-1 3.32987E-1 5.8992E-2 1.15144E-1 6.82656E-2 7.01449E-2 7.8375E-2 8.2189E-2 8.63525E-2 1.14455E-1 1.1787E-1 1.12326E-1 9.85989E-2 9.55228E-2 8.97577E-2 8.10207E-2 7.89233E-2 7.85727E-2 7.393E-2 8.03939E-2 8.17128E-2 7.90472E-2 7.79375E-2 7.34145E-2 7.82267E-2 8.60222E-2 7.32632E-2 6.59733E-2 6.63119E-2 7.70908E-2 1.02993E-1 1.1808E-1 1.05495E-1 1.0918E-1 1.20985E-1 1.25831E-1 1.31875E-1 1.29392E-1 1.00285E-1 1.01632E-1 1.07034E-1
3.18324E-2 3.4199E-2 1.03771E-2 3.34765E-3 -9999 -9999 -9999 -9999 -9999 -9999 -9999 -9999 -9999 -9999 -9999 -9999 -9999 -9999 -9999 -9999 -9999 -9999 -9999 2.42992E-3 7.28723E-2 3.57805E-1 4.41478E-1 1.70055E-2 2.25229E-1 6.8624E-2 6.30549E-2 6.85936E-2 7.75829E-2 7.88447E-2 9.5921E-2 1.15201E-1 1.08615E-1 9.77716E-2 9.31446E-2 8.35736E-2 7.95015E-2 7.91778E-2 7.63985E-2 7.56707E-2 8.56448E-2 8.65062E-2 8.11524E-2 8.2491E-2 8.30382E-2 8.13698E-2 8.30278E-2 8.09952E-2 7.63757E-2 7.56143E-2 7.52699E-2 8.5759E-2 9.38911E-2 9.77676E-2 1.02372E-1 1.06956E-1 1.17359E-1 1.18495E-1 1.18731E-1 1.07272E-1 1.10557E-1 1.24862E-1
8.38692E-3 1.72339E-2 6.81976E-3 1.57038E-2 3.5261E-2 4.42251E-2 -9999 -9999 -9999 -9999 -9999 -9999 -9999 -9999 -9999 -9999 -9999 -9999 -9999 -9999 -9999 -9999 3.82198E-4 2.38504E-3 1.65558E-1 3.54872E-1 6.04937E-2 1.88004E-2 1.87518E-1 6.92004E-2 5.83333E-2 6.60629E-2 6.87242E-2 7.10846E-2 7.97979E-2 8.61125E-2 8.90451E-2 9.00574E-2 8.25965E-2 7.64814E-2 8.15307E-2 8.14841E-2 7.61814E-2 8.65288E-2 9.54356E-2 9.42819E-2 8.81565E-2 8.40512E-2 8.1217E-2 8.34442E-2 8.27916E-2 7.95067E-2 7.39447E-2 7.26526E-2 7.32767E-2 7.43655E-2 8.92894E-2 9.98048E-2 1.33129E-1 1.08801E-1 9.65172E-2 1.07524E-1 1.24061E-1 1.24762E-1 1.18716E-1 1.31139E-1
-9999 7.30575E-3 4.54113E-3 8.36071E-3 1.50485E-2 -9999 -9999 -9999 -9999 -9999 -9999 -9999 -9999 -9999 -9999 -9999 -9999 -9999 -9999 -9999 -9999 3.52669E-4 6.12585E-4 5.33568E-3 6.99171E-2 2.61055E-1 6.11091E-3 1.96843E-1 9.54464E-2 7.61293E-2 6.61871E-2 6.41143E-2 6.61378E-2 6.67688E-2 7.22651E-2 7.51157E-2 7.88402E-2 8.41624E-2 8.10226E-2 7.92909E-2 7.77403E-2 7.59829E-2 7.97329E-2 9.36537E-2 1.05337E-1 1.06814E-1 8.47362E-2 7.89903E-2 7.88493E-2 8.31929E-2 7.7153E-2 7.65112E-2 7.41161E-2 7.3848E-2 7.50754E-2 8.22625E-2 8.83708E-2 1.13609E-1 1.30871E-1 1.07048E-1 9.7148E-2 1.07518E-1 1.32304E-1 1.5937E-1 1.51426E-1 1.34127E-1
-9999 -9999 -9999 -9999 -9999 -9999 -9999 -9999 -9999 -9999 -9999 -9999 -9999 -9999 -9999 -9999 -9999 -9999 -9999 -9999 -9999 -9999 8.54544E-4 2.55184E-3 4.90173E-2 1.25703E-1 3.6195E-2 2.18966E-1 7.07994E-2 6.95111E-2 6.17389E-2 5.82771E-2 6.2393E-2 6.46021E-2 6.82178E-2 7.47076E-2 7.15781E-2 7.0373E-2 7.18901E-2 7.61004E-2 7.55719E-2 7.47022E-2 8.6597E-2 9.90411E-2 1.14367E-1 1.25672E-1 7.86874E-2 7.12955E-2 7.55133E-2 7.68524E-2 7.66714E-2 8.03461E-2 7.66205E-2 7.53359E-2 7.95189E-2 8.03821E-2 8.85751E-2 9.14976E-2 9.99913E-2 9.62747E-2 1.09224E-1 1.3546E-1 1.42752E-1 1.48023E-1 1.56257E-1 1.28769E-1
-9999 -9999 -9999 -9999 -9999 -9999 -9999 -9999 -9999 -9999 -9999 -9999 -9999 -9999 -9999 -9999 -9999 -9999 -9999 -9999 -9999 3.0958E-4 3.68368E-4 3.28129E-3 3.34026E-3 8.51119E-2 3.07254E-2 1.832E-1 5.8091E-2 4.97586E-2 5.46209E-2 5.55876E-2 5.25518E-2 5.60661E-2 6.34024E-2 7.1804E-2 6.30639E-2 6.1808E-2 6.06426E-2 6.62087E-2 7.06428E-2 7.73061E-2 8.89459E-2 9.93976E-2 1.03687E-1 1.03449E-1 8.31268E-2 7.27611E-2 7.44139E-2 7.35414E-2 7.5921E-2 7.8183E-2 8.07408E-2 8.3668E-2 8.53667E-2 8.77651E-2 8.62207E-2 8.84251E-2 8.9626E-2 9.60918E-2 1.12954E-1 1.39366E-1 1.57322E-1 1.33324E-1 1.22502E-1 1.3087E-1
-9999 -9999 -9999 -9999 -9999 -9999 -9999 -9999 -9999 -9999 -9999 -9999 -9999 -9999 -9999 -9999 -9999 -9999 -9999 -9999 -9999 -9999 8.94864E-4 4.84917E-4 2.76622E-3 1.43903E-2 4.71268E-2 7.97519E-2 5.06085E-2 4.4757E-2 4.45218E-2 4.73285E-2 4.7998E-2 5.15597E-2 5.6129E-2 5.67008E-2 5.97628E-2 6.06466E-2 6.35294E-2 6.742E-2 7.29211E-2 7.91626E-2 9.05605E-2 9.46225E-2 9.89307E-2 9.48349E-2 8.35723E-2 7.86602E-2 7.78529E-2 7.82285E-2 8.00977E-2 8.28335E-2 8.95605E-2 9.427E-2 9.91198E-2 8.90973E-2 8.86465E-2 8.87826E-2 9.10209E-2 1.0177E-1 1.23687E-1 1.45949E-1 1.93251E-1 1.53308E-1 1.31534E-1 1.28785E-1
-9999 -9999 -9999 -9999 -9999 -9999 -9999 -9999 -9999 -9999 -9999 -9999 -9999 -9999 -9999 -9999 -9999 -9999 -9999 -9999 -9999 -9999 -9999 3.19107E-4 6.8019E-3 2.75975E-2 7.79309E-2 6.30977E-2 4.75895E-2 4.79972E-2 4.48436E-2 4.60438E-2 4.87847E-2 5.03013E-2 4.80066E-2 5.05226E-2 5.77635E-2 6.03666E-2 7.11563E-2 7.61358E-2 7.77591E-2 8.09885E-2 8.88817E-2 9.26635E-2 9.52984E-2 9.50854E-2 9.21092E-2 8.69318E-2 8.52596E-2 8.56992E-2 8.99717E-2 9.14836E-2 9.75878E-2 1.01858E-1 1.12503E-1 1.00772E-1 9.27003E-2 9.27765E-2 9.66181E-2 1.16332E-1 1.19974E-1 1.44192E-1 1.82888E-1 1.90423E-1 1.70288E-1 1.38725E-1
