final project/Practice/maxentOut/species_maxentOut_stddev.asc
ncols         186
nrows         192
xllcorner     -125.0
yllcorner     -56.0
cellsize      0.5
NODATA_value  -9999
[rows 58 to 86 of 192, columns 66 to 131 of 186]
-9999 -9999 -9999 -9999 -9999 -9999 -9999 -9999 -9999 -9999 -9999 -9999 9.6804E-3 4.1243E-2 7.15959E-2 1.05491E-1 1.1328E-1 7.9898E-2 -9999 -9999 -9999 -9999 -9999 -9999 -9999 -9999 -9999 -9999 -9999 -9999 -9999 -9999 1.37674E-1 1.51205E-1 1.55129E-1 2.51552E-2 4.90668E-2 7.77005E-2 2.5272E-2 2.64048E-2 1.26874E-1 4.96059E-2 1.84676E-2 9.57034E-3 6.18105E-3 1.27735E-2 2.72849E-2 1.67426E-1 2.30789E-2 4.24217E-2 4.34579E-2 2.31394E-2 -9999 1.14151E-1 -9999 7.92926E-2 7.97774E-2 9.82644E-2 1.68214E-1 1.33534E-1 5.01705E-2 7.77165E-2 8.97676E-2 -9999 -9999 -9999
-9999 -9999 -9999 -9999 -9999 -9999 -9999 -9999 -9999 -9999 -9999 -9999 9.36184E-3 1.71045E-2 5.72521E-2 7.16785E-2 5.84979E-2 5.47103E-2 -9999 -9999 -9999 -9999 -9999 -9999 -9999 -9999 -9999 -9999 -9999 -9999 -9999 -9999 1.40906E-1 1.6869E-1 6.01824E-2 5.97954E-2 2.0899E-2 7.05586E-2 2.0087E-1 7.14224E-2 5.36408E-2 7.57798E-2 2.82643E-2 1.53465E-2 2.30898E-2 7.15542E-3 4.74747E-2 1.64965E-2 2.3952E-2 7.3053E-2 4.24182E-2 3.50339E-2 9.89083E-2 2.13964E-2 3.47112E-2 9.46738E-2 6.96828E-2 1.32928E-1 1.6711E-1 4.17053E-2 5.10648E-2 7.67299E-2 8.11279E-2 -9999 -9999 -9999
-9999 -9999 -9999 -9999 -9999 -9999 -9999 -9999 -9999 -9999 -9999 -9999 1.21042E-2 2.00115E-2 3.48469E-2 6.30146E-2 1.79213E-1 4.49737E-2 4.68434E-2 6.11017E-2 -9999 -9999 -9999 -9999 1.5378E-1 1.22174E-1 1.21576E-1 -9999 -9999 -9999 -9999 -9999 1.54121E-1 8.7779E-2 3.26661E-2 5.0306E-2 9.79212E-2 3.07747E-2 4.84121E-2 1.51542E-1 1.82375E-1 1.55731E-1 3.13902E-2 3.2292E-2 5.42702E-2 1.58996E-2 2.1442E-3 2.4673E-2 1.58255E-2 1.53333E-2 2.66764E-2 2.88575E-2 2.36103E-2 2.73741E-2 3.94703E-2 4.55785E-2 3.76159E-3 6.94316E-3 1.26729E-1 3.83535E-2 3.9874E-2 7.76834E-2 8.3456E-2 -9999 -9999 -9999
-9999 -9999 -9999 -9999 -9999 -9999 -9999 -9999 -9999 -9999 -9999 -9999 -9999 -9999 -9999 8.42994E-2 5.9788E-2 1.55156E-1 9.18399E-2 7.6896E-2 7.18667E-2 -9999 1.24495E-1 1.48426E-1 1.28202E-1 1.10437E-1 1.06522E-1 9.42693E-2 7.94201E-2 -9999 -9999 6.96914E-2 7.75038E-2 3.48574E-2 9.56888E-2 1.6016E-1 1.52325E-1 4.91831E-2 1.59156E-1 2.04314E-1 1.99573E-1 1.82894E-2 3.1363E-2 1.84237E-1 3.66284E-2 9.43457E-3 6.43365E-3 2.94578E-3 2.55177E-3 3.43022E-2 2.26969E-2 2.0968E-2 1.76672E-2 4.1038E-2 3.85271E-2 2.19929E-3 3.57361E-3 6.56688E-3 7.96309E-3 2.87413E-2 5.29802E-2 8.22683E-2 8.76285E-2 -9999 -9999 -9999
-9999 -9999 -9999 -9999 -9999 -9999 -9999 -9999 -9999 -9999 -9999 -9999 -9999 -9999 -9999 -9999 9.67655E-2 7.23674E-2 9.36546E-2 6.72667E-2 6.33029E-2 7.92006E-2 1.02124E-1 1.29211E-1 9.88462E-2 7.73807E-2 8.61187E-2 8.68829E-2 7.73228E-2 9.64864E-2 8.43367E-2 5.77631E-2 8.52702E-2 1.18877E-1 1.85156E-1 1.7921E-1 1.36968E-1 4.39397E-2 1.6069E-1 2.3281E-1 9.45168E-2 2.96646E-2 4.12458E-2 4.31274E-2 4.59475E-2 4.54512E-2 3.14628E-2 5.7264E-3 5.0351E-3 5.55514E-3 3.19286E-3 2.33582E-3 1.87501E-3 5.48361E-2 3.31896E-3 2.38389E-3 3.07444E-3 5.1974E-3 5.8982E-3 7.81159E-3 4.44812E-2 7.75871E-2 6.04126E-2 9.08404E-2 9.33821E-2 -9999
-9999 -9999 -9999 -9999 -9999 -9999 -9999 -9999 -9999 -9999 -9999 -9999 -9999 -9999 -9999 -9999 7.83009E-2 6.6219E-2 6.09932E-2 7.79754E-2 8.63454E-2 6.42053E-2 3.48093E-2 4.55589E-2 5.26428E-2 7.0741E-2 7.57341E-2 9.14065E-2 9.13671E-2 8.11758E-2 9.37397E-2 7.25379E-2 8.11034E-2 1.53583E-1 1.57423E-1 8.53428E-2 1.47847E-1 8.20505E-2 3.54435E-2 3.12019E-2 1.76851E-1 2.14523E-1 3.63162E-2 6.79936E-2 5.6184E-2 5.11227E-2 1.01817E-2 8.33814E-3 8.3909E-3 6.5501E-3 7.47031E-3 7.90827E-3 6.44765E-3 9.0679E-3 8.59828E-3 9.35357E-3 1.05058E-2 6.5656E-3 4.64099E-3 1.95104E-2 3.17911E-2 6.3199E-2 7.91057E-2 9.00407E-2 9.51269E-2 8.89209E-2
-9999 -9999 -9999 -9999 -9999 -9999 -9999 -9999 -9999 -9999 -9999 -9999 -9999 -9999 -9999 -9999 -9999 -9999 -9999 7.88968E-2 7.45115E-2 6.07254E-2 3.53871E-2 1.88224E-2 2.98855E-2 -9999 -9999 1.17189E-1 1.15063E-1 1.1935E-1 1.27759E-1 8.46008E-2 8.19921E-2 1.80415E-1 1.91105E-1 8.16699E-2 2.00552E-1 6.85271E-2 1.86428E-1 9.06537E-2 5.34833E-2 4.24823E-2 8.65646E-2 1.08802E-1 8.03336E-2 1.43214E-2 1.07741E-2 1.01532E-2 1.44056E-2 1.14744E-2 1.28389E-2 1.90033E-2 2.62563E-2 2.8178E-2 3.09406E-2 1.96548E-2 1.35127E-2 6.91401E-3 6.0736E-3 6.01767E-3 2.21852E-2 3.74498E-2 6.60722E-2 8.17745E-2 8.86098E-2 8.31696E-2
-9999 -9999 -9999 -9999 -9999 -9999 -9999 -9999 -9999 -9999 -9999 -9999 -9999 -9999 -9999 -9999 -9999 -9999 -9999 6.66886E-2 7.44518E-2 7.3688E-2 5.24826E-2 3.41327E-2 -9999 -9999 -9999 1.64779E-1 1.60704E-1 1.41451E-1 1.87983E-1 6.29666E-2 1.04276E-1 8.77164E-2 1.19201E-1 1.10742E-1 1.95107E-1 4.99516E-2 2.17129E-1 1.99484E-1 6.12414E-2 4.55446E-2 5.53551E-2 2.20171E-2 1.86842E-2 1.86892E-2 1.74763E-2 1.71423E-2 2.48164E-2 2.12048E-2 1.61871E-2 1.0459E-2 2.00923E-2 3.63794E-2 1.06941E-1 5.40629E-2 3.1436E-2 8.28052E-3 2.35802E-2 8.53775E-3 2.03249E-2 2.56459E-2 4.90617E-2 6.75674E-2 7.42731E-2 7.41683E-2
-9999 -9999 -9999 -9999 -9999 -9999 -9999 -9999 -9999 -9999 -9999 -9999 -9999 -9999 -9999 -9999 -9999 -9999 -9999 -9999 -9999 -9999 -9999 -9999 -9999 -9999 -9999 -9999 1.82033E-1 1.32103E-1 8.2023E-2 6.33484E-2 1.98424E-1 1.56207E-1 7.63983E-2 1.93444E-1 1.52471E-1 5.57959E-2 2.00967E-1 1.38776E-1 6.62327E-2 5.47751E-2 2.25049E-2 2.20792E-2 2.23676E-2 3.06863E-2 3.17379E-2 3.95057E-2 4.23966E-2 3.41674E-2 1.02608E-2 3.19766E-2 3.89915E-2 5.08591E-2 1.07229E-1 5.92445E-2 1.82707E-2 4.4845E-2 5.18756E-2 4.54681E-2 3.29319E-2 3.02231E-2 3.74707E-2 5.53064E-2 6.70211E-2 6.93492E-2
-9999 -9999 -9999 -9999 -9999 -9999 -9999 -9999 -9999 -9999 -9999 -9999 -9999 -9999 -9999 -9999 -9999 -9999 -9999 -9999 -9999 -9999 -9999 -9999 -9999 -9999 -9999 -9999 -9999 7.17648E-2 7.15036E-2 5.87012E-2 8.00631E-2 1.60516E-1 7.1856E-2 1.4154E-1 4.79316E-2 1.56031E-1 4.53663E-2 1.62771E-1 7.28202E-2 2.0311E-2 2.46408E-2 2.97922E-2 3.51077E-2 4.07322E-2 5.63862E-2 8.12119E-2 8.57926E-2 5.80763E-2 3.23618E-2 3.18715E-2 3.98267E-2 5.68485E-2 8.61258E-2 8.69043E-2 3.03941E-2 2.84302E-2 7.32311E-2 6.15217E-2 5.75065E-2 4.35027E-2 2.45338E-2 5.26569E-2 7.40652E-2 7.23055E-2
-9999 -9999 -9999 -9999 -9999 -9999 -9999 -9999 -9999 -9999 -9999 -9999 -9999 -9999 -9999 -9999 -9999 -9999 -9999 -9999 -9999 -9999 -9999 -9999 -9999 -9999 -9999 -9999 8.96067E-2 4.70732E-2 1.81244E-1 4.30539E-2 6.36528E-2 1.22411E-1 6.12445E-2 5.60714E-2 1.86652E-1 1.80253E-1 5.1358E-2 6.05349E-2 2.17489E-2 2.0852E-2 2.70829E-2 3.38705E-2 4.16232E-2 5.82782E-2 8.87869E-2 1.03349E-1 8.17139E-2 5.48035E-2 4.09571E-2 4.0515E-2 4.09206E-2 8.70114E-2 8.3717E-2 9.52257E-2 9.05284E-2 1.10212E-1 8.79831E-2 7.08753E-2 1.68637E-2 1.27341E-2 2.6811E-2 3.69372E-2 6.96203E-2 8.66098E-2
-9999 -9999 -9999 -9999 -9999 -9999 -9999 -9999 -9999 -9999 -9999 -9999 -9999 -9999 -9999 -9999 -9999 -9999 -9999 -9999 -9999 -9999 -9999 -9999 -9999 -9999 -9999 -9999 9.6146E-2 1.37752E-1 3.32868E-1 4.37323E-2 6.07551E-2 2.04659E-1 5.60616E-2 1.03075E-1 1.77736E-1 2.30483E-1 1.19382E-1 2.35701E-2 2.14881E-2 2.02707E-2 2.58938E-2 3.27863E-2 5.53619E-2 9.06625E-2 1.18985E-1 1.11293E-1 6.99668E-2 5.17646E-2 4.45718E-2 4.52815E-2 3.86701E-2 6.84119E-2 8.94006E-2 9.80514E-2 1.06942E-1 1.20503E-1 1.0532E-1 8.7603E-2 6.97216E-2 1.3997E-2 5.52923E-2 4.01329E-2 4.98124E-2 8.65733E-2
-9999 -9999 -9999 -9999 -9999 -9999 -9999 -9999 -9999 -9999 -9999 -9999 -9999 -9999 -9999 -9999 -9999 -9999 -9999 -9999 -9999 -9999 -9999 -9999 -9999 -9999 -9999 -9999 -9999 1.60768E-1 1.11381E-1 3.62682E-2 6.01122E-2 1.70453E-1 2.93586E-2 1.87491E-1 5.16862E-2 8.57455E-2 2.62649E-2 2.16074E-2 2.35923E-2 1.92473E-2 2.27236E-2 3.26607E-2 5.03216E-2 7.06993E-2 9.61662E-2 1.8877E-1 1.71907E-1 5.88213E-2 5.40472E-2 8.28146E-2 4.08083E-2 5.70762E-2 7.29871E-2 6.79796E-2 7.15021E-2 7.07269E-2 6.00591E-2 4.2004E-2 3.67421E-2 9.92425E-3 7.36305E-3 6.03857E-3 4.35669E-2 6.84999E-2
-9999 -9999 -9999 -9999 -9999 -9999 -9999 -9999 -9999 -9999 -9999 -9999 -9999 -9999 -9999 -9999 -9999 -9999 -9999 -9999 -9999 -9999 -9999 -9999 -9999 -9999 -9999 -9999 2.11104E-1 2.12253E-1 4.74869E-2 3.1319E-2 2.19316E-1 3.39161E-2 2.93574E-2 6.10937E-2 1.62816E-1 3.22292E-2 2.96671E-2 1.99163E-2 1.9344E-2 1.98717E-2 2.17754E-2 3.11963E-2 1.01333E-1 1.22614E-1 1.40129E-1 1.56769E-1 1.61667E-1 9.5383E-2 1.12741E-1 1.03542E-1 5.17702E-2 6.51861E-2 6.50677E-2 5.05885E-2 4.27823E-2 3.58424E-2 3.58868E-2 3.32149E-2 3.10379E-2 2.9628E-2 7.11771E-3 5.06559E-3 7.43985E-3 4.59485E-2
-9999 -9999 -9999 -9999 -9999 -9999 -9999 -9999 -9999 -9999 -9999 -9999 -9999 -9999 -9999 -9999 -9999 -9999 -9999 -9999 7.37521E-2 -9999 -9999 -9999 -9999 -9999 -9999 -9999 -9999 2.33114E-1 4.30487E-2 8.51862E-2 1.92282E-1 4.27492E-2 5.03654E-2 8.49357E-2 2.99009E-2 2.9464E-2 2.80862E-2 2.52495E-2 2.32613E-2 2.14527E-2 6.95268E-2 7.79661E-2 9.1958E-2 1.02692E-1 1.09889E-1 1.19841E-1 1.24349E-1 1.29201E-1 1.14133E-1 6.36645E-2 5.05263E-2 4.52795E-2 4.4722E-2 3.71884E-2 3.37912E-2 3.17098E-2 3.22571E-2 4.2057E-2 1.54883E-2 1.67485E-2 1.75589E-2 1.7904E-2 2.4156E-2 6.96133E-2
-9999 -9999 -9999 -9999 -9999 -9999 -9999 -9999 -9999 -9999 -9999 -9999 -9999 -9999 -9999 -9999 -9999 -9999 -9999 -9999 -9999 -9999 -9999 -9999 -9999 -9999 -9999 4.82671E-2 1.67268E-1 1.41773E-1 5.75078E-2 1.84965E-1 2.13306E-1 3.41411E-2 1.10881E-1 5.76165E-2 7.29368E-2 2.93216E-2 3.91125E-2 3.73377E-2 8.67612E-2 6.74063E-2 6.7641E-2 7.30173E-2 7.48146E-2 7.70673E-2 7.53317E-2 8.54888E-2 9.20433E-2 8.51652E-2 8.49493E-2 5.84259E-2 4.91965E-2 5.85482E-2 3.76431E-2 3.12876E-2 3.23914E-2 3.5867E-2 4.16057E-2 4.54112E-2 4.92949E-2 1.97883E-2 2.56261E-2 3.57645E-2 4.98109E-2 3.78243E-2
-9999 -9999 -9999 -9999 -9999 -9999 -9999 -9999 -9999 -9999 -9999 -9999 -9999 -9999 -9999 -9999 -9999 -9999 -9999 -9999 -9999 -9999 -9999 -9999 -9999 -9999 5.55637E-2 5.55645E-2 4.87823E-2 6.72506E-2 1.5067E-1 1.5996E-1 2.06734E-1 3.54397E-2 1.23912E-1 6.11033E-2 6.73312E-2 9.59531E-2 5.32822E-2 1.309E-1 1.01145E-1 8.64994E-2 7.02695E-2 7.10403E-2 7.07944E-2 6.82015E-2 6.38809E-2 5.77571E-2 5.14065E-2 5.31741E-2 5.31029E-2 5.2773E-2 5.37882E-2 6.30368E-2 4.97233E-2 3.078E-2 3.06926E-2 3.89643E-2 4.66813E-2 5.01237E-2 1.84383E-2 2.73697E-2 2.66977E-2 8.26436E-2 3.1656E-2 2.10772E-2
-9999 -9999 -9999 -9999 -9999 -9999 -9999 -9999 -9999 -9999 -9999 -9999 -9999 -9999 -9999 -9999 -9999 -9999 -9999 -9999 -9999 -9999 -9999 -9999 -9999 -9999 7.30733E-2 5.7504E-2 3.33629E-2 1.63964E-1 1.951E-1 1.48906E-1 3.7882E-2 1.69703E-1 3.36132E-2 5.4085E-2 5.4706E-2 7.23836E-2 1.07786E-1 1.20221E-1 1.04139E-1 7.36282E-2 6.79986E-2 7.0768E-2 6.81875E-2 6.08028E-2 5.4318E-2 4.36238E-2 3.47584E-2 2.83744E-2 3.06286E-2 4.45428E-2 4.91308E-2 5.05525E-2 4.87772E-2 4.51758E-2 3.93247E-2 4.18903E-2 5.21382E-2 5.19341E-2 5.8277E-2 2.15537E-2 7.15222E-2 5.12795E-2 6.78046E-2 4.29818E-2
4.94953E-2 -9999 -9999 -9999 -9999 -9999 -9999 -9999 -9999 -9999 -9999 -9999 -9999 -9999 -9999 -9999 -9999 -9999 -9999 -9999 -9999 -9999 -9999 -9999 -9999 8.46446E-2 6.56968E-2 8.34414E-2 4.36824E-2 4.17401E-2 1.78082E-1 1.96463E-1 4.47089E-2 5.38308E-2 5.73278E-2 5.39672E-2 5.46682E-2 5.48726E-2 7.74479E-2 8.58262E-2 7.82831E-2 6.70154E-2 6.92668E-2 6.8296E-2 6.03616E-2 5.24553E-2 4.41183E-2 3.50977E-2 2.80905E-2 2.16087E-2 2.844E-2 3.95406E-2 4.18153E-2 4.39143E-2 4.33434E-2 4.63262E-2 6.2719E-2 6.22764E-2 5.73586E-2 5.54233E-2 5.58576E-2 9.47038E-2 8.81192E-2 7.36937E-2 5.72494E-2 5.24684E-2
4.76754E-2 -9999 -9999 -9999 -9999 -9999 -9999 -9999 -9999 -9999 -9999 -9999 -9999 -9999 -9999 -9999 -9999 -9999 -9999 -9999 -9999 -9999 -9999 -9999 2.88907E-2 7.59206E-2 7.71685E-2 4.14358E-2 2.10282E-1 2.1425E-1 2.16222E-1 3.82908E-2 6.57355E-2 7.68033E-2 7.07346E-2 6.70278E-2 6.40857E-2 6.16487E-2 6.37681E-2 7.26719E-2 6.89186E-2 6.77501E-2 6.52904E-2 6.3109E-2 4.95186E-2 4.25212E-2 3.67371E-2 3.00052E-2 2.63101E-2 2.80118E-2 4.3542E-2 4.42312E-2 3.36682E-2 3.99756E-2 4.87719E-2 6.19925E-2 6.27139E-2 6.14478E-2 7.26794E-2 6.05326E-2 9.70835E-2 1.12985E-1 1.16883E-1 8.71892E-2 7.29544E-2 5.45622E-2
-9999 -9999 3.79874E-2 -9999 -9999 -9999 -9999 -9999 -9999 -9999 -9999 -9999 -9999 -9999 -9999 -9999 -9999 -9999 -9999 -9999 -9999 -9999 -9999 5.66504E-2 3.99387E-2 7.44936E-2 5.77499E-2 2.25362E-1 2.11707E-1 1.81644E-1 2.54173E-2 3.97619E-2 6.21283E-2 7.00545E-2 7.56068E-2 7.47729E-2 7.34509E-2 7.13271E-2 7.22776E-2 7.1755E-2 6.90366E-2 6.45712E-2 5.85642E-2 4.96778E-2 4.09508E-2 3.54274E-2 3.33259E-2 3.28949E-2 3.42415E-2 4.73112E-2 5.13889E-2 3.3586E-2 3.24351E-2 4.2505E-2 6.47296E-2 8.10015E-2 8.50353E-2 6.19733E-2 9.03883E-2 1.00216E-1 1.14052E-1 1.20965E-1 1.10807E-1 9.95671E-2 7.73146E-2 7.47234E-2
4.45017E-2 4.61589E-2 3.01577E-2 2.98714E-2 2.87657E-2 -9999 -9999 -9999 -9999 -9999 -9999 -9999 -9999 -9999 -9999 -9999 -9999 -9999 -9999 -9999 -9999 -9999 -9999 4.43666E-2 7.17303E-2 9.79779E-2 1.9841E-1 1.83277E-1 1.49971E-1 2.80167E-2 3.08132E-2 4.03456E-2 5.75345E-2 6.75737E-2 8.10642E-2 8.21186E-2 8.12584E-2 7.79665E-2 7.65797E-2 7.58667E-2 6.78869E-2 6.2685E-2 5.21103E-2 4.09897E-2 3.99666E-2 3.74977E-2 3.60793E-2 3.68538E-2 4.40575E-2 5.662E-2 6.76261E-2 5.48029E-2 4.6369E-2 4.63603E-2 5.98613E-2 7.70783E-2 8.99909E-2 8.84222E-2 9.46297E-2 1.06221E-1 1.06417E-1 1.14338E-1 1.08029E-1 8.22203E-2 8.2731E-2 7.85868E-2
3.6332E-2 3.45708E-2 2.34894E-2 8.17671E-3 -9999 -9999 -9999 -9999 -9999 -9999 -9999 -9999 -9999 -9999 -9999 -9999 -9999 -9999 -9999 -9999 -9999 -9999 -9999 1.28596E-2 6.13416E-2 9.56922E-2 1.65927E-1 3.37923E-2 1.47988E-1 2.288E-2 2.50333E-2 3.71887E-2 5.39705E-2 6.04099E-2 6.96425E-2 8.07036E-2 7.97121E-2 7.84325E-2 7.55392E-2 7.03633E-2 6.37925E-2 5.42869E-2 4.5363E-2 3.8747E-2 3.99973E-2 3.86591E-2 3.76124E-2 4.08143E-2 4.91741E-2 5.73767E-2 6.16374E-2 6.15729E-2 5.76261E-2 6.01592E-2 5.85965E-2 6.94469E-2 7.63274E-2 8.3535E-2 8.59311E-2 9.20586E-2 1.03629E-1 1.10938E-1 1.09672E-1 9.25092E-2 9.00562E-2 1.00514E-1
2.09241E-2 2.43295E-2 1.65966E-2 2.22082E-2 3.33752E-2 3.75628E-2 -9999 -9999 -9999 -9999 -9999 -9999 -9999 -9999 -9999 -9999 -9999 -9999 -9999 -9999 -9999 -9999 3.75348E-3 3.87428E-3 5.79173E-2 9.70621E-2 2.09942E-1 4.31038E-2 1.31599E-1 2.66404E-2 2.51142E-2 3.66631E-2 4.96121E-2 5.34105E-2 6.15357E-2 6.80458E-2 7.18003E-2 7.15021E-2 6.60612E-2 6.01546E-2 5.48366E-2 4.81061E-2 3.87135E-2 4.54904E-2 4.8457E-2 4.2695E-2 4.09492E-2 4.2149E-2 4.72603E-2 5.5285E-2 5.82566E-2 5.95657E-2 5.62278E-2 5.63471E-2 5.62173E-2 5.78599E-2 7.47327E-2 8.08456E-2 9.84002E-2 9.05076E-2 8.82864E-2 9.89048E-2 1.05682E-1 9.48904E-2 8.83656E-2 9.81791E-2
-9999 1.63323E-2 9.65139E-3 1.52843E-2 2.4683E-2 -9999 -9999 -9999 -9999 -9999 -9999 -9999 -9999 -9999 -9999 -9999 -9999 -9999 -9999 -9999 -9999 3.99357E-3 5.38034E-3 1.27253E-2 2.80536E-2 1.15765E-1 3.42843E-2 1.55251E-1 2.85652E-2 3.13595E-2 3.23726E-2 3.78074E-2 4.61253E-2 4.93962E-2 5.48812E-2 5.77201E-2 5.75845E-2 5.78361E-2 5.49834E-2 5.28513E-2 4.67309E-2 4.04419E-2 3.99894E-2 5.0759E-2 5.39751E-2 5.27552E-2 4.36417E-2 3.90206E-2 4.31447E-2 5.06559E-2 5.17195E-2 5.37049E-2 5.55772E-2 5.53106E-2 5.62884E-2 6.021E-2 6.70937E-2 8.30889E-2 9.67188E-2 9.80475E-2 9.22046E-2 9.5486E-2 1.04298E-1 1.20612E-1 1.21468E-1 1.01828E-1
-9999 -9999 -9999 -9999 -9999 -9999 -9999 -9999 -9999 -9999 -9999 -9999 -9999 -9999 -9999 -9999 -9999 -9999 -9999 -9999 -9999 -9999 6.59006E-3 7.59692E-3 3.82459E-2 1.00067E-1 1.79032E-1 1.56423E-1 2.16584E-2 2.76154E-2 3.16853E-2 3.58177E-2 4.20938E-2 4.74621E-2 5.06472E-2 4.86937E-2 4.29387E-2 4.22781E-2 4.31698E-2 4.50696E-2 4.15006E-2 3.70572E-2 4.32005E-2 5.24916E-2 5.81377E-2 6.68797E-2 3.92798E-2 3.54306E-2 4.02598E-2 4.44277E-2 4.71236E-2 5.04512E-2 5.25749E-2 5.19633E-2 5.2303E-2 5.66553E-2 6.5594E-2 6.86522E-2 8.08449E-2 8.72234E-2 1.0084E-1 1.17591E-1 1.13718E-1 1.15344E-1 1.27081E-1 1.04417E-1
-9999 -9999 -9999 -9999 -9999 -9999 -9999 -9999 -9999 -9999 -9999 -9999 -9999 -9999 -9999 -9999 -9999 -9999 -9999 -9999 -9999 3.10064E-3 3.10765E-3 5.56742E-3 3.53307E-3 4.7914E-2 1.98632E-1 1.64958E-1 2.19669E-2 2.60673E-2 2.98488E-2 3.28554E-2 3.54514E-2 3.91697E-2 4.01712E-2 3.64473E-2 2.8459E-2 3.14348E-2 3.27175E-2 3.63547E-2 3.68004E-2 3.96785E-2 4.61813E-2 5.3737E-2 5.88451E-2 5.27761E-2 3.65958E-2 3.36831E-2 3.90152E-2 4.15035E-2 4.57468E-2 5.08577E-2 5.08475E-2 4.48577E-2 4.99757E-2 6.10532E-2 6.44426E-2 6.77515E-2 7.21956E-2 8.32725E-2 1.00308E-1 1.19764E-1 1.36083E-1 1.18163E-1 1.06842E-1 1.14558E-1
-9999 -9999 -9999 -9999 -9999 -9999 -9999 -9999 -9999 -9999 -9999 -9999 -9999 -9999 -9999 -9999 -9999 -9999 -9999 -9999 -9999 -9999 2.72654E-3 1.1121E-3 4.80381E-3 6.09954E-2 1.58386E-1 3.64353E-2 2.80703E-2 2.90615E-2 2.89898E-2 2.95735E-2 3.06289E-2 3.08404E-2 2.9086E-2 2.55501E-2 2.6097E-2 3.03037E-2 3.43887E-2 3.81114E-2 4.00729E-2 4.35929E-2 5.07813E-2 5.78879E-2 6.13255E-2 5.02299E-2 3.54781E-2 4.09368E-2 4.7354E-2 5.05819E-2 5.2033E-2 5.51484E-2 6.02719E-2 5.96557E-2 7.15516E-2 7.07338E-2 7.23357E-2 7.4731E-2 7.56049E-2 8.64924E-2 1.12396E-1 1.2838E-1 1.55613E-1 1.44702E-1 1.2772E-1 1.17821E-1
-9999 -9999 -9999 -9999 -9999 -9999 -9999 -9999 -9999 -9999 -9999 -9999 -9999 -9999 -9999 -9999 -9999 -9999 -9999 -9999 -9999 -9999 -9999 2.57031E-3 2.10312E-2 2.11036E-1 1.58586E-1 2.74843E-2 3.12971E-2 3.5529E-2 3.58029E-2 3.63888E-2 3.25588E-2 3.00992E-2 2.63398E-2 2.53802E-2 3.05532E-2 3.5525E-2 4.25947E-2 4.62193E-2 4.83535E-2 4.83433E-2 5.33051E-2 5.73101E-2 6.04966E-2 6.06877E-2 5.59719E-2 5.75803E-2 5.72813E-2 5.8472E-2 5.98315E-2 6.28945E-2 7.0222E-2 7.70646E-2 1.01201E-1 9.31795E-2 8.50425E-2 8.16555E-2 8.36768E-2 9.82085E-2 1.07E-1 1.36017E-1 1.48943E-1 1.64239E-1 1.59968E-1 1.27681E-1
