final project/Practice/maxentOut/species_0_maxentOut_clamping.asc
ncols         186
nrows         192
xllcorner     -125.0
yllcorner     -56.0
cellsize      0.5
NODATA_value  -9999
[rows 64 to 95 of 192, columns 72 to 143 of 186]
-9999 -9999 -9999 -9999 -9999 -9999 -9999 -9999 -9999 -9999 -9999 -9999 -9999 1.12325E-1 9.79942E-2 8.23602E-2 5.59519E-2 2.56572E-2 3.93402E-2 -9999 -9999 2.54563E-1 2.14421E-1 1.34481E-1 1.38847E-1 1.082E-1 9.18417E-2 3.60565E-1 4.65901E-1 1.14362E-1 5.8993E-1 0E0 0E0 0E0 6.96858E-3 4.40235E-2 1.17271E-1 1.60009E-1 1.19598E-1 1.39781E-2 1.08656E-2 1.00816E-2 1.34229E-2 1.10378E-2 1.27107E-2 1.93067E-2 2.76058E-2 3.12412E-2 3.51663E-2 2.26228E-2 1.41228E-2 5.75838E-3 4.71954E-3 4.70182E-3 3.67078E-2 4.73135E-2 6.58913E-2 7.54088E-2 8.05823E-2 8.44173E-2 1.1597E-1 -9999 -9999 -9999 -9999 -9999 -9999 -9999 -9999 -9999 -9999 -9999
-9999 -9999 -9999 -9999 -9999 -9999 -9999 -9999 -9999 -9999 -9999 -9999 -9999 9.48222E-2 1.09079E-1 1.08308E-1 9.19559E-2 5.46069E-2 -9999 -9999 -9999 3.49266E-1 2.61465E-1 1.51454E-1 2.75616E-1 0E0 0E0 7.53759E-2 1.02743E-1 1.08961E-1 5.8146E-1 8.0625E-2 0E0 0E0 4.98601E-2 4.32968E-2 7.34205E-2 1.82102E-2 1.6063E-2 1.65602E-2 1.54119E-2 1.63192E-2 2.30345E-2 1.91625E-2 1.53251E-2 9.33359E-3 1.7932E-2 2.84216E-2 2.26396E-1 1.03392E-1 5.83386E-2 6.47655E-3 4.25908E-2 5.71035E-3 2.94817E-2 3.12792E-2 5.00665E-2 6.27842E-2 6.60489E-2 6.96876E-2 1.19647E-1 1.82339E-1 -9999 -9999 -9999 -9999 -9999 -9999 -9999 -9999 -9999 -9999
-9999 -9999 -9999 -9999 -9999 -9999 -9999 -9999 -9999 -9999 -9999 -9999 -9999 -9999 -9999 -9999 -9999 -9999 -9999 -9999 -9999 -9999 1.94882E-1 1.13849E-1 7.39073E-2 0E0 0E0 0E0 1.05129E-1 4.34075E-1 2.09945E-1 0E0 0E0 0E0 6.17277E-2 4.74784E-2 1.65852E-2 1.768E-2 1.82358E-2 2.6147E-2 2.7949E-2 3.67775E-2 4.01443E-2 3.24164E-2 9.6233E-3 5.2823E-2 6.40341E-2 7.43403E-2 2.19299E-1 8.76485E-2 1.2041E-2 7.17167E-2 7.79046E-2 5.83641E-2 4.71367E-2 3.42896E-2 4.37003E-2 5.16232E-2 5.98466E-2 6.64924E-2 7.88378E-2 1.05596E-1 1.50715E-1 -9999 -9999 -9999 -9999 -9999 -9999 -9999 -9999 -9999
-9999 -9999 -9999 -9999 -9999 -9999 -9999 -9999 -9999 -9999 -9999 -9999 -9999 -9999 -9999 -9999 -9999 -9999 -9999 -9999 -9999 -9999 -9999 1.06109E-1 6.09769E-2 0E0 0E0 0E0 7.76511E-2 1.79732E-1 4.95727E-2 0E0 0E0 0E0 6.60864E-2 1.04148E-2 1.60044E-2 2.18475E-2 2.56712E-2 3.06326E-2 4.55721E-2 7.03142E-2 7.55817E-2 4.82585E-2 4.93582E-2 4.73158E-2 5.68072E-2 5.41948E-2 1.38701E-1 1.15472E-1 1.88815E-2 1.83489E-2 1.3283E-1 9.76063E-2 6.06455E-2 5.15008E-2 3.87588E-2 5.48609E-2 6.69794E-2 7.08113E-2 6.53694E-2 6.75236E-2 1.02322E-1 2.35325E-1 2.32242E-1 -9999 -9999 9.00554E-2 -9999 -9999 -9999 -9999
-9999 -9999 -9999 -9999 -9999 -9999 -9999 -9999 -9999 -9999 -9999 -9999 -9999 -9999 -9999 -9999 -9999 -9999 -9999 -9999 -9999 -9999 1.04874E-1 1.16713E-2 1.22497E-1 1.59432E-2 0E0 2.20568E-2 5.35251E-2 6.79846E-2 0E0 0E0 0E0 2.82891E-2 1.14858E-2 1.26026E-2 1.70709E-2 2.20141E-2 2.75461E-2 3.97901E-2 6.61236E-2 8.09601E-2 6.26319E-2 7.62749E-2 5.3767E-2 2.87817E-2 4.58319E-2 0E0 1.00445E-1 1.1921E-1 1.33087E-1 1.63998E-1 1.1918E-1 5.55986E-2 0E0 0E0 4.31849E-2 5.6107E-2 7.47303E-2 7.84787E-2 7.07104E-2 6.17525E-2 8.88556E-2 1.77536E-1 2.08615E-1 1.41427E-1 9.1935E-2 7.17068E-2 6.80885E-2 7.57845E-2 9.45552E-2 1.03126E-1
-9999 -9999 -9999 -9999 -9999 -9999 -9999 -9999 -9999 -9999 -9999 -9999 -9999 -9999 -9999 -9999 -9999 -9999 -9999 -9999 -9999 -9999 1.11881E-1 8.62157E-2 3.14914E-1 2.85821E-2 0E0 2.82495E-2 4.13163E-2 0E0 0E0 0E0 0E0 1.25626E-2 1.34102E-2 1.27434E-2 1.56418E-2 1.91992E-2 3.35718E-2 5.71497E-2 7.91929E-2 7.5096E-2 4.55867E-2 6.17588E-2 5.88363E-2 7.38515E-2 6.28821E-2 0E0 1.01662E-1 1.13199E-1 1.22705E-1 1.37952E-1 1.28264E-1 0E0 0E0 0E0 0E0 1.11633E-2 7.43784E-2 9.62978E-2 8.24727E-2 6.52451E-2 7.24089E-2 1.24275E-1 1.50094E-1 1.33215E-1 8.24782E-2 6.51098E-2 6.30095E-2 5.92995E-2 6.78548E-2 1.01274E-1
-9999 -9999 -9999 -9999 -9999 -9999 -9999 -9999 -9999 -9999 -9999 -9999 -9999 -9999 -9999 -9999 -9999 -9999 -9999 -9999 -9999 -9999 -9999 1.02689E-1 7.20442E-2 0E0 0E0 1.99321E-2 2.86991E-2 0E0 0E0 3.77886E-2 1.21196E-2 1.31765E-2 1.48629E-2 1.13005E-2 1.24361E-2 1.70874E-2 2.62285E-2 3.71458E-2 5.29288E-2 3.24576E-1 2.70747E-1 6.59086E-2 2.3428E-2 1.42515E-1 5.26633E-2 6.92343E-2 4.87373E-2 0E0 8.30934E-2 7.55803E-2 6.2981E-2 4.09163E-2 0E0 0E0 0E0 4.5897E-3 6.88648E-2 8.51415E-2 9.15173E-2 7.96925E-2 9.38322E-2 1.01052E-1 7.75468E-2 1.23532E-1 8.23383E-2 7.26946E-2 6.89648E-2 6.23618E-2 6.97365E-2 9.07822E-2
-9999 -9999 -9999 -9999 -9999 -9999 -9999 -9999 -9999 -9999 -9999 -9999 -9999 -9999 -9999 -9999 -9999 -9999 -9999 -9999 -9999 -9999 2.20586E-1 1.6402E-1 7.21716E-2 0E0 0E0 0E0 2.31455E-2 0E0 0E0 1.23108E-2 1.58616E-2 1.18842E-2 1.11923E-2 1.08263E-2 1.07501E-2 1.48416E-2 1.20455E-1 1.50031E-1 1.8222E-1 2.21872E-1 2.53033E-1 1.24246E-1 1.63658E-1 1.52326E-1 6.00839E-2 0E0 0E0 3.96959E-2 4.9569E-2 3.9442E-2 4.00815E-2 3.72856E-2 3.64914E-2 4.81864E-2 6.07646E-3 5.17716E-3 6.79517E-3 6.74385E-2 9.44423E-2 1.01668E-1 9.93534E-2 6.99666E-2 7.45619E-2 8.76998E-2 7.96668E-2 7.06433E-2 6.75508E-2 6.55392E-2 7.54698E-2 9.09923E-2
-9999 -9999 -9999 -9999 -9999 -9999 -9999 -9999 -9999 -9999 -9999 -9999 -9999 -9999 1.12531E-1 -9999 -9999 -9999 -9999 -9999 -9999 -9999 -9999 2.95798E-1 4.79507E-2 0E0 7.52744E-3 3.22425E-2 0E0 1.01862E-2 1.52926E-2 1.30739E-2 1.45339E-2 1.38275E-2 1.27203E-2 1.14618E-2 8.49773E-2 8.71782E-2 9.93357E-2 1.12125E-1 1.21704E-1 1.40757E-1 1.62975E-1 1.74712E-1 1.42784E-1 5.66406E-2 5.76913E-2 3.81153E-2 0E0 3.03902E-2 4.23787E-2 3.89056E-2 3.77529E-2 4.43765E-2 7.42462E-3 1.34211E-2 1.5669E-2 1.90393E-2 2.05313E-2 1.47784E-1 1.27591E-1 1.08557E-1 8.56465E-2 6.53584E-2 7.59847E-2 8.01045E-2 8.39535E-2 7.3424E-2 7.34992E-2 7.5168E-2 7.85228E-2 7.53795E-2
-9999 -9999 -9999 -9999 -9999 -9999 -9999 -9999 -9999 -9999 -9999 -9999 -9999 -9999 -9999 -9999 -9999 -9999 -9999 -9999 -9999 1.27024E-2 1.07365E-1 8.51335E-2 0E0 0E0 0E0 3.47508E-2 2.08016E-2 6.45654E-2 5.25802E-2 1.27434E-2 1.92434E-2 1.9648E-2 1.13202E-1 7.96008E-2 7.34784E-2 7.36475E-2 6.80864E-2 7.20509E-2 6.92574E-2 8.53813E-2 1.00156E-1 9.40789E-2 9.21109E-2 5.46006E-2 5.25106E-2 5.50397E-2 4.69982E-2 2.89821E-2 4.25232E-2 4.43831E-2 4.77306E-2 5.42932E-2 6.43967E-2 1.50761E-2 2.28119E-2 3.1921E-2 1.00963E-1 6.1346E-2 1.01153E-1 7.49933E-2 6.29739E-2 6.26154E-2 6.84091E-2 7.75071E-2 7.55055E-2 7.64241E-2 7.89489E-2 8.15389E-2 7.5611E-2 6.64684E-2
-9999 -9999 -9999 -9999 -9999 -9999 -9999 -9999 -9999 -9999 -9999 -9999 -9999 -9999 -9999 -9999 -9999 -9999 -9999 -9999 6.48946E-2 6.37747E-2 7.17467E-3 5.02256E-2 0E0 0E0 0E0 0E0 0E0 3.9069E-2 4.63169E-2 7.81993E-2 2.83353E-2 1.90313E-1 1.29975E-1 9.96518E-2 7.03397E-2 6.17591E-2 5.76267E-2 5.46662E-2 5.15432E-2 4.95253E-2 4.49005E-2 5.10517E-2 5.14017E-2 5.15026E-2 5.07241E-2 6.49861E-2 4.51831E-2 1.19992E-2 2.92487E-2 5.12631E-2 5.53544E-2 6.03575E-2 9.92524E-3 1.89134E-2 2.25186E-2 1.84779E-1 2.52115E-2 1.536E-2 8.30444E-2 5.75774E-2 5.79511E-2 6.15788E-2 6.04997E-2 6.78278E-2 7.01409E-2 7.50652E-2 7.93317E-2 7.65882E-2 7.17114E-2 6.64271E-2
-9999 -9999 -9999 -9999 -9999 -9999 -9999 -9999 -9999 -9999 -9999 -9999 -9999 -9999 -9999 -9999 -9999 -9999 -9999 -9999 9.31948E-2 5.56754E-2 4.35867E-2 0E0 0E0 0E0 0E0 0E0 3.86711E-2 4.99482E-2 5.33636E-2 8.93855E-2 1.49616E-1 1.65176E-1 1.27712E-1 7.47788E-2 5.97148E-2 5.70428E-2 5.42282E-2 4.95722E-2 4.41523E-2 3.66682E-2 3.01474E-2 2.46443E-2 2.65221E-2 4.45379E-2 4.66695E-2 4.44536E-2 4.82471E-2 5.38213E-2 5.5059E-2 6.13854E-2 6.21463E-2 6.26192E-2 8.80767E-2 1.4657E-2 1.48142E-1 9.49204E-2 1.28859E-1 6.4669E-2 6.28062E-2 5.84321E-2 5.78974E-2 5.17149E-2 4.81423E-2 4.37E-2 5.56162E-2 6.93613E-2 7.78975E-2 7.71509E-2 7.5131E-2 7.08777E-2
-9999 -9999 -9999 -9999 -9999 -9999 -9999 -9999 -9999 -9999 -9999 -9999 -9999 -9999 -9999 -9999 -9999 -9999 -9999 1.34182E-1 1.7737E-2 6.17797E-2 6.78521E-2 0E0 0E0 0E0 0E0 7.18901E-2 5.41651E-2 5.47539E-2 5.41602E-2 5.88051E-2 9.20387E-2 9.87127E-2 8.23777E-2 5.72581E-2 5.5944E-2 5.59312E-2 5.19531E-2 4.6283E-2 3.9852E-2 3.36237E-2 2.74245E-2 2.05E-2 2.57018E-2 3.84692E-2 3.922E-2 4.86964E-2 5.61231E-2 6.29729E-2 6.99483E-2 8.48147E-2 7.22199E-2 6.70105E-2 7.26414E-2 1.69835E-1 1.64075E-1 1.24934E-1 7.64768E-2 6.29432E-2 6.01236E-2 5.72687E-2 5.23469E-2 4.67668E-2 4.23295E-2 3.60274E-2 5.96659E-3 5.96714E-2 7.05743E-2 7.43911E-2 7.57314E-2 7.6787E-2
-9999 -9999 -9999 -9999 -9999 -9999 -9999 -9999 -9999 -9999 -9999 -9999 -9999 -9999 -9999 -9999 -9999 -9999 6.57229E-2 1.01849E-1 8.42485E-2 5.79524E-2 0E0 0E0 0E0 3.27869E-2 6.40061E-2 6.99903E-2 6.77597E-2 6.34342E-2 6.06029E-2 5.99355E-2 5.99014E-2 7.54804E-2 6.50841E-2 5.47028E-2 5.30422E-2 5.48732E-2 4.96913E-2 4.40962E-2 3.77922E-2 3.17335E-2 2.87579E-2 3.23074E-2 5.02719E-2 4.88711E-2 4.40998E-2 5.16811E-2 5.87919E-2 6.01715E-2 7.1644E-2 6.76877E-2 9.89564E-2 7.86041E-2 1.54302E-1 2.0161E-1 2.25767E-1 1.42132E-1 1.01296E-1 6.11044E-2 6.35153E-2 6.09866E-2 5.41984E-2 4.91167E-2 4.27238E-2 3.92581E-2 6.14161E-3 5.61294E-2 6.9759E-2 7.72358E-2 7.77436E-2 7.60985E-2
-9999 -9999 -9999 -9999 -9999 -9999 -9999 -9999 -9999 -9999 -9999 -9999 -9999 -9999 -9999 -9999 -9999 1.2987E-1 1.08135E-1 1.04652E-1 8.70482E-2 0E0 0E0 0E0 4.14089E-2 5.26369E-2 6.0824E-2 6.37957E-2 7.10309E-2 6.91753E-2 6.65196E-2 6.484E-2 6.42786E-2 6.86105E-2 6.02263E-2 5.199E-2 5.25738E-2 4.92308E-2 4.67418E-2 4.37008E-2 3.98884E-2 3.57305E-2 3.57587E-2 5.34592E-2 6.06607E-2 3.68046E-2 4.50183E-2 4.71386E-2 6.60217E-2 8.7628E-2 9.75114E-2 6.51279E-2 1.20804E-1 1.40205E-1 1.72317E-1 2.03807E-1 1.88084E-1 1.53058E-1 9.97469E-2 9.97199E-2 6.4216E-2 5.83508E-2 5.23966E-2 4.86334E-2 4.60239E-2 4.29418E-2 6.65102E-3 8.20368E-3 6.82638E-2 7.63739E-2 8.18169E-2 7.94713E-2
-9999 -9999 -9999 -9999 -9999 -9999 -9999 -9999 -9999 -9999 -9999 -9999 -9999 -9999 -9999 -9999 -9999 6.8835E-2 1.59649E-1 1.58205E-1 0E0 0E0 0E0 3.67869E-2 4.24951E-2 4.76467E-2 5.59232E-2 6.08624E-2 7.23934E-2 7.2638E-2 7.07727E-2 6.75711E-2 6.60861E-2 7.04491E-2 5.57304E-2 5.0872E-2 4.89927E-2 4.37658E-2 4.61782E-2 4.62042E-2 4.28016E-2 4.00094E-2 4.13117E-2 5.21835E-2 6.78716E-2 5.37728E-2 4.20161E-2 4.11275E-2 6.0974E-2 8.17933E-2 1.01428E-1 1.00738E-1 1.13767E-1 1.3175E-1 1.366E-1 1.63986E-1 1.64691E-1 1.05605E-1 1.03864E-1 9.92394E-2 7.46896E-2 8.8359E-2 7.12624E-2 5.63582E-2 5.34027E-2 4.85163E-2 4.8541E-2 5.85266E-2 6.78775E-2 7.08346E-2 7.67633E-2 7.8863E-2
-9999 -9999 -9999 -9999 -9999 -9999 -9999 -9999 -9999 -9999 -9999 -9999 -9999 -9999 -9999 -9999 -9999 2.65166E-2 9.36467E-2 1.27271E-1 0E0 0E0 0E0 3.58095E-2 3.70476E-2 4.27246E-2 5.19052E-2 5.33357E-2 5.87372E-2 6.83624E-2 6.70123E-2 6.62135E-2 6.28102E-2 6.01995E-2 5.18943E-2 4.55056E-2 4.28899E-2 4.13306E-2 4.74057E-2 4.74312E-2 4.43767E-2 4.4444E-2 4.61513E-2 4.93699E-2 5.37735E-2 5.92069E-2 5.55436E-2 6.04724E-2 5.92665E-2 7.1734E-2 8.02052E-2 9.35215E-2 9.79285E-2 1.061E-1 1.24647E-1 1.43488E-1 1.47313E-1 1.15653E-1 1.11133E-1 1.29918E-1 7.17377E-2 8.16116E-2 5.89894E-2 8.4864E-2 8.02681E-2 4.69257E-2 4.82625E-2 5.8676E-2 6.58E-2 7.13763E-2 7.52316E-2 8.1886E-2
-9999 -9999 -9999 -9999 -9999 -9999 -9999 -9999 -9999 -9999 -9999 -9999 -9999 -9999 -9999 -9999 6.47293E-3 3.08885E-3 1.26995E-1 8.92868E-2 0E0 0E0 0E0 4.00948E-2 3.52262E-2 4.15912E-2 4.75275E-2 4.88507E-2 5.25304E-2 5.62623E-2 5.93136E-2 5.95009E-2 5.37377E-2 5.08971E-2 4.63848E-2 4.28907E-2 3.87561E-2 4.60314E-2 5.18664E-2 5.0378E-2 4.79318E-2 4.67838E-2 4.69491E-2 4.95229E-2 5.0032E-2 5.10359E-2 4.88419E-2 5.09877E-2 5.4435E-2 5.55783E-2 7.82794E-2 8.971E-2 1.2438E-1 1.02456E-1 9.95757E-2 1.17915E-1 1.32236E-1 1.15131E-1 1.04312E-1 1.21776E-1 1.18818E-1 1.24283E-1 1.14948E-1 1.21897E-1 1.13447E-1 7.30438E-2 4.87775E-2 5.7039E-2 6.86001E-2 7.62085E-2 7.89501E-2 8.27146E-2
-9999 -9999 -9999 -9999 -9999 -9999 -9999 -9999 -9999 -9999 -9999 -9999 -9999 -9999 -9999 7.30237E-3 9.3852E-3 2.11613E-2 5.53397E-2 0E0 0E0 0E0 3.33793E-2 4.45425E-2 4.04731E-2 4.22843E-2 4.5878E-2 4.72873E-2 4.86691E-2 4.88874E-2 4.77367E-2 4.91315E-2 4.69939E-2 4.53412E-2 4.17323E-2 3.86191E-2 4.04761E-2 4.98744E-2 5.55757E-2 5.67152E-2 4.98175E-2 4.51354E-2 4.59602E-2 4.94292E-2 4.75195E-2 4.75912E-2 4.74638E-2 4.75047E-2 5.10565E-2 5.85088E-2 6.4985E-2 8.96456E-2 1.14039E-1 1.11859E-1 1.02794E-1 1.08588E-1 1.24553E-1 1.537E-1 1.53684E-1 1.23167E-1 1.54517E-1 1.21743E-1 1.37236E-1 1.65493E-1 1.79407E-1 1.48987E-1 8.60807E-2 5.73175E-2 6.29821E-2 7.01741E-2 7.78094E-2 1.06644E-1
-9999 -9999 -9999 -9999 -9999 -9999 -9999 -9999 -9999 -9999 -9999 -9999 -9999 -9999 -9999 -9999 1.17004E-2 1.28481E-2 7.76331E-2 0E0 0E0 0E0 2.94456E-2 4.07055E-2 3.8353E-2 3.84353E-2 4.24972E-2 4.46716E-2 4.46304E-2 4.34811E-2 3.88247E-2 3.89501E-2 3.94023E-2 4.11754E-2 3.89016E-2 3.71078E-2 4.39728E-2 5.24383E-2 6.08721E-2 6.78154E-2 4.62059E-2 4.22163E-2 4.4393E-2 4.56413E-2 4.56388E-2 4.72532E-2 4.56026E-2 4.47937E-2 4.73855E-2 5.17465E-2 6.30809E-2 6.63199E-2 8.36367E-2 9.045E-2 1.10672E-1 1.43287E-1 1.33538E-1 1.33094E-1 1.54798E-1 1.23883E-1 1.23418E-1 1.4205E-1 1.65209E-1 2.06807E-1 2.12885E-1 1.9613E-1 1.2556E-1 1.05727E-1 8.59872E-2 1.16504E-1 1.69036E-1 1.69811E-1
-9999 -9999 -9999 -9999 -9999 -9999 -9999 -9999 -9999 -9999 -9999 -9999 -9999 -9999 -9999 5.92363E-3 5.64007E-3 1.18563E-2 2.50224E-3 4.56154E-2 0E0 0E0 2.39789E-2 3.22325E-2 3.43418E-2 3.49473E-2 3.5352E-2 3.75393E-2 3.78155E-2 3.62411E-2 3.09922E-2 3.19222E-2 3.19942E-2 3.49893E-2 3.58411E-2 3.94209E-2 4.56208E-2 5.34765E-2 5.92216E-2 5.6693E-2 4.4575E-2 4.19304E-2 4.4091E-2 4.35064E-2 4.56854E-2 4.80106E-2 4.55833E-2 4.41003E-2 4.72985E-2 5.96403E-2 6.14398E-2 6.42846E-2 7.07606E-2 8.24558E-2 1.04919E-1 1.38445E-1 1.67244E-1 1.30851E-1 1.14585E-1 1.39999E-1 1.4273E-1 1.53886E-1 1.73044E-1 2.80525E-1 3.66587E-1 2.19908E-1 1.22828E-1 8.19572E-2 8.88342E-2 1.03143E-1 1.47185E-1 1.25541E-1
-9999 -9999 -9999 -9999 -9999 -9999 -9999 -9999 -9999 -9999 -9999 -9999 -9999 -9999 -9999 -9999 5.22844E-3 8.287E-4 3.59868E-3 0E0 0E0 0E0 3.43329E-2 2.9166E-2 2.99431E-2 3.08637E-2 3.11798E-2 3.10949E-2 3.04524E-2 2.82331E-2 2.90542E-2 3.10054E-2 3.32228E-2 3.59095E-2 3.89207E-2 4.22795E-2 4.83837E-2 5.37678E-2 5.70427E-2 5.26998E-2 4.37678E-2 4.54101E-2 4.82832E-2 4.78631E-2 4.94967E-2 5.18759E-2 5.19898E-2 5.35319E-2 7.14903E-2 6.5373E-2 6.73006E-2 6.93369E-2 6.94806E-2 8.318E-2 1.19829E-1 1.53448E-1 2.19403E-1 1.89418E-1 1.54429E-1 1.39804E-1 1.12684E-1 1.41593E-1 2.13415E-1 2.96064E-1 2.95478E-1 1.20854E-1 7.5058E-2 6.98838E-2 8.422E-2 9.35847E-2 1.04343E-1 9.94332E-2
-9999 -9999 -9999 -9999 -9999 -9999 -9999 -9999 -9999 -9999 -9999 -9999 -9999 -9999 -9999 -9999 -9999 4.23902E-3 2.61006E-2 0E0 0E0 0E0 3.1874E-2 3.1217E-2 3.12598E-2 3.1821E-2 3.13615E-2 2.97514E-2 2.69268E-2 2.67533E-2 3.02218E-2 3.35577E-2 3.83865E-2 4.11296E-2 4.33388E-2 4.52608E-2 4.97219E-2 5.35182E-2 5.74013E-2 5.72651E-2 5.39845E-2 5.40737E-2 5.34013E-2 5.29457E-2 5.44514E-2 5.41328E-2 5.81431E-2 7.26031E-2 1.05017E-1 9.3367E-2 8.38796E-2 7.72473E-2 7.78165E-2 9.83032E-2 1.12431E-1 1.73594E-1 2.17719E-1 2.71273E-1 2.48504E-1 1.6498E-1 1.36537E-1 1.36756E-1 1.58915E-1 1.75088E-1 1.82524E-1 1.30089E-1 6.96833E-2 6.08871E-2 7.01009E-2 7.55183E-2 7.8478E-2 7.35292E-2
-9999 -9999 -9999 -9999 -9999 -9999 -9999 -9999 -9999 -9999 -9999 -9999 -9999 -9999 -9999 -9999 1.26914E-3 5.08423E-3 0E0 0E0 0E0 4.80175E-3 2.95666E-2 3.26336E-2 3.30897E-2 3.30107E-2 3.59555E-2 3.50581E-2 2.93462E-2 2.86495E-2 3.36521E-2 3.68122E-2 4.00976E-2 4.42825E-2 4.55382E-2 4.63216E-2 4.75485E-2 4.8502E-2 5.43897E-2 5.96505E-2 6.1686E-2 5.68065E-2 5.565E-2 5.70094E-2 5.907E-2 6.04463E-2 6.32931E-2 8.70792E-2 1.03242E-1 9.21971E-2 8.39133E-2 7.83283E-2 8.15123E-2 9.94966E-2 1.20031E-1 1.37472E-1 1.73169E-1 1.90252E-1 1.78124E-1 1.50569E-1 1.16449E-1 1.09877E-1 1.17541E-1 1.4536E-1 1.14274E-1 1.09825E-1 6.83464E-2 5.83446E-2 6.28109E-2 6.8066E-2 6.43552E-2 6.04167E-2
-9999 -9999 -9999 -9999 -9999 -9999 -9999 -9999 -9999 -9999 -9999 -9999 -9999 -9999 -9999 0E0 0E0 9.50979E-4 0E0 0E0 0E0 1.55362E-2 2.91925E-2 4.02209E-2 3.90511E-2 3.91812E-2 3.83818E-2 3.79747E-2 3.72022E-2 3.53766E-2 3.77531E-2 4.3727E-2 4.28472E-2 4.49646E-2 4.55279E-2 4.16163E-2 4.18251E-2 4.7949E-2 5.40979E-2 5.86998E-2 5.93439E-2 5.75259E-2 5.58518E-2 5.92044E-2 6.13279E-2 6.58685E-2 7.00025E-2 8.20997E-2 8.53206E-2 8.85613E-2 7.74102E-2 8.06529E-2 7.98043E-2 9.40552E-2 9.89638E-2 1.08476E-1 1.25166E-1 1.34568E-1 1.12842E-1 1.11883E-1 1.06134E-1 1.06412E-1 1.03057E-1 1.0437E-1 9.26666E-2 1.16206E-1 9.53016E-2 5.48981E-2 6.11568E-2 6.21397E-2 5.80167E-2 5.66975E-2
-9999 -9999 -9999 -9999 -9999 -9999 -9999 -9999 -9999 -9999 -9999 -9999 -9999 -9999 -9999 0E0 0E0 0E0 0E0 0E0 0E0 2.76022E-2 3.23583E-2 4.36974E-2 4.7054E-2 4.42413E-2 4.38123E-2 4.78918E-2 5.39877E-2 5.86636E-2 4.94547E-2 4.12171E-2 4.44716E-2 4.58847E-2 4.52134E-2 4.2812E-2 4.23423E-2 4.95273E-2 5.57378E-2 6.17213E-2 6.14723E-2 6.14793E-2 6.08061E-2 6.28174E-2 6.821E-2 7.15194E-2 7.54237E-2 8.16674E-2 8.30884E-2 8.5489E-2 8.36728E-2 8.05067E-2 7.96545E-2 8.07382E-2 8.84845E-2 1.11131E-1 1.14608E-1 1.16813E-1 9.48624E-2 9.01981E-2 8.4327E-2 8.80017E-2 8.55621E-2 6.99438E-2 7.77108E-2 7.71798E-2 5.2544E-2 5.46618E-2 5.5084E-2 5.67813E-2 5.34508E-2 5.05248E-2
-9999 -9999 -9999 -9999 -9999 -9999 -9999 -9999 -9999 -9999 -9999 -9999 -9999 -9999 -9999 0E0 0E0 0E0 0E0 0E0 0E0 1.48431E-2 5.38341E-3 3.71987E-2 4.08124E-2 4.84092E-2 5.37721E-2 5.03005E-2 5.73186E-2 6.75067E-2 5.41527E-2 3.95523E-2 4.57945E-2 4.62515E-2 4.64402E-2 4.54019E-2 4.75836E-2 5.26505E-2 5.90713E-2 6.61294E-2 6.73922E-2 6.50894E-2 6.62368E-2 6.63041E-2 7.27638E-2 7.58463E-2 7.88775E-2 7.95877E-2 7.9667E-2 7.9488E-2 7.88559E-2 8.06938E-2 8.25001E-2 8.32028E-2 8.77144E-2 9.83775E-2 1.0207E-1 1.03525E-1 8.38952E-2 7.65121E-2 6.83598E-2 5.85775E-2 5.0411E-2 4.9046E-2 6.08131E-2 6.48909E-2 5.06122E-2 5.0964E-2 4.8477E-2 4.77719E-2 4.64104E-2 4.71913E-2
-9999 -9999 -9999 -9999 -9999 -9999 -9999 -9999 -9999 -9999 -9999 -9999 -9999 -9999 -9999 0E0 0E0 0E0 0E0 0E0 0E0 0E0 0E0 0E0 2.36133E-2 4.49391E-2 4.38824E-2 5.42562E-2 7.17231E-2 6.39649E-2 5.05623E-2 3.88007E-2 4.21852E-2 4.70634E-2 4.88424E-2 4.90955E-2 4.97757E-2 5.40084E-2 5.91852E-2 6.42331E-2 6.67295E-2 6.62684E-2 6.66653E-2 6.95711E-2 7.22621E-2 7.6669E-2 7.80363E-2 7.67846E-2 7.7083E-2 7.54478E-2 7.01962E-2 7.75029E-2 8.18064E-2 8.82024E-2 9.14653E-2 9.88769E-2 8.82935E-2 9.02375E-2 7.2508E-2 5.57978E-2 5.25258E-2 4.37822E-2 4.21829E-2 4.50782E-2 4.05744E-2 4.00408E-2 4.52236E-2 4.38206E-2 4.06796E-2 3.88145E-2 3.75234E-2 3.75719E-2
-9999 -9999 -9999 -9999 -9999 -9999 -9999 -9999 -9999 -9999 -9999 -9999 -9999 -9999 -9999 0E0 0E0 0E0 0E0 0E0 0E0 0E0 0E0 0E0 0E0 2.68247E-2 2.93102E-2 4.50692E-2 5.62963E-2 4.84348E-2 3.67135E-2 3.8174E-2 4.25325E-2 4.87902E-2 4.92921E-2 4.99735E-2 5.22102E-2 5.40551E-2 5.56208E-2 5.79705E-2 6.20995E-2 6.46091E-2 6.42821E-2 6.81378E-2 7.05254E-2 7.04129E-2 7.25634E-2 7.15424E-2 7.59374E-2 6.93658E-2 6.79E-2 7.04292E-2 7.18865E-2 7.45556E-2 7.31833E-2 7.83046E-2 7.16116E-2 7.12599E-2 5.20764E-2 4.61792E-2 3.94499E-2 3.79386E-2 3.78702E-2 2.68043E-2 2.61203E-2 2.71519E-2 2.74724E-2 2.74386E-2 2.86286E-2 2.66302E-2 2.73123E-2 2.83601E-2
-9999 -9999 -9999 -9999 -9999 -9999 -9999 -9999 -9999 -9999 -9999 -9999 -9999 -9999 -9999 -9999 0E0 0E0 0E0 0E0 0E0 0E0 0E0 0E0 8.87222E-3 9.08634E-3 1.58907E-2 3.30125E-2 3.63658E-2 3.07912E-2 3.19034E-2 3.94201E-2 4.3436E-2 4.936E-2 4.8748E-2 5.05532E-2 5.14277E-2 5.57863E-2 5.39528E-2 5.1925E-2 5.53846E-2 5.96252E-2 5.92254E-2 6.33199E-2 6.54564E-2 6.61203E-2 6.51943E-2 6.55461E-2 6.93844E-2 6.89735E-2 6.41482E-2 6.13716E-2 6.03826E-2 6.21475E-2 6.50461E-2 6.46961E-2 5.91357E-2 4.813E-2 3.88977E-2 3.50771E-2 2.9778E-2 2.22102E-2 1.88695E-2 1.70992E-2 1.39908E-2 1.33154E-2 1.48624E-2 1.58995E-2 1.66325E-2 1.62938E-2 1.52562E-2 1.48361E-2
-9999 -9999 -9999 -9999 -9999 -9999 -9999 -9999 -9999 -9999 -9999 -9999 -9999 -9999 -9999 -9999 -9999 -9999 0E0 0E0 0E0 0E0 0E0 0E0 1.77252E-2 1.0996E-2 1.56925E-2 2.74953E-2 2.18811E-2 2.70029E-2 3.24169E-2 3.98459E-2 4.55543E-2 4.87956E-2 4.6561E-2 4.80405E-2 5.43187E-2 5.72513E-2 5.36272E-2 4.87358E-2 4.88994E-2 4.93025E-2 5.36428E-2 5.94604E-2 6.38384E-2 6.24614E-2 5.75462E-2 5.57822E-2 6.22843E-2 6.32524E-2 5.77112E-2 5.13145E-2 4.87521E-2 5.01414E-2 5.20101E-2 5.28265E-2 4.73401E-2 3.76291E-2 2.96583E-2 2.33927E-2 1.96105E-2 1.41018E-2 9.69264E-3 8.63629E-3 7.67367E-3 7.33632E-3 7.44981E-3 8.40297E-3 8.21109E-3 8.122E-3 8.71643E-3 6.73732E-3
-9999 -9999 -9999 -9999 -9999 -9999 -9999 -9999 -9999 -9999 -9999 -9999 -9999 -9999 -9999 -9999 -9999 -9999 0E0 0E0 0E0 0E0 0E0 0E0 0E0 0E0 1.60593E-2 2.62186E-2 2.57828E-2 2.78053E-2 3.16578E-2 3.78846E-2 4.31942E-2 4.54762E-2 4.50099E-2 4.62086E-2 5.30602E-2 5.58647E-2 4.89932E-2 4.20916E-2 3.86182E-2 3.95407E-2 4.83812E-2 5.47865E-2 5.91075E-2 6.11909E-2 5.71391E-2 5.30764E-2 5.86952E-2 5.6223E-2 5.22461E-2 4.43335E-2 4.07374E-2 4.13299E-2 4.40444E-2 4.42303E-2 3.96884E-2 3.02247E-2 2.1879E-2 1.4756E-2 1.18545E-2 9.18348E-3 7.75783E-3 3.97992E-3 2.22626E-3 3.16174E-3 3.18727E-3 3.79218E-3 4.11293E-3 2.41138E-3 2.59909E-3 2.89791E-3
