final project/Practice/maxentOut/species_0_maxentOut.asc
ncols         186
nrows         192
xllcorner     -125.0
yllcorner     -56.0
cellsize      0.5
NODATA_value  -9999
[rows 87 to 115 of 192, columns 66 to 131 of 186]
-9999 -9999 -9999 -9999 -9999 -9999 -9999 -9999 -9999 -9999 -9999 -9999 -9999 -9999 -9999 -9999 -9999 -9999 -9999 -9999 -9999 -9999 2.69789E-3 9.10751E-3 9.572E-2 5.36525E-1 1.56812E-1 5.70634E-2 3.59341E-2 3.64995E-2 3.72236E-2 3.75982E-2 4.25265E-2 4.30796E-2 3.46877E-2 3.33196E-2 3.85887E-2 4.19394E-2 4.63305E-2 5.15695E-2 5.30376E-2 5.39537E-2 5.58306E-2 5.74354E-2 6.44447E-2 7.01196E-2 7.25262E-2 6.6227E-2 6.43829E-2 6.5491E-2 6.74082E-2 6.77252E-2 7.01655E-2 9.44768E-2 1.11234E-1 9.92868E-2 9.06722E-2 8.46167E-2 8.77412E-2 1.06798E-1 1.28084E-1 1.45894E-1 1.83479E-1 2.01704E-1 1.89316E-1 1.61401E-1
-9999 -9999 -9999 -9999 -9999 -9999 -9999 -9999 -9999 -9999 -9999 -9999 -9999 -9999 -9999 -9999 -9999 -9999 -9999 -9999 -9999 2.48694E-3 5.76248E-3 1.10565E-2 9.7076E-2 5.38986E-1 1.53177E-1 4.32021E-2 3.42205E-2 4.41034E-2 4.32316E-2 4.38405E-2 4.40281E-2 4.41998E-2 4.2975E-2 4.05714E-2 4.30143E-2 4.9224E-2 4.95186E-2 5.27842E-2 5.38979E-2 4.96853E-2 5.04036E-2 5.7283E-2 6.467E-2 7.02051E-2 7.16532E-2 6.81818E-2 6.46174E-2 6.75622E-2 6.91188E-2 7.34175E-2 7.76338E-2 8.98103E-2 9.29443E-2 9.60914E-2 8.42947E-2 8.78396E-2 8.69119E-2 1.01677E-1 1.06224E-1 1.16479E-1 1.34029E-1 1.44152E-1 1.21627E-1 1.21531E-1
-9999 -9999 -9999 -9999 -9999 -9999 -9999 -9999 -9999 -9999 -9999 -9999 -9999 -9999 -9999 -9999 -9999 -9999 -9999 -9999 -9999 1.72107E-3 1.31203E-3 2.11757E-3 3.38589E-1 5.43545E-1 1.82828E-1 4.17633E-2 3.93394E-2 4.83879E-2 5.21146E-2 4.89917E-2 4.87685E-2 5.39271E-2 6.15849E-2 6.65109E-2 5.60336E-2 4.76283E-2 5.26421E-2 5.48052E-2 5.45069E-2 5.211E-2 5.20761E-2 6.09662E-2 6.94329E-2 7.60919E-2 7.4986E-2 7.28963E-2 7.09151E-2 7.17048E-2 7.64622E-2 8.01893E-2 8.41175E-2 9.06329E-2 9.13125E-2 9.39629E-2 9.19576E-2 8.88884E-2 8.75225E-2 8.79328E-2 9.64058E-2 1.20709E-1 1.24507E-1 1.27452E-1 1.0384E-1 9.9644E-2
-9999 -9999 -9999 -9999 -9999 -9999 -9999 -9999 -9999 -9999 -9999 -9999 -9999 -9999 -9999 -9999 -9999 -9999 -9999 -9999 -9999 1.18334E-3 6.87718E-4 9.61144E-4 6.64563E-2 4.27045E-1 7.17176E-2 4.12476E-2 6.42007E-2 5.39681E-2 4.75142E-2 5.41971E-2 5.98906E-2 5.66485E-2 6.49797E-2 7.65856E-2 6.1774E-2 4.64077E-2 5.52109E-2 5.6911E-2 5.77805E-2 5.64811E-2 5.99106E-2 6.63367E-2 7.54327E-2 8.24921E-2 8.40817E-2 7.94325E-2 7.85747E-2 7.62253E-2 8.31217E-2 8.60992E-2 8.90054E-2 8.92831E-2 8.93725E-2 8.86729E-2 8.79643E-2 8.95472E-2 9.15615E-2 9.23454E-2 9.68863E-2 1.08205E-1 1.12837E-1 1.15043E-1 9.41424E-2 8.7429E-2
-9999 -9999 -9999 -9999 -9999 -9999 -9999 -9999 -9999 -9999 -9999 -9999 -9999 -9999 -9999 -9999 -9999 -9999 -9999 -9999 -9999 4.02049E-3 2.00419E-3 1.03766E-3 9.30261E-3 3.94679E-1 4.41428E-2 2.24735E-1 4.20491E-1 6.65412E-2 6.61776E-2 5.15762E-2 5.03593E-2 6.23147E-2 8.24913E-2 7.35222E-2 5.93859E-2 4.67436E-2 5.24577E-2 5.92513E-2 6.2276E-2 6.26011E-2 6.43181E-2 7.08216E-2 7.76779E-2 8.319E-2 8.64581E-2 8.36553E-2 8.05594E-2 8.33035E-2 8.43626E-2 8.88593E-2 8.97987E-2 8.77422E-2 8.75109E-2 8.5115E-2 7.91617E-2 8.7446E-2 9.29058E-2 9.95932E-2 1.0269E-1 1.10439E-1 9.96968E-2 1.03224E-1 8.46516E-2 6.61223E-2
-9999 -9999 -9999 -9999 -9999 -9999 -9999 -9999 -9999 -9999 -9999 -9999 -9999 -9999 -9999 -9999 -9999 -9999 -9999 -9999 -9999 5.11332E-3 3.37313E-3 2.9454E-3 2.87017E-3 3.05516E-1 3.63528E-1 2.89262E-1 4.48691E-1 4.03564E-1 7.5662E-2 4.1585E-2 3.63881E-2 5.38267E-2 6.67163E-2 5.78663E-2 4.51226E-2 4.80016E-2 5.56672E-2 6.39232E-2 6.55535E-2 6.64676E-2 6.94702E-2 7.30986E-2 7.52384E-2 7.84523E-2 8.41073E-2 8.3682E-2 8.11248E-2 8.40707E-2 8.52614E-2 8.4319E-2 8.54037E-2 8.41938E-2 8.80057E-2 8.03442E-2 7.92388E-2 8.15834E-2 8.32819E-2 8.6394E-2 8.47937E-2 9.07677E-2 8.42758E-2 8.5341E-2 6.41242E-2 5.81311E-2
-9999 -9999 -9999 -9999 -9999 -9999 -9999 -9999 -9999 -9999 -9999 -9999 -9999 -9999 -9999 -9999 -9999 -9999 -9999 -9999 -9999 -9999 7.64382E-3 4.08133E-3 4.69301E-3 4.30095E-2 5.46444E-2 3.67882E-1 4.14632E-1 2.69601E-1 2.9476E-2 1.76492E-2 2.85909E-2 4.14825E-2 4.51876E-2 3.91581E-2 4.23003E-2 5.31615E-2 6.06819E-2 6.90454E-2 6.81804E-2 6.83175E-2 6.95108E-2 7.54646E-2 7.41999E-2 7.26736E-2 7.7574E-2 8.20965E-2 8.017E-2 8.19952E-2 8.26206E-2 8.15605E-2 7.95615E-2 7.91969E-2 8.30782E-2 8.25826E-2 7.67656E-2 7.34213E-2 7.22306E-2 7.50618E-2 7.85883E-2 7.89489E-2 7.36989E-2 6.13612E-2 5.33341E-2 4.89181E-2
-9999 -9999 -9999 -9999 -9999 -9999 -9999 -9999 -9999 -9999 -9999 -9999 -9999 -9999 -9999 -9999 -9999 -9999 -9999 -9999 -9999 -9999 -9999 -9999 4.82323E-3 1.31817E-2 1.58918E-1 2.62674E-1 3.5669E-1 3.03467E-1 3.08087E-2 2.35062E-2 2.48905E-2 3.49504E-2 2.99037E-2 3.69394E-2 4.79967E-2 5.78455E-2 6.76771E-2 7.25544E-2 6.63423E-2 6.71806E-2 7.47087E-2 8.02213E-2 7.81159E-2 7.41717E-2 7.63057E-2 7.50462E-2 7.81389E-2 8.18669E-2 8.38515E-2 7.98025E-2 7.25547E-2 6.87188E-2 7.67914E-2 7.79945E-2 7.19099E-2 6.38856E-2 6.13916E-2 6.39446E-2 6.72287E-2 7.0298E-2 6.39366E-2 5.57881E-2 4.60156E-2 3.94342E-2
-9999 -9999 -9999 -9999 -9999 -9999 -9999 -9999 -9999 -9999 -9999 -9999 -9999 -9999 -9999 -9999 -9999 -9999 -9999 -9999 -9999 -9999 -9999 -9999 1.51841E-2 2.01764E-2 1.04663E-1 1.57129E-1 2.06056E-1 3.06233E-1 8.26408E-2 3.98418E-2 3.0023E-2 3.42252E-2 3.3654E-2 3.80429E-2 4.79521E-2 5.89212E-2 6.91051E-2 7.08899E-2 6.68587E-2 6.58348E-2 7.42807E-2 7.97703E-2 7.85321E-2 7.38738E-2 7.29654E-2 7.18699E-2 7.75355E-2 7.98276E-2 8.00085E-2 8.03377E-2 7.29442E-2 6.68772E-2 7.40153E-2 7.1765E-2 6.66494E-2 5.80414E-2 5.40953E-2 5.66961E-2 6.27205E-2 6.56873E-2 6.17598E-2 4.95406E-2 4.10116E-2 3.33992E-2
-9999 -9999 -9999 -9999 -9999 -9999 -9999 -9999 -9999 -9999 -9999 -9999 -9999 -9999 -9999 -9999 -9999 -9999 -9999 -9999 -9999 -9999 -9999 -9999 -9999 3.88158E-2 1.074E-1 1.16724E-2 2.1447E-2 1.96467E-1 2.62036E-1 8.31395E-2 3.89503E-2 3.07132E-2 3.34935E-2 3.57019E-2 4.54168E-2 5.6399E-2 6.64123E-2 6.91491E-2 6.81178E-2 6.82055E-2 7.09552E-2 7.55522E-2 7.76247E-2 7.20155E-2 6.80711E-2 6.91173E-2 7.305E-2 7.7318E-2 7.4183E-2 7.50413E-2 7.74188E-2 7.33649E-2 7.14292E-2 6.86178E-2 6.75826E-2 6.32021E-2 5.57962E-2 5.68273E-2 5.70541E-2 5.40087E-2 4.76454E-2 3.97034E-2 3.20365E-2 2.75551E-2
-9999 -9999 -9999 -9999 -9999 -9999 -9999 -9999 -9999 -9999 -9999 -9999 -9999 -9999 -9999 -9999 -9999 -9999 -9999 -9999 -9999 -9999 -9999 -9999 -9999 -9999 5.66099E-2 8.3218E-2 1.07279E-2 1.06944E-1 1.94398E-1 9.31031E-2 5.23726E-2 4.15803E-2 3.66959E-2 3.38957E-2 3.89164E-2 5.0531E-2 5.72725E-2 6.32437E-2 6.64102E-2 6.82361E-2 7.25981E-2 7.44056E-2 7.26009E-2 6.84083E-2 5.84132E-2 6.3289E-2 6.72445E-2 6.94624E-2 6.82478E-2 6.37531E-2 6.82478E-2 6.98788E-2 6.86569E-2 6.67528E-2 6.8401E-2 6.77504E-2 5.96492E-2 5.03408E-2 4.47467E-2 4.43737E-2 3.90732E-2 3.16579E-2 2.62531E-2 2.2526E-2
-9999 -9999 -9999 -9999 -9999 -9999 -9999 -9999 -9999 -9999 -9999 -9999 -9999 -9999 -9999 -9999 -9999 -9999 -9999 -9999 -9999 -9999 -9999 -9999 -9999 -9999 4.3653E-2 6.46928E-2 8.25741E-3 8.76599E-2 1.45153E-1 2.12706E-1 1.11258E-1 4.98428E-2 4.35445E-2 3.7417E-2 3.91742E-2 4.589E-2 5.42979E-2 5.98378E-2 6.1608E-2 6.41397E-2 6.9615E-2 7.23148E-2 7.05156E-2 6.33923E-2 5.40874E-2 6.08882E-2 6.47772E-2 6.46965E-2 6.43904E-2 6.33335E-2 5.73949E-2 6.0925E-2 6.37678E-2 6.5966E-2 7.01989E-2 6.87507E-2 6.0002E-2 4.56219E-2 3.90943E-2 2.94875E-2 2.81363E-2 2.56193E-2 2.21032E-2 1.83636E-2
-9999 -9999 -9999 -9999 -9999 -9999 -9999 -9999 -9999 -9999 -9999 -9999 -9999 -9999 -9999 -9999 -9999 -9999 -9999 -9999 -9999 -9999 -9999 -9999 -9999 -9999 -9999 5.21386E-2 8.4799E-2 9.76901E-3 1.40798E-1 1.62502E-1 1.55819E-1 5.59559E-2 4.88488E-2 4.39755E-2 4.21591E-2 4.77685E-2 5.18215E-2 5.6135E-2 5.61816E-2 6.17408E-2 6.5151E-2 6.73454E-2 6.4459E-2 6.18021E-2 6.07087E-2 6.43944E-2 6.19514E-2 6.19637E-2 5.88199E-2 5.8808E-2 5.1505E-2 4.91998E-2 5.59816E-2 6.31152E-2 6.61766E-2 5.7481E-2 4.75886E-2 2.78218E-2 2.02234E-2 1.77262E-2 1.85461E-2 2.15924E-2 2.22046E-2 1.89007E-2
-9999 -9999 -9999 -9999 -9999 -9999 -9999 -9999 -9999 -9999 -9999 -9999 -9999 -9999 -9999 -9999 -9999 -9999 -9999 -9999 -9999 -9999 -9999 -9999 -9999 -9999 -9999 4.4996E-2 8.76296E-2 9.97118E-2 2.16538E-2 2.3646E-1 2.45488E-1 1.24239E-1 5.7393E-2 8.67469E-2 4.34186E-2 4.29282E-2 4.60213E-2 5.0825E-2 5.47925E-2 5.78988E-2 5.87548E-2 5.81244E-2 5.32405E-2 5.50099E-2 5.90011E-2 6.01481E-2 5.64524E-2 5.54433E-2 5.13555E-2 4.89763E-2 4.56791E-2 4.22762E-2 4.76374E-2 5.60731E-2 5.74395E-2 4.82536E-2 3.52622E-2 1.59368E-2 1.43538E-2 1.95179E-2 1.92477E-2 2.24405E-2 2.55757E-2 2.16747E-2
-9999 -9999 -9999 -9999 -9999 -9999 -9999 -9999 -9999 -9999 -9999 -9999 -9999 -9999 -9999 -9999 -9999 -9999 -9999 -9999 -9999 -9999 -9999 -9999 -9999 -9999 -9999 -9999 5.51082E-2 1.05637E-1 1.95539E-1 4.95421E-2 3.10229E-1 3.93118E-1 1.7486E-1 1.59237E-1 4.09889E-2 3.84357E-2 4.3455E-2 4.64755E-2 5.21414E-2 5.66071E-2 5.70896E-2 5.45646E-2 4.75231E-2 4.17903E-2 4.40433E-2 5.24068E-2 4.99692E-2 4.39584E-2 3.80061E-2 3.20652E-2 4.02094E-2 3.2437E-2 3.8012E-2 4.87057E-2 4.98135E-2 3.74745E-2 2.60008E-2 2.38626E-2 1.92209E-2 2.44521E-2 2.60377E-2 3.1669E-2 3.22675E-2 2.62421E-2
-9999 -9999 -9999 -9999 -9999 -9999 -9999 -9999 -9999 -9999 -9999 -9999 -9999 -9999 -9999 -9999 -9999 -9999 -9999 -9999 -9999 -9999 -9999 -9999 -9999 -9999 -9999 -9999 3.85488E-2 5.86757E-2 1.49604E-1 3.99848E-2 2.21385E-1 3.25719E-1 3.31285E-1 9.9434E-2 5.79409E-2 3.6563E-2 4.16509E-2 4.42521E-2 5.06447E-2 5.75542E-2 5.69717E-2 5.37564E-2 4.62628E-2 3.77089E-2 3.4035E-2 3.91832E-2 3.95991E-2 3.17754E-2 2.55955E-2 2.22356E-2 2.80207E-2 2.83399E-2 2.82278E-2 3.23982E-2 3.21757E-2 2.83713E-2 2.5074E-2 2.48602E-2 3.04109E-2 3.64564E-2 4.69339E-2 4.85839E-2 4.69056E-2 3.36348E-2
-9999 -9999 -9999 -9999 -9999 -9999 -9999 -9999 -9999 -9999 -9999 -9999 -9999 -9999 -9999 -9999 -9999 -9999 -9999 -9999 -9999 -9999 -9999 -9999 -9999 -9999 -9999 -9999 4.52671E-2 3.82773E-2 7.81298E-2 2.03935E-2 1.41181E-1 2.61765E-2 2.08556E-1 1.37465E-1 1.6206E-1 3.5552E-2 4.03216E-2 4.45277E-2 5.16325E-2 5.96608E-2 6.30524E-2 5.21406E-2 4.45929E-2 3.54956E-2 3.41264E-2 3.30301E-2 3.12609E-2 3.48963E-3 2.1851E-2 2.74844E-3 2.20661E-2 2.36518E-2 2.01219E-2 2.45124E-2 2.37094E-2 2.09859E-2 2.06961E-2 3.19582E-2 3.67759E-2 4.30218E-2 6.50241E-2 7.63921E-2 9.37401E-3 7.18374E-3
-9999 -9999 -9999 -9999 -9999 -9999 -9999 -9999 -9999 -9999 -9999 -9999 -9999 -9999 -9999 -9999 -9999 -9999 -9999 -9999 -9999 -9999 -9999 -9999 -9999 -9999 -9999 -9999 -9999 3.15824E-2 3.04336E-2 1.06046E-1 1.88163E-2 1.26086E-1 1.47729E-1 1.43953E-1 1.31473E-1 1.02377E-1 4.36773E-2 1.43675E-1 1.08518E-1 6.4453E-2 6.77175E-2 6.50877E-2 5.34712E-2 4.07211E-2 3.78338E-2 3.37943E-2 4.21179E-3 3.40841E-3 2.91156E-3 2.01586E-2 2.73997E-3 1.89435E-2 1.51926E-2 1.44446E-2 1.6418E-2 1.67364E-2 1.87426E-2 3.42288E-2 5.15431E-2 5.00565E-2 7.57783E-2 1.78795E-2 1.4813E-2 9.05219E-3
-9999 -9999 -9999 -9999 -9999 -9999 -9999 -9999 -9999 -9999 -9999 -9999 -9999 -9999 -9999 -9999 -9999 -9999 -9999 -9999 -9999 -9999 -9999 -9999 -9999 -9999 -9999 -9999 -9999 -9999 2.1862E-2 5.4601E-2 1.18044E-1 1.49394E-2 1.12848E-1 1.05618E-1 1.17176E-1 7.26746E-2 8.6331E-2 1.43899E-1 2.58293E-1 7.61125E-2 8.57222E-2 8.01032E-2 6.65463E-2 5.37201E-2 6.3973E-3 5.59886E-3 4.31511E-3 2.50278E-2 2.07048E-2 2.5518E-3 2.20149E-3 2.3719E-3 1.7479E-3 1.5344E-3 1.32441E-2 1.45205E-2 1.57454E-2 2.27982E-2 3.32921E-2 5.74829E-2 1.08464E-1 2.86863E-2 2.12291E-2 1.3776E-2
-9999 -9999 -9999 -9999 -9999 -9999 -9999 -9999 -9999 -9999 -9999 -9999 -9999 -9999 -9999 -9999 -9999 -9999 -9999 -9999 -9999 -9999 -9999 -9999 -9999 -9999 -9999 -9999 -9999 -9999 2.09782E-2 1.74592E-2 5.48577E-2 1.17965E-2 1.21595E-2 7.22593E-2 8.99427E-2 1.12616E-1 1.22764E-2 3.82246E-2 6.06681E-3 2.79045E-1 3.46561E-1 1.09778E-1 8.26088E-2 6.65811E-2 5.44908E-2 4.4321E-2 3.5534E-2 2.64027E-2 3.00738E-3 2.47117E-3 2.11584E-3 1.36533E-2 1.84617E-3 1.81631E-3 2.08498E-3 2.12457E-3 1.90218E-2 3.36106E-3 3.21592E-2 3.3896E-2 6.61495E-2 8.92289E-2 1.23564E-1 1.56767E-2
-9999 -9999 -9999 -9999 -9999 -9999 -9999 -9999 -9999 -9999 -9999 -9999 -9999 -9999 -9999 -9999 -9999 -9999 -9999 -9999 -9999 -9999 -9999 -9999 -9999 -9999 -9999 -9999 -9999 -9999 -9999 1.89047E-2 1.05056E-2 6.22975E-2 8.32753E-3 7.69992E-3 5.62537E-2 7.06947E-3 5.6746E-3 3.31035E-2 2.89921E-3 1.23145E-3 1.59452E-3 1.91379E-1 5.56745E-1 2.7667E-1 9.01291E-2 5.79479E-2 3.71737E-2 2.65636E-2 3.04E-3 2.69167E-3 2.32724E-3 1.5362E-2 1.98062E-3 2.03834E-3 1.50721E-2 2.01132E-3 2.43196E-3 2.63583E-2 3.01874E-2 3.19958E-2 1.15477E-2 5.51321E-2 1.05158E-1 1.74783E-2
-9999 -9999 -9999 -9999 -9999 -9999 -9999 -9999 -9999 -9999 -9999 -9999 -9999 -9999 -9999 -9999 -9999 -9999 -9999 -9999 -9999 -9999 -9999 -9999 -9999 -9999 -9999 -9999 -9999 -9999 -9999 1.45535E-2 4.92584E-3 8.91272E-3 4.81747E-2 6.53921E-3 7.26517E-3 4.62032E-2 3.40203E-3 1.77366E-2 1.52612E-3 5.13783E-3 5.28579E-4 8.74624E-4 6.86056E-3 6.81457E-1 6.68569E-1 2.50103E-1 3.93205E-2 3.30915E-3 2.9797E-3 2.95178E-3 2.71387E-3 2.39788E-3 2.24464E-3 1.59883E-2 2.02556E-3 1.46257E-2 2.09305E-3 1.96253E-2 2.00086E-2 2.2096E-2 1.1151E-2 3.79439E-2 4.35515E-2 1.75142E-2
-9999 -9999 -9999 -9999 -9999 -9999 -9999 -9999 -9999 -9999 -9999 -9999 -9999 -9999 -9999 -9999 -9999 -9999 -9999 -9999 -9999 -9999 -9999 -9999 -9999 -9999 -9999 -9999 -9999 -9999 -9999 -9999 1.13915E-2 3.53377E-3 1.5682E-2 5.25179E-2 7.79109E-3 5.26483E-2 1.95156E-3 1.3417E-3 8.59701E-4 4.37087E-4 2.1696E-4 7.49139E-4 2.86714E-3 6.84436E-3 7.05401E-1 5.11923E-1 5.71834E-2 2.7448E-2 3.26711E-3 3.53935E-3 3.94419E-3 3.10702E-3 2.57562E-3 1.67622E-2 1.45777E-2 1.41577E-2 1.42262E-2 1.22743E-2 1.55398E-2 1.62557E-2 2.56813E-2 3.8578E-2 5.9882E-3 6.03198E-2
-9999 -9999 -9999 -9999 -9999 -9999 -9999 -9999 -9999 -9999 -9999 -9999 -9999 -9999 -9999 -9999 -9999 -9999 -9999 -9999 -9999 -9999 -9999 -9999 -9999 -9999 -9999 -9999 -9999 -9999 -9999 -9999 -9999 1.04321E-2 7.19845E-3 2.48119E-2 5.52564E-2 3.96631E-2 1.7984E-3 1.06691E-3 7.79343E-4 5.45473E-4 6.99632E-4 1.95415E-3 1.24719E-2 1.48404E-2 3.26125E-1 2.13147E-1 9.71568E-2 6.46965E-2 2.94295E-2 2.94651E-2 4.20777E-3 3.96186E-3 2.93814E-3 2.57948E-3 1.54314E-2 1.20073E-2 1.0334E-2 1.13952E-2 1.29169E-2 1.36877E-2 1.4145E-2 1.8146E-2 1.80815E-2 2.52789E-2
-9999 -9999 -9999 -9999 -9999 -9999 -9999 -9999 -9999 -9999 -9999 -9999 -9999 -9999 -9999 -9999 -9999 -9999 -9999 -9999 -9999 -9999 -9999 -9999 -9999 -9999 -9999 -9999 -9999 -9999 -9999 -9999 -9999 -9999 2.90578E-2 3.08453E-2 3.28102E-2 3.7097E-2 2.10984E-2 1.75179E-2 7.44623E-4 6.87654E-4 1.26259E-3 3.89992E-3 3.51201E-2 3.12865E-2 9.37892E-2 5.51488E-2 1.61648E-1 1.47244E-1 9.12978E-2 3.43484E-2 4.13483E-3 3.89039E-3 2.65974E-2 2.37665E-2 1.83637E-2 1.09108E-2 1.28212E-2 1.52378E-2 1.4326E-2 1.27531E-2 4.96229E-2 5.51302E-2 3.2076E-3 5.84206E-3
-9999 -9999 -9999 -9999 -9999 -9999 -9999 -9999 -9999 -9999 -9999 -9999 -9999 -9999 -9999 -9999 -9999 -9999 -9999 -9999 -9999 -9999 -9999 -9999 -9999 -9999 -9999 -9999 -9999 -9999 -9999 -9999 -9999 -9999 -9999 3.53669E-2 5.03212E-2 5.01541E-2 4.10739E-2 3.18029E-2 2.22599E-2 9.37811E-4 1.65856E-2 3.79238E-3 1.54058E-2 2.01966E-2 6.07679E-3 6.57861E-3 2.77163E-1 1.80989E-1 1.9129E-1 9.69993E-2 3.16372E-2 3.08699E-2 2.9915E-2 2.86889E-2 2.45199E-2 1.08016E-2 1.402E-2 1.98284E-2 1.49256E-2 1.02857E-2 1.08657E-2 6.0449E-2 3.235E-3 2.96485E-3
-9999 -9999 -9999 -9999 -9999 -9999 -9999 -9999 -9999 -9999 -9999 -9999 -9999 -9999 -9999 -9999 -9999 -9999 -9999 -9999 -9999 -9999 -9999 -9999 -9999 -9999 -9999 -9999 -9999 -9999 -9999 -9999 -9999 -9999 -9999 -9999 -9999 3.11158E-2 3.8003E-2 4.72289E-2 3.27238E-2 2.83901E-2 2.15745E-2 1.86384E-3 3.35629E-3 4.5917E-3 2.31506E-3 1.48321E-3 2.27058E-2 9.44962E-2 1.30278E-1 1.67777E-1 8.40819E-2 3.47347E-2 3.42716E-2 3.45215E-2 3.11842E-2 1.97662E-2 1.04962E-2 1.171E-2 1.20983E-2 1.18471E-2 1.42163E-2 1.76595E-2 1.57742E-2 4.29879E-2
-9999 -9999 -9999 -9999 -9999 -9999 -9999 -9999 -9999 -9999 -9999 -9999 -9999 -9999 -9999 -9999 -9999 -9999 -9999 -9999 -9999 -9999 -9999 -9999 -9999 -9999 -9999 -9999 -9999 -9999 -9999 -9999 -9999 -9999 -9999 -9999 -9999 -9999 -9999 3.25544E-2 4.20048E-2 3.2931E-2 2.68648E-2 1.60001E-2 1.07865E-3 1.06807E-3 7.57749E-4 5.27216E-4 6.12021E-4 1.18353E-3 3.77667E-3 3.10441E-2 1.17985E-1 9.20348E-2 6.46926E-2 4.39327E-2 3.86231E-2 1.48893E-2 8.75733E-3 7.17911E-3 6.63781E-3 7.2805E-3 1.0137E-2 2.08131E-2 2.03398E-2 1.06163E-2
-9999 -9999 -9999 -9999 -9999 -9999 -9999 -9999 -9999 -9999 -9999 -9999 -9999 -9999 -9999 -9999 -9999 -9999 -9999 -9999 -9999 -9999 -9999 -9999 -9999 -9999 -9999 -9999 -9999 -9999 -9999 -9999 -9999 -9999 -9999 -9999 -9999 -9999 -9999 -9999 -9999 4.14721E-2 2.2715E-2 1.87112E-2 5.84332E-4 5.04308E-4 4.44004E-4 3.45627E-4 3.84217E-4 3.09721E-4 6.28781E-4 5.36052E-3 1.51035E-3 1.35335E-3 9.72895E-2 1.60524E-1 8.7102E-2 1.74322E-2 5.07565E-3 4.73727E-3 4.49953E-3 4.77468E-3 6.52548E-3 1.1391E-2 1.11423E-2 1.35634E-2
