final project/Practice/maxentOut/species_2_maxentOut_novel.asc
ncols         186
nrows         192
xllcorner     -125.0
yllcorner     -56.0
cellsize      0.5
NODATA_value  -9999
[rows 87 to 115 of 192, columns 66 to 131 of 186]
-9999 -9999 -9999 -9999 -9999 -9999 -9999 -9999 -9999 -9999 -9999 -9999 -9999 -9999 -9999 -9999 -9999 -9999 -9999 -9999 -9999 -9999 -3.09735E0 -3.9823E0 8.20765E-2 1.23115E-1 8.61804E-1 -4.42478E-1 -8.40708E0 -1.08407E1 -1.06195E1 -1.0177E1 -9.0708E0 -8.18584E0 -9.0708E0 -9.51327E0 -9.95575E0 -1.0177E1 -9.73451E0 -9.51327E0 -9.51327E0 -9.51327E0 -9.29204E0 -9.0708E0 -9.0708E0 -9.29204E0 -9.29204E0 -9.51327E0 -9.73451E0 -9.95575E0 -1.0177E1 -1.08407E1 -1.12832E1 -1.23894E1 -1.28319E1 -1.28319E1 -1.26106E1 -1.26106E1 -1.28319E1 -1.30531E1 -1.34956E1 -1.39381E1 -1.41593E1 -1.41593E1 -1.39381E1 -1.32743E1
-9999 -9999 -9999 -9999 -9999 -9999 -9999 -9999 -9999 -9999 -9999 -9999 -9999 -9999 -9999 -9999 -9999 -9999 -9999 -9999 -9999 2.77008E0 1.53894E0 -4.42478E-1 4.08331E0 1.25167E0 2.50333E0 -2.21239E0 -9.29204E0 -1.17257E1 -1.12832E1 -1.08407E1 -9.95575E0 -9.51327E0 -9.73451E0 -9.95575E0 -1.0177E1 -1.06195E1 -9.73451E0 -9.29204E0 -9.0708E0 -8.84956E0 -8.62832E0 -8.84956E0 -8.84956E0 -8.84956E0 -8.62832E0 -9.0708E0 -9.73451E0 -1.0177E1 -1.06195E1 -1.10619E1 -1.12832E1 -1.19469E1 -1.21681E1 -1.23894E1 -1.21681E1 -1.21681E1 -1.21681E1 -1.26106E1 -1.30531E1 -1.30531E1 -1.32743E1 -1.32743E1 -1.28319E1 -1.23894E1
-9999 -9999 -9999 -9999 -9999 -9999 -9999 -9999 -9999 -9999 -9999 -9999 -9999 -9999 -9999 -9999 -9999 -9999 -9999 -9999 -9999 2.03139E0 1.53894E0 1.23115E-1 4.20642E0 2.50333E0 1.94932E0 -5.30973E0 -8.40708E0 -1.12832E1 -1.12832E1 -1.12832E1 -1.10619E1 -1.06195E1 -1.0177E1 -1.03982E1 -1.03982E1 -9.73451E0 -9.0708E0 -8.84956E0 -8.62832E0 -8.40708E0 -8.18584E0 -8.18584E0 -7.9646E0 -8.18584E0 -8.40708E0 -9.0708E0 -9.51327E0 -1.0177E1 -1.08407E1 -1.08407E1 -1.10619E1 -1.12832E1 -1.17257E1 -1.17257E1 -1.17257E1 -1.15044E1 -1.17257E1 -1.21681E1 -1.21681E1 -1.23894E1 -1.23894E1 -1.21681E1 -1.19469E1 -1.15044E1
-9999 -9999 -9999 -9999 -9999 -9999 -9999 -9999 -9999 -9999 -9999 -9999 -9999 -9999 -9999 -9999 -9999 -9999 -9999 -9999 -9999 1.62101E0 7.59208E-1 8.20765E-2 1.40556E1 3.13943E0 2.05191E-1 -2.21239E0 -4.42478E-1 -5.75221E0 -9.51327E0 -1.08407E1 -1.10619E1 -1.06195E1 -1.03982E1 -1.03982E1 -1.0177E1 -9.29204E0 -8.62832E0 -8.18584E0 -7.9646E0 -7.9646E0 -7.74336E0 -7.74336E0 -7.52212E0 -7.9646E0 -7.9646E0 -8.40708E0 -9.0708E0 -9.95575E0 -1.0177E1 -1.03982E1 -1.06195E1 -1.08407E1 -1.08407E1 -1.10619E1 -1.10619E1 -1.12832E1 -1.12832E1 -1.12832E1 -1.15044E1 -1.17257E1 -1.15044E1 -1.12832E1 -1.08407E1 -1.0177E1
-9999 -9999 -9999 -9999 -9999 -9999 -9999 -9999 -9999 -9999 -9999 -9999 -9999 -9999 -9999 -9999 -9999 -9999 -9999 -9999 -9999 1.62101E0 7.59208E-1 8.20765E-2 1.53894E0 4.76044E0 8.20765E-2 1.94932E0 1.68257E0 4.10383E-2 -2.21239E0 -9.95575E0 -9.95575E0 -9.95575E0 -9.95575E0 -9.95575E0 -9.29204E0 -8.62832E0 -7.9646E0 -7.74336E0 -7.52212E0 -7.52212E0 -7.30088E0 -7.07965E0 -7.07965E0 -7.30088E0 -7.30088E0 -7.74336E0 -8.62832E0 -8.84956E0 -9.51327E0 -9.73451E0 -9.95575E0 -1.0177E1 -1.03982E1 -1.06195E1 -1.06195E1 -1.06195E1 -1.03982E1 -1.06195E1 -1.08407E1 -1.10619E1 -1.06195E1 -1.0177E1 -9.51327E0 -9.0708E0
-9999 -9999 -9999 -9999 -9999 -9999 -9999 -9999 -9999 -9999 -9999 -9999 -9999 -9999 -9999 -9999 -9999 -9999 -9999 -9999 -9999 1.62101E0 1.47738E0 2.87268E-1 2.05191E-1 1.8262E1 1.21884E1 8.06402E0 8.06402E0 3.13943E0 4.51421E-1 -5.0885E0 -7.9646E0 -8.84956E0 -9.0708E0 -8.84956E0 -8.18584E0 -7.74336E0 -7.07965E0 -7.07965E0 -6.85841E0 -6.85841E0 -6.85841E0 -6.63717E0 -6.63717E0 -6.63717E0 -6.63717E0 -7.30088E0 -7.74336E0 -8.18584E0 -8.62832E0 -8.84956E0 -9.29204E0 -9.29204E0 -9.73451E0 -9.73451E0 -9.51327E0 -9.73451E0 -9.73451E0 -9.73451E0 -9.73451E0 -9.73451E0 -9.29204E0 -8.84956E0 -8.18584E0 -7.74336E0
-9999 -9999 -9999 -9999 -9999 -9999 -9999 -9999 -9999 -9999 -9999 -9999 -9999 -9999 -9999 -9999 -9999 -9999 -9999 -9999 -9999 -9999 1.19011E0 7.59208E-1 7.59208E-1 2.08064E1 1.91444E1 2.2571E1 2.40689E1 8.06402E0 -1.76991E0 -3.53982E0 -3.9823E0 -7.74336E0 -7.9646E0 -7.52212E0 -6.85841E0 -6.63717E0 -6.19469E0 -6.19469E0 -6.19469E0 -6.63717E0 -6.63717E0 -6.63717E0 -6.41593E0 -6.19469E0 -6.19469E0 -6.41593E0 -6.63717E0 -7.30088E0 -7.74336E0 -8.18584E0 -8.40708E0 -8.62832E0 -8.84956E0 -8.84956E0 -8.84956E0 -8.84956E0 -8.84956E0 -8.62832E0 -8.62832E0 -8.40708E0 -7.9646E0 -7.52212E0 -6.41593E0 -6.19469E0
-9999 -9999 -9999 -9999 -9999 -9999 -9999 -9999 -9999 -9999 -9999 -9999 -9999 -9999 -9999 -9999 -9999 -9999 -9999 -9999 -9999 -9999 -9999 -9999 1.31322E0 6.52508E0 2.56079E1 1.92675E1 2.2571E1 2.18734E1 -4.20354E0 -3.09735E0 -4.86726E0 -7.52212E0 -6.41593E0 -6.41593E0 -5.53097E0 -5.75221E0 -5.53097E0 -5.53097E0 -5.97345E0 -6.19469E0 -6.41593E0 -6.19469E0 -5.75221E0 -5.30973E0 -5.0885E0 -5.30973E0 -5.75221E0 -6.41593E0 -7.07965E0 -7.52212E0 -7.74336E0 -8.18584E0 -8.18584E0 -8.18584E0 -7.9646E0 -7.9646E0 -7.74336E0 -7.52212E0 -7.30088E0 -6.85841E0 -6.63717E0 -5.53097E0 -5.0885E0 -4.42478E0
-9999 -9999 -9999 -9999 -9999 -9999 -9999 -9999 -9999 -9999 -9999 -9999 -9999 -9999 -9999 -9999 -9999 -9999 -9999 -9999 -9999 -9999 -9999 -9999 6.56612E-1 2.15451E0 1.65384E1 1.88571E1 2.17092E1 2.62645E1 6.56612E-1 2.05191E-2 -3.76106E0 -7.07965E0 -7.07965E0 -6.41593E0 -5.30973E0 -5.0885E0 -4.86726E0 -5.0885E0 -5.53097E0 -5.97345E0 -6.19469E0 -5.97345E0 -4.86726E0 -4.20354E0 -3.76106E0 -3.9823E0 -4.86726E0 -5.75221E0 -6.63717E0 -7.07965E0 -7.52212E0 -7.74336E0 -7.74336E0 -7.52212E0 -7.52212E0 -7.07965E0 -6.85841E0 -6.41593E0 -5.97345E0 -5.53097E0 -5.0885E0 -4.64602E0 -3.76106E0 -2.87611E0
-9999 -9999 -9999 -9999 -9999 -9999 -9999 -9999 -9999 -9999 -9999 -9999 -9999 -9999 -9999 -9999 -9999 -9999 -9999 -9999 -9999 -9999 -9999 -9999 -9999 4.51421E-1 4.08331E0 1.8262E1 1.46507E1 1.99651E1 3.36924E1 1.04648E0 -8.84956E-1 -5.97345E0 -7.07965E0 -6.63717E0 -5.53097E0 -5.0885E0 -5.0885E0 -4.86726E0 -5.0885E0 -5.53097E0 -5.75221E0 -5.0885E0 -3.9823E0 -2.65487E0 -2.21239E0 -2.87611E0 -3.9823E0 -5.30973E0 -5.97345E0 -6.63717E0 -7.07965E0 -7.30088E0 -7.30088E0 -7.07965E0 -6.85841E0 -6.41593E0 -5.75221E0 -5.30973E0 -4.86726E0 -3.9823E0 -3.53982E0 -3.31858E0 -3.09735E0 -1.99115E0
-9999 -9999 -9999 -9999 -9999 -9999 -9999 -9999 -9999 -9999 -9999 -9999 -9999 -9999 -9999 -9999 -9999 -9999 -9999 -9999 -9999 -9999 -9999 -9999 -9999 -9999 8.61804E-1 6.38145E0 1.42198E1 2.09295E1 2.62645E1 1.04648E0 2.05191E-2 -5.75221E0 -6.85841E0 -7.07965E0 -6.19469E0 -5.30973E0 -5.0885E0 -4.42478E0 -4.42478E0 -4.86726E0 -4.86726E0 -3.76106E0 -2.43363E0 -1.32743E0 -6.63717E-1 -1.76991E0 -3.53982E0 -5.0885E0 -5.75221E0 -6.41593E0 -6.85841E0 -7.07965E0 -7.07965E0 -6.19469E0 -5.97345E0 -5.53097E0 -4.64602E0 -4.20354E0 -3.31858E0 -2.87611E0 -2.43363E0 -1.99115E0 -1.76991E0 -1.32743E0
-9999 -9999 -9999 -9999 -9999 -9999 -9999 -9999 -9999 -9999 -9999 -9999 -9999 -9999 -9999 -9999 -9999 -9999 -9999 -9999 -9999 -9999 -9999 -9999 -9999 -9999 8.61804E-1 2.50333E0 1.40761E1 1.10803E1 2.07038E1 3.8063E1 3.40618E0 -5.97345E0 -2.87611E0 -7.07965E0 -6.19469E0 -5.30973E0 -4.86726E0 -4.20354E0 -3.9823E0 -3.9823E0 -3.53982E0 -2.87611E0 -1.76991E0 -6.63717E-1 2.05191E-2 -1.76991E0 -3.9823E0 -5.0885E0 -5.75221E0 -5.97345E0 -6.41593E0 -6.63717E0 -6.85841E0 -6.19469E0 -5.53097E0 -4.64602E0 -3.53982E0 -2.65487E0 -1.99115E0 -1.32743E0 -1.10619E0 -8.84956E-1 -4.42478E-1 -4.42478E-1
-9999 -9999 -9999 -9999 -9999 -9999 -9999 -9999 -9999 -9999 -9999 -9999 -9999 -9999 -9999 -9999 -9999 -9999 -9999 -9999 -9999 -9999 -9999 -9999 -9999 -9999 -9999 1.35426E0 9.37724E0 3.36514E0 1.23936E1 2.43973E1 4.56756E1 -4.64602E0 -2.65487E0 -4.86726E0 -5.97345E0 -4.86726E0 -4.86726E0 -3.76106E0 -3.53982E0 -3.31858E0 -2.65487E0 -1.99115E0 -1.10619E0 -8.84956E-1 -1.32743E0 -3.31858E0 -4.86726E0 -5.30973E0 -5.75221E0 -6.19469E0 -6.85841E0 -7.30088E0 -6.63717E0 -5.97345E0 -4.86726E0 -3.76106E0 -2.43363E0 -1.32743E0 -6.63717E-1 2.05191E-2 2.05191E-2 4.10383E-2 8.20765E-2 4.10383E-2
-9999 -9999 -9999 -9999 -9999 -9999 -9999 -9999 -9999 -9999 -9999 -9999 -9999 -9999 -9999 -9999 -9999 -9999 -9999 -9999 -9999 -9999 -9999 -9999 -9999 -9999 -9999 7.59208E-1 3.755E0 1.16959E1 4.14487E0 1.54509E1 2.62645E1 7.59208E-1 -2.43363E0 4.51421E-1 -5.53097E0 -4.64602E0 -4.42478E0 -3.31858E0 -3.09735E0 -2.65487E0 -1.76991E0 -1.10619E0 -6.63717E-1 -8.84956E-1 -2.21239E0 -4.42478E0 -5.30973E0 -5.53097E0 -5.53097E0 -5.75221E0 -6.63717E0 -6.85841E0 -6.19469E0 -5.53097E0 -3.9823E0 -2.65487E0 -1.32743E0 2.05191E-2 1.23115E-1 2.87268E-1 2.05191E-1 4.51421E-1 7.59208E-1 7.59208E-1
-9999 -9999 -9999 -9999 -9999 -9999 -9999 -9999 -9999 -9999 -9999 -9999 -9999 -9999 -9999 -9999 -9999 -9999 -9999 -9999 -9999 -9999 -9999 -9999 -9999 -9999 -9999 -9999 1.19011E0 9.37724E0 4.04227E0 6.31989E0 1.57792E1 3.8063E1 7.92039E0 1.41172E1 -3.76106E0 -5.0885E0 -4.20354E0 -3.09735E0 -2.87611E0 -1.76991E0 -1.10619E0 -2.21239E-1 2.05191E-2 2.05191E-2 -1.99115E0 -4.20354E0 -4.86726E0 -4.86726E0 -4.64602E0 -4.64602E0 -6.19469E0 -5.97345E0 -5.53097E0 -4.20354E0 -1.54867E0 -1.32743E0 2.05191E-2 2.05191E-1 6.56612E-1 1.31322E0 1.31322E0 2.68801E0 3.63189E0 3.50877E0
-9999 -9999 -9999 -9999 -9999 -9999 -9999 -9999 -9999 -9999 -9999 -9999 -9999 -9999 -9999 -9999 -9999 -9999 -9999 -9999 -9999 -9999 -9999 -9999 -9999 -9999 -9999 -9999 8.61804E-1 2.60593E0 1.02801E1 2.05191E0 1.02801E1 2.86037E1 3.8063E1 2.68801E0 4.51421E-1 -3.9823E0 -4.42478E0 -2.87611E0 -1.99115E0 -1.54867E0 -6.63717E-1 4.10383E-2 2.05191E-1 1.23115E-1 -8.84956E-1 -2.87611E0 -4.20354E0 -4.42478E0 -4.20354E0 -3.9823E0 -5.30973E0 -5.53097E0 -5.0885E0 -4.64602E0 -2.43363E0 -6.63717E-1 8.20765E-2 4.51421E-1 1.96984E0 3.50877E0 4.22694E0 4.76044E0 5.12978E0 3.93967E0
-9999 -9999 -9999 -9999 -9999 -9999 -9999 -9999 -9999 -9999 -9999 -9999 -9999 -9999 -9999 -9999 -9999 -9999 -9999 -9999 -9999 -9999 -9999 -9999 -9999 -9999 -9999 -9999 1.23115E-1 1.27219E0 9.37724E0 1.27219E0 4.14487E0 1.16959E1 2.0396E1 2.23248E1 4.68862E1 2.05191E-2 -3.31858E0 -2.65487E0 -3.31858E0 -2.21239E0 -1.32743E0 -2.21239E-1 8.20765E-2 2.05191E-2 -1.10619E0 -2.65487E0 -3.76106E0 -3.9823E0 -4.20354E0 -4.42478E0 -5.0885E0 -5.0885E0 -4.64602E0 -3.9823E0 -2.43363E0 -8.84956E-1 4.10383E-2 1.31322E0 3.40618E0 3.69344E0 5.54017E0 8.70011E0 7.67416E0 5.54017E0
-9999 -9999 -9999 -9999 -9999 -9999 -9999 -9999 -9999 -9999 -9999 -9999 -9999 -9999 -9999 -9999 -9999 -9999 -9999 -9999 -9999 -9999 -9999 -9999 -9999 -9999 -9999 -9999 -9999 1.10803E0 2.33918E0 1.20242E1 1.9288E0 1.16959E1 2.2571E1 4.9841E1 5.03334E1 4.14692E1 1.31322E0 5.03334E1 4.08331E0 -3.09735E0 -2.65487E0 -1.76991E0 -1.32743E0 -1.54867E0 -2.21239E0 -3.09735E0 -3.76106E0 -3.9823E0 -4.42478E0 -4.86726E0 -4.86726E0 -4.86726E0 -4.42478E0 -3.53982E0 -2.65487E0 -1.32743E0 4.10383E-2 1.53894E0 5.54017E0 5.54017E0 8.70011E0 1.90418E1 1.55125E1 6.48405E0
-9999 -9999 -9999 -9999 -9999 -9999 -9999 -9999 -9999 -9999 -9999 -9999 -9999 -9999 -9999 -9999 -9999 -9999 -9999 -9999 -9999 -9999 -9999 -9999 -9999 -9999 -9999 -9999 -9999 -9999 1.19011E0 5.66328E0 7.98194E0 1.99036E0 1.47533E1 2.2571E1 4.47317E1 5.32061E1 4.92664E1 3.81245E1 4.74608E1 -1.54867E0 -3.53982E0 -3.53982E0 -3.31858E0 -3.31858E0 -3.31858E0 -3.76106E0 -3.9823E0 -4.42478E0 -4.42478E0 -4.64602E0 -4.42478E0 -4.64602E0 -4.20354E0 -3.31858E0 -2.43363E0 -1.10619E0 4.10383E-2 4.51421E-1 2.68801E0 6.85339E0 1.55125E1 3.58674E1 2.26531E1 9.50036E0
-9999 -9999 -9999 -9999 -9999 -9999 -9999 -9999 -9999 -9999 -9999 -9999 -9999 -9999 -9999 -9999 -9999 -9999 -9999 -9999 -9999 -9999 -9999 -9999 -9999 -9999 -9999 -9999 -9999 -9999 1.02596E0 1.62101E0 7.34585E0 3.11891E0 3.11891E0 2.11757E1 3.02452E1 3.57649E1 2.37406E1 1.7195E1 1.91444E1 3.1066E1 6.56612E-1 -8.84956E-1 -2.87611E0 -3.31858E0 -3.76106E0 -3.76106E0 -4.20354E0 -4.20354E0 -4.20354E0 -3.9823E0 -3.76106E0 -3.9823E0 -3.76106E0 -2.87611E0 -1.99115E0 -6.63717E-1 8.20765E-2 4.51421E-1 1.53894E0 5.12978E0 1.04442E1 1.55125E1 3.04914E1 1.30296E1
-9999 -9999 -9999 -9999 -9999 -9999 -9999 -9999 -9999 -9999 -9999 -9999 -9999 -9999 -9999 -9999 -9999 -9999 -9999 -9999 -9999 -9999 -9999 -9999 -9999 -9999 -9999 -9999 -9999 -9999 -9999 3.07787E-1 2.38022E0 1.18806E1 6.68924E0 1.47533E1 2.37406E1 2.12783E1 2.03139E1 1.90212E1 1.65384E1 3.11891E0 4.7194E0 2.22633E1 4.88355E0 5.64276E0 2.05191E-2 -2.21239E0 -3.76106E0 -4.20354E0 -3.76106E0 -3.09735E0 -2.65487E0 -2.87611E0 -2.87611E0 -2.43363E0 -1.54867E0 -4.42478E-1 8.20765E-2 1.31322E0 2.68801E0 5.12978E0 1.04442E1 7.67416E0 2.48897E1 1.90418E1
-9999 -9999 -9999 -9999 -9999 -9999 -9999 -9999 -9999 -9999 -9999 -9999 -9999 -9999 -9999 -9999 -9999 -9999 -9999 -9999 -9999 -9999 -9999 -9999 -9999 -9999 -9999 -9999 -9999 -9999 -9999 1.23115E-1 6.56612E-1 3.65241E0 1.18806E1 7.12014E0 1.20858E1 1.2845E1 7.98194E0 9.64399E0 1.02801E1 5.97107E0 1.62101E0 2.93424E0 1.16959E1 3.15789E1 4.76044E0 4.20642E0 -1.54867E0 -3.53982E0 -2.65487E0 -1.32743E0 -6.63717E-1 -1.10619E0 -1.76991E0 -1.54867E0 -8.84956E-1 4.10383E-2 1.23115E-1 1.04648E0 3.93967E0 3.93967E0 1.41787E1 5.88899E0 6.48405E0 2.48897E1
-9999 -9999 -9999 -9999 -9999 -9999 -9999 -9999 -9999 -9999 -9999 -9999 -9999 -9999 -9999 -9999 -9999 -9999 -9999 -9999 -9999 -9999 -9999 -9999 -9999 -9999 -9999 -9999 -9999 -9999 -9999 -9999 3.07787E-1 6.15574E-1 5.66328E0 1.51431E1 4.37058E0 3.755E0 1.10803E0 1.72361E0 3.36514E0 7.12014E0 6.68924E0 8.59752E0 4.7194E0 3.52929E0 1.0752E1 2.27762E0 4.10383E-2 -8.84956E-1 -1.32743E0 4.10383E-2 4.51421E-1 8.20765E-2 -6.63717E-1 -4.42478E-1 -2.21239E-1 8.20765E-2 2.87268E-1 1.53894E0 3.63189E0 3.50877E0 4.76044E0 7.67416E0 5.54017E0 1.30296E1
-9999 -9999 -9999 -9999 -9999 -9999 -9999 -9999 -9999 -9999 -9999 -9999 -9999 -9999 -9999 -9999 -9999 -9999 -9999 -9999 -9999 -9999 -9999 -9999 -9999 -9999 -9999 -9999 -9999 -9999 -9999 -9999 -9999 6.15574E-1 1.62101E0 6.56612E0 1.75233E1 1.37683E1 2.38022E0 1.62101E0 1.27219E0 1.72361E0 1.33374E0 1.3399E1 1.40761E1 8.33077E0 2.19965E1 3.13943E0 4.51421E-1 2.87268E-1 2.05191E-2 1.23115E-1 7.59208E-1 2.87268E-1 4.10383E-2 2.05191E-2 2.05191E-2 4.10383E-2 7.59208E-1 3.50877E0 3.50877E0 3.30358E0 3.15995E0 3.63189E0 3.50877E0 4.22694E0
-9999 -9999 -9999 -9999 -9999 -9999 -9999 -9999 -9999 -9999 -9999 -9999 -9999 -9999 -9999 -9999 -9999 -9999 -9999 -9999 -9999 -9999 -9999 -9999 -9999 -9999 -9999 -9999 -9999 -9999 -9999 -9999 -9999 -9999 4.30902E-1 1.62101E0 4.94511E0 4.59629E0 1.10803E1 1.10803E1 2.29814E0 1.4979E0 1.99036E0 1.02801E1 1.3358E1 1.36247E1 1.57792E1 2.59977E1 9.15153E0 1.22499E1 7.92039E0 4.51421E-1 2.87268E-1 2.05191E-1 1.23115E-1 4.10383E-2 4.10383E-2 4.10383E-2 1.04648E0 4.76044E0 3.93967E0 3.30358E0 3.03683E0 3.03683E0 3.30358E0 5.54017E0
-9999 -9999 -9999 -9999 -9999 -9999 -9999 -9999 -9999 -9999 -9999 -9999 -9999 -9999 -9999 -9999 -9999 -9999 -9999 -9999 -9999 -9999 -9999 -9999 -9999 -9999 -9999 -9999 -9999 -9999 -9999 -9999 -9999 -9999 -9999 3.07787E-1 6.56612E-1 7.59208E-1 1.02596E0 1.66205E0 4.37058E0 4.04227E0 2.15451E0 2.29814E0 1.10803E1 1.38094E1 1.40761E1 7.46896E0 3.78578E1 5.21802E1 4.56346E1 9.33621E0 4.51421E-1 2.87268E-1 2.05191E-1 1.23115E-1 8.20765E-2 8.20765E-2 1.53894E0 6.85339E0 4.51421E0 3.30358E0 3.03683E0 3.30358E0 3.50877E0 1.96984E0
-9999 -9999 -9999 -9999 -9999 -9999 -9999 -9999 -9999 -9999 -9999 -9999 -9999 -9999 -9999 -9999 -9999 -9999 -9999 -9999 -9999 -9999 -9999 -9999 -9999 -9999 -9999 -9999 -9999 -9999 -9999 -9999 -9999 -9999 -9999 -9999 -9999 1.23115E-1 3.07787E-1 3.07787E-1 1.19011E0 3.65241E0 9.37724E0 1.02596E0 3.52929E0 1.20858E1 1.16959E1 1.3399E1 2.40689E1 2.92192E1 2.87678E1 4.23925E1 2.60593E0 6.56612E-1 6.56612E-1 2.87268E-1 2.05191E-1 1.23115E-1 1.23115E-1 4.08331E0 4.22694E0 3.63189E0 3.63189E0 3.69344E0 1.96984E0 2.05191E-1
-9999 -9999 -9999 -9999 -9999 -9999 -9999 -9999 -9999 -9999 -9999 -9999 -9999 -9999 -9999 -9999 -9999 -9999 -9999 -9999 -9999 -9999 -9999 -9999 -9999 -9999 -9999 -9999 -9999 -9999 -9999 -9999 -9999 -9999 -9999 -9999 -9999 -9999 -9999 1.10803E0 9.4388E-1 7.59208E-1 3.15995E0 9.37724E0 1.9288E0 9.29517E0 1.40761E1 1.16959E1 1.51431E1 1.10803E1 2.51565E1 2.19144E1 3.85349E1 7.87935E0 7.24325E0 1.04648E0 6.56612E-1 6.56612E-1 4.51421E-1 1.04648E0 3.03683E0 2.72904E0 3.03683E0 4.76044E0 1.96984E0 1.23115E-1
-9999 -9999 -9999 -9999 -9999 -9999 -9999 -9999 -9999 -9999 -9999 -9999 -9999 -9999 -9999 -9999 -9999 -9999 -9999 -9999 -9999 -9999 -9999 -9999 -9999 -9999 -9999 -9999 -9999 -9999 -9999 -9999 -9999 -9999 -9999 -9999 -9999 -9999 -9999 -9999 -9999 4.51421E-1 6.15574E-1 2.03139E0 5.2529E0 5.2529E0 7.98194E0 1.23936E1 1.55945E1 1.55945E1 1.2845E1 2.13399E1 1.98215E1 2.67159E1 4.74608E1 4.92254E1 2.23248E1 6.56612E-1 2.05191E-1 7.59208E-1 2.38022E0 2.09295E0 2.38022E0 3.40618E0 1.04648E0 1.96984E0
