final project/Practice/maxentOut/species_maxentOut_stddev.asc
ncols         186
nrows         192
xllcorner     -125.0
yllcorner     -56.0
cellsize      0.5
NODATA_value  -9999
[rows 0 to 28 of 192, columns 0 to 65 of 186]
-9999 7.16616E-3 7.43115E-4 1.71467E-5 1.08269E-5 9.10567E-7 2.66682E-6 1.63515E-5 1.96464E-5 1.26645E-5 1.66435E-6 3.1364E-7 2.0683E-7 2.86027E-7 3.35124E-7 1.00087E-6 2.57659E-6 2.09635E-6 1.57327E-6 1.25494E-6 1.29415E-6 5.32434E-7 2.27423E-7 1.20965E-7 1.44906E-7 4.03706E-7 7.96179E-8 3.53202E-7 2.98135E-7 4.12188E-7 3.7037E-7 6.99474E-7 9.51072E-7 7.02942E-7 1.33144E-7 5.58045E-7 4.67838E-7 1.29602E-6 3.3007E-6 1.23836E-6 3.72825E-7 1.11793E-7 7.53366E-8 1.03792E-7 1.07691E-7 1.32597E-7 1.65363E-7 1.61692E-7 1.85673E-7 1.90052E-7 1.88847E-7 1.52883E-7 2.04543E-7 3.43826E-7 6.59646E-7 8.34527E-7 8.63287E-7 1.41351E-6 1.68381E-6 2.25089E-6 2.22623E-6 1.79623E-6 1.83585E-6 2.38126E-6 2.70886E-6 2.42382E-6
-9999 -9999 4.24329E-3 4.58789E-5 3.47341E-6 7.59298E-7 9.4449E-7 4.00032E-6 5.01473E-5 2.42077E-5 6.97097E-6 2.73716E-7 3.1318E-7 5.02905E-7 1.2308E-6 2.29914E-6 2.90572E-6 4.34654E-6 1.53148E-6 1.18866E-6 1.41707E-6 5.03806E-8 9.19611E-8 9.61529E-8 5.81421E-8 3.10407E-7 7.09304E-7 6.44166E-7 1.09504E-6 3.7053E-7 4.2646E-6 1.016E-6 7.93765E-7 1.31586E-6 3.55172E-6 5.63541E-7 1.10276E-6 3.47976E-6 1.88977E-6 1.15571E-6 6.63117E-7 2.72664E-7 1.1651E-7 9.66631E-8 9.19012E-8 1.3568E-7 1.549E-7 1.38433E-7 1.73823E-7 1.90839E-7 2.23249E-7 1.8519E-7 2.28808E-7 2.83953E-7 6.95075E-7 1.01244E-6 1.43752E-6 1.84867E-6 2.33133E-6 3.28213E-6 4.1507E-6 3.16172E-6 2.85993E-6 2.71954E-6 2.85154E-6 3.21961E-6
-9999 -9999 9.52364E-3 8.35579E-4 1.3271E-5 1.54565E-6 9.14865E-7 2.18634E-6 6.55391E-6 9.35109E-5 9.00002E-6 1.88552E-6 5.97361E-7 6.68816E-7 1.08338E-6 2.16509E-7 7.49773E-6 3.05928E-7 7.96624E-7 6.75666E-8 9.38736E-7 9.12417E-7 3.15616E-7 1.05026E-7 2.05196E-7 1.19058E-7 6.97129E-7 2.80239E-6 1.15081E-6 9.30645E-8 3.30196E-7 1.76755E-6 6.3461E-7 2.26707E-6 2.02176E-6 4.91404E-7 3.48712E-7 1.5506E-6 5.64873E-7 1.30212E-6 9.26199E-7 2.28145E-7 6.15734E-8 4.29346E-8 4.8809E-8 8.24071E-8 8.58734E-8 9.59343E-8 1.17498E-7 1.50899E-7 1.89557E-7 2.37259E-7 4.27198E-7 4.72873E-7 8.78842E-7 1.08938E-6 1.71319E-6 2.138E-6 2.55365E-6 3.58512E-6 3.84183E-6 2.91769E-6 3.12822E-6 2.10179E-6 1.15939E-6 1.56688E-6
-9999 -9999 -9999 4.7865E-3 6.5645E-4 6.37657E-5 4.90541E-6 2.75503E-6 1.47895E-6 1.956E-5 9.91402E-5 1.72723E-4 1.06926E-5 8.80101E-7 1.19464E-6 1.78915E-6 4.23875E-6 1.10667E-6 9.42926E-7 5.19068E-7 7.16464E-7 1.48284E-6 3.36232E-6 9.93573E-7 1.31885E-6 6.10477E-6 1.45103E-5 5.38781E-6 4.66218E-7 4.89626E-7 6.24594E-7 3.86982E-6 1.75943E-6 8.67341E-7 6.974E-6 5.03602E-7 4.98949E-7 9.18957E-7 1.01849E-6 8.64449E-7 2.96985E-7 7.26629E-8 3.08548E-8 3.20724E-8 3.45448E-8 4.59392E-8 5.47666E-8 9.87716E-8 1.49321E-7 1.9296E-7 2.22536E-7 3.29844E-7 5.45147E-7 6.8214E-7 1.0844E-6 1.25181E-6 1.52176E-6 1.94694E-6 2.21923E-6 2.24771E-6 9.86339E-7 1.2204E-6 1.29211E-6 1.11439E-6 1.12655E-6 1.07795E-6
-9999 -9999 -9999 1.01684E-2 8.2245E-3 2.44061E-3 9.61844E-6 1.21361E-6 7.00493E-7 1.08584E-6 2.62032E-5 1.02489E-4 9.21115E-6 7.44772E-6 6.1369E-7 1.47254E-6 9.52465E-7 2.15996E-6 1.22733E-6 7.87496E-7 7.51419E-7 1.10741E-6 1.51534E-6 1.62945E-6 6.2563E-7 7.44803E-7 1.17665E-5 3.26767E-6 8.86827E-7 8.0497E-7 9.14334E-6 2.42062E-6 3.77237E-6 2.23835E-6 4.39917E-6 3.70066E-6 3.21667E-6 3.15543E-6 1.85364E-6 1.74303E-6 9.6825E-7 2.17913E-7 5.92829E-8 6.02213E-8 7.23719E-8 6.09851E-8 5.43988E-8 9.25076E-8 1.67938E-7 2.75913E-7 4.24152E-7 4.93435E-7 6.61895E-7 7.63471E-7 1.05438E-6 1.76907E-6 2.12412E-6 1.78217E-6 2.30174E-6 1.73868E-6 1.14541E-6 1.21482E-6 1.05619E-6 1.23702E-6 1.39282E-6 1.12935E-6
-9999 -9999 -9999 -9999 -9999 2.51387E-3 3.92497E-5 1.32494E-6 5.02922E-7 3.24436E-7 8.28652E-7 4.77179E-5 1.11577E-4 1.10861E-5 4.63243E-7 4.22482E-7 7.05549E-7 2.37095E-6 1.33916E-6 6.64666E-7 5.68469E-7 4.9028E-7 8.79751E-7 1.53757E-6 2.22414E-6 2.51113E-6 3.01801E-6 1.90823E-6 7.49519E-7 9.59747E-7 6.30175E-7 3.28036E-7 1.19068E-6 8.18563E-6 3.85921E-6 4.63414E-7 2.68434E-6 1.2049E-5 6.46562E-7 1.86029E-6 1.57911E-6 5.84018E-7 3.52283E-7 2.81008E-7 1.83706E-7 1.05256E-7 9.81299E-8 1.53093E-7 2.37646E-7 2.50082E-7 3.33881E-7 5.68214E-7 5.56425E-7 9.07653E-7 1.01356E-6 1.44988E-6 1.89353E-6 1.08417E-6 1.12048E-6 1.1251E-6 1.8873E-6 1.91648E-6 1.78704E-6 1.65874E-6 1.51924E-6 1.11434E-6
-9999 -9999 -9999 -9999 -9999 3.62248E-3 1.13731E-3 3.89043E-6 2.98276E-7 2.31736E-7 2.57749E-7 1.00688E-6 8.23876E-5 1.53838E-4 7.89242E-7 2.43376E-7 2.58491E-7 5.74742E-7 7.77507E-7 1.62203E-6 3.47523E-7 4.1313E-7 1.1313E-6 1.67723E-6 9.92011E-7 5.0669E-6 3.87801E-6 2.69298E-6 7.18345E-6 5.13627E-6 9.30664E-7 2.17596E-6 5.45609E-7 9.37842E-7 1.8877E-6 3.32209E-7 4.69561E-7 2.12941E-6 4.17142E-6 3.151E-6 8.62455E-7 1.46842E-6 1.06972E-6 5.16525E-7 2.90982E-7 2.2291E-7 2.12358E-7 2.33545E-7 2.6567E-7 3.2123E-7 4.30205E-7 5.25581E-7 6.4549E-7 8.11833E-7 1.07908E-6 1.47564E-6 1.65966E-6 9.02966E-7 9.65684E-7 1.27499E-6 1.94982E-6 2.25865E-6 2.0839E-6 1.46942E-6 9.76867E-7 4.27832E-7
-9999 -9999 -9999 -9999 -9999 -9999 1.50766E-3 1.85302E-5 5.0752E-7 1.45241E-7 1.77735E-7 2.88058E-7 6.07479E-6 5.76849E-5 2.37491E-6 6.77106E-7 2.45772E-7 2.39565E-7 3.36615E-6 6.16922E-7 6.92648E-7 6.94513E-7 2.18174E-6 7.06208E-6 7.39135E-6 1.35536E-5 5.54788E-6 2.60811E-6 4.13932E-6 7.59851E-6 3.12564E-6 9.26984E-6 3.38293E-6 1.81574E-6 3.33369E-6 4.18213E-6 1.26647E-6 1.31335E-5 1.48336E-5 4.89787E-6 5.08942E-7 5.10522E-7 5.17632E-7 4.94211E-7 4.96286E-7 4.4096E-7 3.03212E-7 2.82024E-7 3.11586E-7 3.52676E-7 5.78478E-7 6.9109E-7 7.22077E-7 9.9865E-7 1.5861E-6 2.05669E-6 8.89523E-7 9.40679E-7 1.40045E-6 1.79197E-6 2.5421E-6 2.81305E-6 3.06768E-6 2.16181E-6 5.95164E-7 4.78982E-7
-9999 -9999 -9999 -9999 -9999 -9999 -9999 1.96653E-4 2.52963E-6 1.93349E-7 1.28377E-7 1.68065E-7 9.13926E-7 4.35707E-6 6.60152E-7 3.5142E-7 2.82279E-7 2.60305E-7 7.8283E-7 1.70195E-6 1.42036E-6 1.96754E-6 9.44411E-6 1.14434E-5 1.6527E-5 1.74601E-6 1.41506E-6 1.31557E-6 2.04937E-6 3.20098E-6 4.69234E-6 8.58394E-7 4.62798E-6 3.85117E-6 2.95009E-6 2.989E-6 1.9297E-6 1.84182E-6 7.94343E-6 2.14742E-6 9.73143E-7 5.36998E-7 4.7662E-7 4.59841E-7 4.99431E-7 6.88423E-7 5.7911E-7 5.58113E-7 6.29051E-7 5.75918E-7 3.54555E-7 3.97308E-7 5.60396E-7 7.50691E-7 9.84751E-7 1.34974E-6 1.22421E-6 1.47175E-6 1.82587E-6 2.1839E-6 2.14827E-6 1.8166E-6 1.90366E-6 1.59904E-6 1.25206E-6 9.97537E-7
-9999 -9999 -9999 -9999 -9999 -9999 -9999 1.19607E-3 6.91282E-4 9.10589E-6 1.22895E-6 2.98869E-7 6.32455E-7 1.27903E-5 7.23346E-7 6.42539E-7 5.22006E-7 4.44647E-7 1.79458E-6 6.00441E-6 1.75204E-6 2.80087E-6 7.57728E-6 1.34322E-5 9.76869E-6 4.14966E-6 7.18706E-6 7.3929E-6 1.6063E-6 2.0907E-6 2.83007E-6 4.87984E-6 5.11694E-7 1.06467E-6 7.28425E-7 7.1111E-7 4.97225E-6 1.33667E-6 1.19295E-5 6.20482E-6 6.25145E-7 5.63175E-7 5.78889E-7 5.98831E-7 8.48975E-7 1.10883E-6 1.31017E-6 9.36974E-7 8.78339E-7 5.55054E-7 3.32167E-7 8.43837E-7 8.23412E-7 8.69434E-7 1.31523E-6 1.85496E-6 1.72018E-6 2.2532E-6 2.48094E-6 2.40321E-6 9.57139E-7 1.38537E-6 9.32881E-7 8.5265E-7 1.04432E-6 1.61681E-6
-9999 -9999 -9999 -9999 -9999 -9999 -9999 -9999 3.47405E-3 4.96051E-4 6.40662E-5 4.56952E-5 7.38849E-6 4.28986E-6 1.0846E-6 1.03546E-6 1.01297E-6 7.88161E-7 1.6988E-6 6.98453E-6 2.01659E-6 1.5489E-6 2.5427E-6 1.21324E-5 1.23269E-6 1.42246E-6 1.79083E-6 4.82318E-6 8.37227E-6 2.93237E-6 2.94626E-6 4.52611E-6 5.05417E-6 6.10686E-7 8.33625E-6 3.73649E-6 2.41676E-6 1.61257E-6 7.36834E-6 7.25545E-6 7.23163E-6 8.08243E-7 1.03391E-6 1.32244E-6 1.11944E-6 1.1774E-6 1.36005E-6 6.48821E-7 5.37101E-7 4.66044E-7 3.78657E-7 1.00823E-6 7.18794E-7 1.08843E-6 1.26E-6 1.47476E-6 2.15008E-6 2.36556E-6 3.30257E-6 2.58782E-6 1.33713E-6 2.44682E-6 1.50043E-6 1.53128E-6 2.15739E-6 3.03603E-6
-9999 -9999 -9999 -9999 -9999 -9999 -9999 -9999 -9999 3.54099E-3 1.33906E-3 4.56115E-4 6.66869E-5 2.09242E-5 6.38976E-6 1.12579E-6 1.58301E-6 1.39002E-6 2.13816E-6 6.99834E-6 2.08541E-6 1.1613E-6 9.65727E-7 2.64737E-6 9.55981E-6 1.91065E-6 1.10507E-6 2.97497E-6 3.9902E-6 1.60688E-6 3.13503E-6 1.51714E-6 8.73244E-6 9.18032E-7 8.1173E-7 6.64649E-7 3.30386E-6 1.30257E-5 1.72927E-5 8.70398E-6 5.66384E-6 4.83999E-7 8.8251E-7 1.19274E-6 9.5228E-7 1.20438E-6 1.42332E-6 1.0684E-6 7.68932E-7 7.95183E-7 9.07317E-7 4.03919E-7 4.60627E-7 8.00618E-7 1.18955E-6 1.85674E-6 2.56958E-6 2.68669E-6 3.44282E-6 2.63328E-6 2.1021E-6 2.4901E-6 2.45089E-6 2.50727E-6 2.7851E-6 4.20516E-6
-9999 -9999 -9999 -9999 -9999 -9999 -9999 -9999 -9999 6.1827E-3 3.88217E-3 -9999 -9999 4.72362E-4 8.32911E-5 4.04506E-6 1.36492E-6 1.70412E-6 1.95277E-6 6.85527E-6 4.70389E-6 1.86445E-6 3.72468E-6 3.34733E-6 3.61358E-6 2.14153E-6 3.1086E-6 4.8354E-7 2.06885E-6 2.1742E-6 7.25504E-6 7.31683E-6 1.3057E-6 1.33601E-5 1.24192E-6 1.01899E-5 2.64982E-6 1.08968E-5 2.54958E-6 1.69883E-5 4.17866E-6 3.25726E-6 7.97868E-7 1.16183E-6 1.24575E-6 1.62314E-6 1.60781E-6 1.56953E-6 1.3514E-6 8.56827E-7 7.65981E-7 4.7962E-7 6.16099E-7 9.17097E-7 1.36998E-6 2.20852E-6 3.61988E-6 3.88391E-6 3.25398E-6 2.25636E-6 2.19004E-6 2.94697E-6 3.70211E-6 3.38009E-6 2.99815E-6 3.82029E-6
-9999 -9999 -9999 -9999 -9999 -9999 -9999 -9999 -9999 -9999 5.31623E-3 5.13699E-3 5.09823E-3 4.3893E-3 6.03123E-4 1.25694E-4 6.22165E-6 2.532E-6 1.26707E-6 1.73297E-6 3.39485E-6 6.96485E-6 9.09728E-6 5.54247E-6 3.86557E-6 4.13924E-6 5.93545E-6 7.84681E-6 2.05215E-6 9.9463E-6 1.95525E-5 1.26814E-6 2.2043E-6 2.21954E-6 2.5339E-6 5.51715E-6 9.74796E-6 4.43114E-6 2.43138E-5 4.76833E-5 6.71212E-6 3.65102E-6 6.81753E-7 7.90839E-7 1.14419E-6 1.30425E-6 1.75792E-6 1.75336E-6 1.24809E-6 7.58092E-7 8.25558E-7 8.51688E-7 9.59837E-7 1.29861E-6 1.50484E-6 2.57665E-6 3.66792E-6 3.65364E-6 2.17169E-6 1.8833E-6 2.80209E-6 4.25978E-6 4.723E-6 4.69358E-6 4.35833E-6 3.8598E-6
-9999 -9999 -9999 -9999 -9999 -9999 -9999 -9999 -9999 -9999 -9999 -9999 5.57819E-3 5.89035E-3 -9999 6.67688E-4 1.47576E-5 6.69607E-7 1.7239E-6 9.09304E-7 1.97762E-6 5.69475E-6 1.0034E-5 9.4848E-6 8.10212E-6 6.25661E-6 4.7068E-6 1.63013E-5 2.30678E-5 2.47896E-5 6.23434E-6 3.03606E-7 7.38489E-6 2.19064E-5 1.66437E-6 3.75422E-6 4.71642E-6 2.52823E-6 1.58146E-5 6.194E-6 1.08253E-5 4.87846E-6 7.45128E-7 1.15825E-6 1.2489E-6 1.08345E-6 1.72815E-6 2.4565E-6 2.00659E-6 1.64725E-6 1.74277E-6 1.64336E-6 1.23581E-6 1.63232E-6 2.37302E-6 3.38645E-6 3.79435E-6 3.09738E-6 3.60934E-6 2.35763E-6 4.41183E-6 7.31393E-6 7.89959E-6 5.70768E-6 6.12731E-6 7.4425E-6
-9999 -9999 -9999 -9999 -9999 -9999 -9999 -9999 -9999 -9999 -9999 -9999 -9999 -9999 -9999 1.13525E-3 5.38257E-5 7.32107E-6 7.8892E-6 2.02056E-6 2.62105E-6 6.32109E-6 1.05014E-5 1.41762E-5 1.29865E-5 7.40054E-6 6.40576E-6 1.01861E-5 3.13332E-5 1.8007E-5 9.38617E-6 5.70923E-6 3.91984E-6 4.20307E-6 2.51899E-6 2.53052E-6 4.46332E-6 3.86969E-6 1.00648E-5 6.84897E-6 2.41886E-6 8.71942E-6 8.34115E-6 8.94234E-7 1.30311E-6 1.5345E-6 2.25032E-6 2.22826E-6 2.03562E-6 2.69827E-6 2.64663E-6 2.38004E-6 2.10137E-6 2.95822E-6 2.01669E-6 2.94781E-6 3.6416E-6 3.73028E-6 5.34429E-6 4.73644E-6 8.14212E-6 9.13452E-6 9.92524E-6 6.19829E-6 8.24486E-6 1.16956E-5
-9999 -9999 -9999 -9999 -9999 -9999 -9999 -9999 -9999 -9999 -9999 -9999 -9999 -9999 -9999 -9999 4.34803E-4 2.87568E-5 5.56759E-6 6.756E-6 6.00514E-6 1.01654E-5 1.60941E-5 1.30604E-5 7.915E-6 5.9678E-6 1.39753E-5 1.97303E-5 3.93341E-6 2.43304E-5 1.71462E-5 2.47943E-6 6.34931E-6 2.59798E-6 1.4429E-6 1.69658E-6 3.04088E-6 3.37431E-6 4.97763E-6 2.57152E-6 7.53249E-7 8.38665E-6 5.41462E-6 5.07007E-7 8.74011E-7 1.49822E-6 1.43157E-6 1.46033E-6 1.89308E-6 2.13105E-6 2.0361E-6 2.29156E-6 2.74493E-6 2.98203E-6 2.73251E-6 3.27174E-6 4.15339E-6 4.85629E-6 6.14004E-6 8.45729E-6 8.9509E-6 8.34394E-6 5.91649E-6 7.71412E-6 1.23885E-5 1.43523E-5
-9999 -9999 -9999 -9999 -9999 -9999 -9999 -9999 -9999 -9999 -9999 -9999 -9999 -9999 -9999 -9999 2.65616E-3 4.38273E-4 2.21641E-5 3.15594E-5 1.29699E-5 1.73076E-5 3.52738E-5 1.95715E-5 8.74174E-6 7.01076E-6 1.26875E-5 3.26016E-5 5.21073E-6 4.75396E-5 1.61917E-5 4.97658E-6 1.08864E-6 1.91509E-6 1.30151E-6 1.29436E-6 1.68033E-6 2.35117E-6 2.73025E-6 5.08744E-6 7.08773E-6 1.10404E-5 6.52353E-6 5.55305E-6 3.60918E-6 1.01325E-5 1.44231E-6 1.7478E-6 2.72349E-6 3.05461E-6 1.98262E-6 2.02802E-6 2.64979E-6 3.72648E-6 4.88951E-6 4.17955E-6 5.53E-6 5.89105E-6 6.21944E-6 8.27477E-6 1.20726E-5 7.74599E-6 8.88405E-6 1.40858E-5 2.17269E-5 2.42995E-5
-9999 -9999 -9999 -9999 -9999 -9999 -9999 -9999 -9999 -9999 -9999 -9999 -9999 -9999 -9999 -9999 -9999 2.51972E-4 2.13214E-4 1.52787E-5 1.9318E-5 -9999 -9999 1.42089E-5 9.37397E-6 5.63086E-6 6.21324E-6 1.56756E-5 5.21373E-6 4.51115E-6 1.89494E-6 6.92193E-6 1.17925E-5 4.62506E-6 3.71264E-6 1.71371E-6 1.501E-6 3.43684E-6 7.93516E-6 7.50556E-6 6.7566E-6 3.35941E-5 3.06642E-5 1.64146E-5 1.60271E-5 1.81323E-5 1.797E-5 2.75949E-5 3.00781E-6 3.16603E-6 2.47939E-6 2.74744E-6 3.24664E-6 4.62591E-6 6.88163E-6 5.83329E-6 1.01844E-5 1.08785E-5 1.07866E-5 1.11074E-5 1.74198E-5 2.76636E-5 1.6776E-5 2.38302E-5 3.00523E-5 3.80182E-5
-9999 -9999 -9999 -9999 -9999 -9999 -9999 -9999 -9999 -9999 -9999 -9999 -9999 -9999 -9999 -9999 -9999 1.97149E-4 8.47949E-5 5.40462E-5 2.46538E-5 -9999 -9999 -9999 1.3125E-5 1.13E-5 1.91099E-5 2.56335E-5 6.35246E-5 6.58927E-6 4.38083E-5 1.68908E-5 2.34725E-6 1.86234E-6 6.65416E-6 3.69893E-6 3.48867E-6 5.26871E-6 7.58118E-6 8.54732E-6 1.22543E-5 1.75567E-5 4.04892E-5 4.49604E-5 4.33363E-5 2.01986E-5 2.13515E-5 3.0889E-5 3.76506E-6 4.9319E-6 5.06437E-6 7.14466E-6 7.57228E-6 7.25944E-6 8.98336E-6 8.47E-6 1.10503E-5 9.54785E-6 1.54677E-5 3.6871E-5 6.35729E-5 7.78037E-5 1.05367E-4 1.48961E-4 1.63726E-4 1.9538E-4
-9999 -9999 -9999 -9999 -9999 -9999 -9999 -9999 -9999 -9999 -9999 -9999 -9999 -9999 -9999 -9999 -9999 -9999 7.25595E-5 3.98364E-5 3.85041E-5 2.81226E-5 2.30441E-5 2.21261E-5 1.61685E-5 1.94578E-5 3.49658E-5 4.8562E-5 6.15781E-5 1.23141E-5 2.78773E-6 4.42741E-6 5.05528E-6 8.72762E-6 2.64551E-6 1.09913E-6 1.46039E-5 1.28847E-5 7.66594E-6 8.91939E-6 5.64777E-6 7.37825E-6 1.69299E-5 2.08376E-5 2.21847E-5 2.24275E-5 2.70711E-5 3.28006E-5 6.04699E-5 7.91348E-6 8.53243E-6 9.87027E-6 1.1122E-5 1.11302E-5 9.18001E-6 1.15652E-5 1.39532E-5 1.3164E-5 3.56679E-5 1.5992E-4 1.87824E-4 2.76884E-4 3.97537E-4 4.82455E-4 5.26517E-4 6.16139E-4
-9999 -9999 -9999 -9999 -9999 -9999 -9999 -9999 -9999 -9999 -9999 -9999 -9999 4.43461E-2 -9999 -9999 -9999 -9999 -9999 4.16128E-5 4.13299E-5 5.69021E-5 3.64158E-5 2.87719E-5 2.70318E-5 2.99426E-5 3.35192E-5 4.73498E-5 5.59287E-5 5.57141E-5 9.70009E-6 6.1198E-6 5.983E-6 2.50703E-5 5.32074E-6 2.11E-6 4.45946E-6 1.8644E-5 8.81137E-6 1.07243E-5 9.54804E-6 1.15506E-5 1.11577E-5 2.23118E-6 6.82282E-6 1.42076E-5 9.32523E-5 4.75194E-5 6.44266E-5 6.64239E-6 7.46936E-6 1.05194E-4 1.29924E-4 1.06238E-5 1.12246E-5 1.54824E-5 2.83054E-5 3.74448E-5 1.17548E-4 3.39856E-4 5.95689E-4 -9999 -9999 -9999 -9999 -9999
-9999 -9999 -9999 -9999 -9999 -9999 -9999 -9999 -9999 -9999 -9999 -9999 -9999 4.16303E-2 -9999 -9999 -9999 -9999 -9999 -9999 4.11645E-5 4.63583E-5 7.31583E-5 3.28085E-5 2.8729E-5 3.61777E-5 4.32912E-5 7.0872E-5 1.08048E-4 2.26998E-5 1.96182E-5 3.18849E-5 2.31113E-5 2.57138E-5 4.59215E-6 2.50657E-6 3.91967E-6 3.37867E-5 1.29727E-5 1.17847E-5 9.93835E-6 2.94009E-5 4.17745E-5 2.78357E-5 1.02473E-4 2.83099E-5 1.54614E-5 8.25082E-5 6.08026E-5 8.28029E-5 8.37067E-5 8.33256E-5 8.66266E-5 9.26689E-6 1.88374E-5 3.93951E-5 1.08391E-4 1.85864E-4 2.63225E-4 5.11333E-4 -9999 -9999 -9999 -9999 -9999 -9999
-9999 -9999 -9999 -9999 -9999 -9999 -9999 -9999 -9999 -9999 -9999 -9999 -9999 -9999 -9999 -9999 -9999 -9999 1.68311E-5 1.33257E-5 -9999 5.37148E-5 6.38155E-5 6.47731E-5 3.34886E-5 3.30798E-5 6.14735E-5 1.49916E-4 2.35555E-4 1.52863E-4 1.97999E-5 6.92464E-5 6.6744E-5 7.59191E-5 3.2465E-5 7.16229E-6 3.90938E-6 3.2308E-5 1.98315E-5 1.24072E-5 1.88672E-5 2.89471E-5 4.48895E-5 7.01339E-5 1.14772E-4 3.45893E-5 2.0345E-4 4.84036E-5 4.25724E-5 6.45792E-5 8.59725E-5 7.90034E-5 8.24332E-5 1.52802E-4 3.42871E-5 1.20717E-4 2.82478E-4 3.61125E-4 -9999 -9999 -9999 -9999 -9999 -9999 -9999 -9999
-9999 -9999 -9999 -9999 -9999 -9999 -9999 -9999 -9999 -9999 -9999 -9999 -9999 -9999 -9999 -9999 -9999 -9999 -9999 1.56256E-4 1.54441E-4 8.42326E-5 5.83836E-5 5.73507E-5 4.13995E-5 3.24484E-5 -9999 1.87353E-4 2.07235E-4 1.47496E-4 2.17744E-5 4.42033E-5 8.77567E-5 6.56946E-5 7.48397E-5 2.66673E-5 7.07654E-6 3.59305E-5 2.94182E-5 1.61956E-5 2.00815E-5 3.05609E-5 8.06128E-5 8.9744E-5 2.26356E-4 3.06555E-4 2.17702E-4 3.01516E-5 2.9836E-5 5.74389E-5 8.76225E-5 9.77694E-5 1.29369E-4 2.34961E-4 6.59546E-5 2.93801E-4 4.3229E-4 -9999 -9999 -9999 -9999 -9999 -9999 -9999 -9999 -9999
-9999 -9999 -9999 -9999 -9999 -9999 -9999 -9999 -9999 -9999 -9999 -9999 -9999 -9999 -9999 -9999 -9999 -9999 -9999 -9999 1.72246E-4 1.18264E-4 8.95741E-5 4.30196E-5 4.74094E-5 4.23711E-5 3.83607E-5 -9999 1.33356E-4 1.99721E-5 1.53066E-5 2.7714E-5 4.4813E-5 5.10534E-5 7.83142E-5 5.53802E-5 1.9234E-5 6.07386E-5 5.79422E-5 2.08663E-5 1.46977E-5 3.85037E-5 1.34279E-5 1.42483E-4 2.52121E-4 1.7304E-4 9.04992E-5 4.29406E-5 5.02688E-5 5.69095E-5 7.64045E-5 1.27393E-4 1.79338E-4 3.02164E-4 9.91837E-5 2.9891E-4 -9999 -9999 -9999 -9999 -9999 -9999 -9999 -9999 -9999 -9999
-9999 -9999 -9999 -9999 -9999 -9999 -9999 -9999 -9999 -9999 -9999 -9999 -9999 -9999 -9999 -9999 -9999 -9999 -9999 -9999 -9999 9.5172E-5 9.1148E-5 6.08566E-5 7.7156E-5 1.02735E-4 6.642E-5 8.06793E-5 -9999 -9999 1.88883E-5 1.93319E-5 2.93042E-5 7.28059E-5 6.24273E-5 1.88378E-4 7.53871E-5 1.55847E-5 7.26711E-6 2.98642E-5 1.57378E-5 2E-5 6.04614E-5 9.38655E-5 1.09701E-4 7.82013E-5 8.30163E-6 1.07629E-5 1.70371E-4 1.50708E-4 1.11767E-4 1.55121E-4 2.29568E-4 3.72424E-4 1.12304E-4 4.03163E-4 -9999 -9999 -9999 -9999 -9999 -9999 -9999 -9999 -9999 -9999
-9999 -9999 -9999 -9999 -9999 -9999 -9999 -9999 -9999 -9999 -9999 -9999 -9999 -9999 -9999 -9999 -9999 -9999 -9999 -9999 -9999 -9999 -9999 -9999 9.25139E-5 1.15155E-4 1.16355E-4 1.04678E-4 -9999 -9999 -9999 1.88207E-5 2.52795E-5 1.19253E-4 3.64836E-4 3.50046E-4 2.55483E-4 8.03196E-5 8.80095E-6 4.48064E-6 2.14349E-5 2.09242E-5 3.10262E-5 4.13565E-5 5.62953E-5 1.38674E-4 2.09537E-4 1.55448E-4 2.66808E-4 5.4644E-4 4.80805E-4 1.80919E-4 2.67465E-4 5.19506E-4 1.53721E-3 5.57977E-4 -9999 -9999 -9999 -9999 -9999 -9999 -9999 -9999 -9999 -9999
-9999 -9999 -9999 -9999 -9999 -9999 -9999 -9999 -9999 -9999 -9999 -9999 -9999 -9999 -9999 -9999 -9999 -9999 -9999 -9999 -9999 -9999 -9999 -9999 -9999 9.85824E-5 1.02398E-4 1.23588E-4 1.17226E-4 -9999 -9999 2.58004E-5 3.06387E-5 4.66104E-5 2.93085E-4 1.13639E-3 7.47031E-4 3.33614E-4 3.63186E-5 4.08732E-6 3.45661E-5 3.44993E-5 3.00727E-5 2.34004E-5 4.49107E-5 8.52387E-5 1.72183E-4 2.82148E-4 6.28416E-4 7.70244E-4 3.33608E-4 1.75034E-4 4.88188E-4 6.89918E-4 1.83269E-3 5.21499E-4 -9999 -9999 -9999 -9999 -9999 -9999 -9999 -9999 -9999 -9999
