final project/Practice/maxentOut/species_0_maxentOut.asc
ncols         186
nrows         192
xllcorner     -125.0
yllcorner     -56.0
cellsize      0.5
NODATA_value  -9999
[rows 0 to 28 of 192, columns 0 to 65 of 186]
-9999 1.98933E-2 2.06102E-3 4.8397E-5 3.07287E-5 2.19443E-6 6.99413E-6 4.56969E-5 5.37846E-5 3.47686E-5 4.65452E-6 8.75145E-7 4.36744E-7 4.97176E-7 7.91631E-7 2.7889E-6 7.30057E-6 5.97556E-6 4.46976E-6 3.55074E-6 3.53838E-6 1.34587E-6 4.55988E-7 2.64468E-7 3.40978E-7 1.07191E-6 2.29749E-7 9.48134E-7 5.30123E-7 5.11671E-7 2.80128E-7 4.87765E-7 1.67999E-6 2.00708E-6 3.72706E-7 1.54694E-6 5.13118E-7 2.39031E-6 9.049E-6 2.21131E-6 3.862E-7 9.09595E-8 5.57574E-8 8.27359E-8 7.41183E-8 7.99764E-8 8.75856E-8 6.36268E-8 6.77501E-8 6.65397E-8 6.02487E-8 4.11229E-8 5.0451E-8 7.63132E-8 1.50696E-7 1.64866E-7 1.37675E-7 2.4028E-7 3.0861E-7 4.4917E-7 4.44931E-7 3.71897E-7 4.25952E-7 6.21445E-7 7.42635E-7 6.69882E-7
-9999 -9999 1.18065E-2 1.28747E-4 9.76925E-6 1.90001E-6 2.21265E-6 1.0825E-5 1.40121E-4 6.43978E-5 1.92799E-5 7.7007E-7 5.7588E-7 9.06168E-7 3.23668E-6 6.45234E-6 8.19811E-6 1.22687E-5 4.30899E-6 3.37039E-6 4.03773E-6 1.37146E-7 2.03456E-7 2.22535E-7 1.1639E-7 7.97902E-7 1.99793E-6 1.68856E-6 5.47514E-7 2.58797E-7 5.62032E-6 7.30641E-7 6.44803E-7 1.67912E-6 1.00156E-5 6.56733E-7 1.86578E-6 5.15271E-6 2.23053E-6 1.96496E-6 8.89379E-7 3.231E-7 1.24491E-7 7.72295E-8 6.11374E-8 8.91746E-8 8.14086E-8 6.34729E-8 7.10075E-8 6.78217E-8 8.07229E-8 5.26163E-8 5.10169E-8 5.42479E-8 1.3302E-7 1.83113E-7 2.41794E-7 3.55097E-7 4.97269E-7 7.60544E-7 1.09583E-6 7.98863E-7 7.58195E-7 7.19343E-7 7.43212E-7 9.65496E-7
-9999 -9999 2.72032E-2 2.30904E-3 3.71043E-5 4.04321E-6 2.17737E-6 5.45375E-6 1.83323E-5 2.50475E-4 2.40597E-5 5.2599E-6 1.63361E-6 1.04992E-6 2.17603E-6 5.75444E-7 2.08295E-5 8.46183E-7 2.17556E-6 1.87667E-7 2.63141E-6 1.65613E-6 6.75507E-7 1.74044E-7 4.91313E-7 3.06785E-7 1.03983E-6 2.15021E-6 5.78143E-7 4.61875E-8 2.00576E-7 1.3177E-6 8.61325E-7 1.90482E-6 1.46566E-6 3.60444E-7 3.14996E-7 1.76441E-6 6.84333E-7 1.96354E-6 9.51453E-7 1.63847E-7 3.64788E-8 2.20022E-8 2.4692E-8 5.0535E-8 3.53956E-8 3.6846E-8 3.88158E-8 4.60312E-8 6.16298E-8 6.76126E-8 1.08956E-7 1.00667E-7 1.51223E-7 1.91326E-7 3.45615E-7 4.70472E-7 5.92904E-7 9.14031E-7 1.04976E-6 7.61042E-7 8.47115E-7 7.60125E-7 7.85362E-7 9.82718E-7
-9999 -9999 -9999 1.33079E-2 1.81756E-3 1.74985E-4 1.29215E-5 7.05996E-6 3.74522E-6 5.4718E-5 2.62424E-4 4.56374E-4 2.88234E-5 2.43214E-6 1.23118E-6 1.57855E-6 5.96368E-6 3.1564E-6 2.72159E-6 1.50874E-6 1.99466E-6 4.01163E-6 3.07662E-6 7.96736E-7 2.19763E-6 1.04968E-5 2.29684E-5 4.81595E-6 2.27111E-7 3.22008E-7 4.73622E-7 4.16155E-6 1.23733E-6 8.05184E-7 6.58923E-6 3.1868E-7 2.90903E-7 8.29763E-7 1.51584E-6 9.99581E-7 1.65604E-7 2.85846E-8 1.26064E-8 1.28486E-8 1.30922E-8 1.92996E-8 2.01809E-8 4.01753E-8 5.13155E-8 6.00802E-8 6.53457E-8 9.10779E-8 1.43402E-7 1.52803E-7 2.17258E-7 2.38798E-7 2.97238E-7 4.02487E-7 4.70819E-7 6.52706E-7 5.31407E-7 5.93179E-7 6.88406E-7 7.47372E-7 7.97366E-7 7.72551E-7
-9999 -9999 -9999 2.90056E-2 2.32433E-2 6.64258E-3 2.5812E-5 3.00427E-6 1.63849E-6 2.82217E-6 7.12303E-5 2.69834E-4 2.4216E-5 2.03587E-5 1.45837E-6 2.17215E-6 2.62802E-6 6.1088E-6 3.47035E-6 2.21898E-6 2.12352E-6 3.21902E-6 3.24023E-6 4.02974E-6 1.61481E-6 8.2447E-7 1.56969E-5 2.23214E-6 5.46036E-7 6.84164E-7 1.00345E-5 2.78903E-6 4.24229E-6 3.84855E-6 6.28122E-6 4.41006E-6 3.89478E-6 3.61304E-6 1.99614E-6 2.27358E-6 6.68815E-7 1.01652E-7 2.80534E-8 3.11182E-8 3.61485E-8 2.58351E-8 1.95317E-8 3.69901E-8 6.21224E-8 9.02319E-8 1.36057E-7 1.49354E-7 1.6532E-7 1.5561E-7 2.20067E-7 3.94639E-7 4.89256E-7 3.91973E-7 5.38158E-7 6.91027E-7 6.58144E-7 7.71419E-7 6.7783E-7 8.93713E-7 1.16737E-6 8.84319E-7
-9999 -9999 -9999 -9999 -9999 6.88001E-3 1.07409E-4 3.38869E-6 1.14704E-6 7.18731E-7 2.1323E-6 1.27758E-4 2.93258E-4 3.04906E-5 1.25576E-6 1.08149E-6 1.82636E-6 6.64112E-6 3.60472E-6 1.6167E-6 1.40849E-6 1.16906E-6 2.25628E-6 4.23166E-6 6.41664E-6 6.21169E-6 2.18374E-6 1.28431E-6 5.39377E-7 9.53185E-7 5.58701E-7 2.3941E-7 1.21132E-6 9.75412E-6 3.79364E-6 3.37946E-7 3.74621E-6 1.37177E-5 4.75802E-7 2.3567E-6 1.67458E-6 4.02863E-7 2.19597E-7 2.39555E-7 1.32454E-7 5.8515E-8 4.3181E-8 6.3682E-8 9.21907E-8 7.51435E-8 9.63611E-8 1.58604E-7 1.27435E-7 1.91924E-7 2.14264E-7 3.22797E-7 5.38843E-7 4.71441E-7 5.17105E-7 6.57217E-7 1.44276E-6 1.54452E-6 1.54359E-6 1.50613E-6 1.3601E-6 1.26256E-6
-9999 -9999 -9999 -9999 -9999 1.00172E-2 3.09003E-3 1.05907E-5 7.15065E-7 4.93948E-7 5.41067E-7 2.51487E-6 2.17887E-4 4.1204E-4 1.91923E-6 2.9111E-7 2.98487E-7 9.8285E-7 1.57339E-6 4.16553E-6 3.7975E-7 4.60506E-7 2.47185E-6 4.2466E-6 2.47048E-6 1.46033E-5 3.02486E-6 2.19574E-6 6.33646E-6 4.48571E-6 8.13022E-7 1.9689E-6 4.63518E-7 9.49154E-7 1.55118E-6 1.67188E-7 2.91874E-7 3.07483E-6 3.79958E-6 4.28017E-6 9.20644E-7 1.62723E-6 1.00661E-6 3.87385E-7 1.89549E-7 1.33032E-7 1.1679E-7 1.0198E-7 9.79778E-8 9.45946E-8 1.09625E-7 1.25198E-7 1.26679E-7 1.59515E-7 2.30448E-7 3.45298E-7 6.07079E-7 5.44191E-7 5.88605E-7 8.51865E-7 1.60906E-6 1.99301E-6 1.85439E-6 1.18555E-6 9.76986E-7 7.31674E-7
-9999 -9999 -9999 -9999 -9999 -9999 4.09342E-3 5.09949E-5 1.36463E-6 2.98184E-7 3.55088E-7 5.9014E-7 1.68269E-5 1.52395E-4 6.23351E-6 1.30226E-6 2.18538E-7 2.53402E-7 9.17305E-6 8.84468E-7 7.06899E-7 6.84399E-7 5.07363E-6 1.10965E-5 6.05021E-6 3.3001E-5 4.7409E-6 1.95671E-6 3.29627E-6 7.29483E-6 2.21647E-6 9.97534E-6 2.66185E-6 1.1153E-6 2.49122E-6 2.98126E-6 1.27266E-6 1.07528E-5 1.34759E-5 7.8056E-6 4.68986E-7 4.49451E-7 4.34364E-7 3.66671E-7 2.75285E-7 2.5381E-7 1.67514E-7 1.20468E-7 1.2523E-7 1.18424E-7 2.05783E-7 2.33642E-7 1.95747E-7 2.81208E-7 5.73577E-7 5.42216E-7 4.79148E-7 5.67932E-7 9.32881E-7 1.2531E-6 2.12457E-6 2.60227E-6 3.20745E-6 3.26821E-6 9.90547E-7 8.04241E-7
-9999 -9999 -9999 -9999 -9999 -9999 -9999 5.33165E-4 6.91633E-6 4.66835E-7 2.51747E-7 3.12821E-7 2.40574E-6 1.20367E-5 1.00695E-6 3.95733E-7 2.61284E-7 2.26137E-7 1.2166E-6 2.78145E-6 1.51441E-6 3.06885E-6 8.66918E-6 1.14736E-5 1.93249E-5 2.15697E-6 1.71481E-6 7.62386E-7 1.38848E-6 2.46819E-6 4.00885E-6 1.03578E-6 4.28045E-6 3.16246E-6 2.20031E-6 2.05838E-6 1.84938E-6 1.54748E-6 1.45009E-5 3.02319E-6 9.23773E-7 3.40127E-7 2.77494E-7 2.51289E-7 2.27565E-7 3.03986E-7 2.76561E-7 2.63789E-7 3.08952E-7 2.55913E-7 2.5598E-7 2.29536E-7 3.45018E-7 4.80257E-7 6.51262E-7 9.32186E-7 7.70468E-7 9.24629E-7 1.23601E-6 1.50979E-6 2.43018E-6 3.19467E-6 4.47339E-6 3.71112E-6 2.58324E-6 1.74974E-6
-9999 -9999 -9999 -9999 -9999 -9999 -9999 3.24865E-3 1.89439E-3 2.50708E-5 3.22887E-6 5.9527E-7 1.51458E-6 3.385E-5 1.00535E-6 8.5393E-7 6.02945E-7 3.96408E-7 2.6459E-6 1.21533E-5 1.77723E-6 4.66709E-6 8.83374E-6 1.52666E-5 1.02067E-5 5.66929E-6 1.24124E-5 6.2278E-6 9.7544E-7 1.43708E-6 2.09025E-6 4.38446E-6 5.04425E-7 1.28306E-6 7.75423E-7 6.24223E-7 3.37441E-6 1.07788E-6 1.11829E-5 5.41999E-6 4.46259E-7 2.92754E-7 2.91691E-7 2.60171E-7 3.77308E-7 4.94812E-7 5.72305E-7 4.69747E-7 4.40002E-7 2.60207E-7 2.40077E-7 3.71339E-7 3.95592E-7 5.4716E-7 8.84022E-7 1.28867E-6 1.14489E-6 1.61158E-6 1.8194E-6 1.70941E-6 1.3325E-6 1.42653E-6 1.50429E-6 1.18341E-6 1.42319E-6 2.46235E-6
-9999 -9999 -9999 -9999 -9999 -9999 -9999 -9999 9.61762E-3 1.35717E-3 1.74292E-4 1.231E-4 2.00788E-5 9.35792E-6 1.87564E-6 1.59883E-6 1.38318E-6 8.30249E-7 1.95235E-6 3.93112E-6 1.93245E-6 1.4654E-6 3.90049E-6 1.24412E-5 1.283E-6 1.26426E-6 1.57633E-6 6.65601E-6 7.48194E-6 1.97713E-6 2.09015E-6 3.88817E-6 5.07086E-6 6.78952E-7 9.35851E-6 2.81031E-6 1.43001E-6 1.33918E-6 6.9357E-6 6.80495E-6 5.47134E-6 5.53485E-7 6.405E-7 8.00962E-7 6.09426E-7 6.04657E-7 6.24996E-7 2.86826E-7 2.32132E-7 2.41781E-7 1.958E-7 2.60905E-7 3.44562E-7 7.17889E-7 7.90315E-7 9.17744E-7 1.51192E-6 1.65291E-6 2.44577E-6 2.49477E-6 1.98676E-6 3.36448E-6 2.38812E-6 2.18423E-6 2.91249E-6 4.49618E-6
-9999 -9999 -9999 -9999 -9999 -9999 -9999 -9999 -9999 9.7967E-3 3.66841E-3 1.25542E-3 1.83809E-4 5.73624E-5 1.77843E-5 3.01627E-6 4.51316E-6 1.78697E-6 1.56696E-6 2.33698E-6 2.0981E-6 9.50368E-7 9.55163E-7 1.4731E-6 8.26825E-6 1.91322E-6 1.33055E-6 3.1907E-6 5.65372E-6 1.79415E-6 4.54589E-6 2.072E-6 1.14371E-5 1.25152E-6 1.0422E-6 6.56291E-7 2.25594E-6 1.13032E-5 1.74023E-5 8.00485E-6 4.05343E-6 3.01744E-7 5.3984E-7 6.75653E-7 4.9203E-7 6.35844E-7 8.17481E-7 6.41968E-7 3.49398E-7 3.14656E-7 2.54698E-7 2.14106E-7 2.45642E-7 4.66555E-7 7.53799E-7 1.31996E-6 1.87176E-6 1.93051E-6 2.54415E-6 3.01474E-6 2.96144E-6 3.71116E-6 3.5513E-6 3.40722E-6 3.70833E-6 6.15871E-6
-9999 -9999 -9999 -9999 -9999 -9999 -9999 -9999 -9999 1.72412E-2 1.07038E-2 -9999 -9999 1.31772E-3 2.3109E-4 1.04646E-5 3.65426E-6 1.78645E-6 2.15372E-6 2.75625E-6 1.39286E-6 1.04208E-6 1.42681E-6 1.58428E-6 1.62606E-6 1.96005E-6 3.0282E-6 1.00333E-6 2.0256E-6 2.30816E-6 1.12249E-5 1.44324E-5 1.82013E-6 1.89261E-5 1.78812E-6 1.13018E-5 1.91916E-6 9.28235E-6 2.79092E-6 1.781E-5 2.65534E-6 1.76703E-6 5.4945E-7 6.84021E-7 6.90211E-7 9.74292E-7 1.14205E-6 9.81696E-7 5.70502E-7 2.50281E-7 2.72107E-7 2.70101E-7 3.65984E-7 5.64131E-7 9.67831E-7 1.70347E-6 2.89896E-6 2.98713E-6 2.71505E-6 2.83021E-6 2.7593E-6 3.84621E-6 5.07993E-6 4.56648E-6 4.0872E-6 5.48509E-6
-9999 -9999 -9999 -9999 -9999 -9999 -9999 -9999 -9999 -9999 1.50688E-2 1.44904E-2 1.43478E-2 1.20625E-2 1.68011E-3 3.48743E-4 1.76254E-5 2.84024E-6 9.8321E-7 1.45508E-6 1.45701E-6 3.22914E-6 4.12371E-6 1.87015E-6 1.08548E-6 1.29866E-6 1.53279E-6 7.61975E-6 1.58991E-6 7.91081E-6 2.02514E-5 1.22259E-6 2.86029E-6 3.12462E-6 3.82806E-6 5.9692E-6 9.30136E-6 3.20932E-6 4.22468E-5 6.52396E-5 4.71076E-6 1.95157E-6 4.67791E-7 5.29339E-7 7.04169E-7 8.49563E-7 1.23978E-6 1.03827E-6 5.25125E-7 3.67859E-7 5.08286E-7 5.80203E-7 6.19239E-7 8.98483E-7 1.05565E-6 1.933E-6 2.6763E-6 2.75001E-6 2.34485E-6 2.32499E-6 3.44573E-6 5.72319E-6 6.38656E-6 6.49318E-6 6.06415E-6 5.17872E-6
-9999 -9999 -9999 -9999 -9999 -9999 -9999 -9999 -9999 -9999 -9999 -9999 1.61454E-2 1.70712E-2 -9999 1.85174E-3 4.09016E-5 1.62876E-6 1.50142E-6 7.58648E-7 1.51399E-6 3.38488E-6 4.01959E-6 3.29366E-6 2.77298E-6 2.54901E-6 1.14525E-6 4.89249E-6 1.63366E-5 2.72653E-5 5.49132E-6 2.10328E-7 6.22889E-6 2.66488E-5 2.07336E-6 3.92063E-6 4.24687E-6 1.91266E-6 2.74968E-5 9.56492E-6 1.01115E-5 3.06885E-6 5.17025E-7 8.78692E-7 8.38001E-7 6.76932E-7 1.06625E-6 1.55978E-6 1.20825E-6 1.10348E-6 1.47595E-6 1.37464E-6 8.6624E-7 1.21076E-6 1.89162E-6 2.62794E-6 2.7903E-6 2.26244E-6 2.80741E-6 3.01904E-6 5.52332E-6 8.8301E-6 1.04168E-5 7.34667E-6 8.14774E-6 9.96559E-6
-9999 -9999 -9999 -9999 -9999 -9999 -9999 -9999 -9999 -9999 -9999 -9999 -9999 -9999 -9999 3.12676E-3 1.48475E-4 2.05661E-5 1.28672E-5 1.82717E-6 2.30335E-6 6.03857E-6 9.65571E-6 8.66163E-6 8.10051E-6 4.08407E-6 3.1392E-6 4.79304E-6 3.5035E-5 2.13281E-5 1.01204E-5 5.24673E-6 3.20042E-6 3.95217E-6 2.59123E-6 2.64074E-6 4.73726E-6 3.74988E-6 1.17234E-5 8.68618E-6 4.47486E-6 6.93471E-6 5.94155E-6 6.25106E-7 9.42464E-7 9.93641E-7 1.25617E-6 1.43489E-6 1.42444E-6 2.11623E-6 2.63778E-6 2.30115E-6 1.73761E-6 2.67949E-6 1.43669E-6 2.12004E-6 2.73685E-6 3.01639E-6 4.65085E-6 5.68939E-6 7.85824E-6 8.73555E-6 1.11986E-5 6.87648E-6 9.38678E-6 1.44584E-5
-9999 -9999 -9999 -9999 -9999 -9999 -9999 -9999 -9999 -9999 -9999 -9999 -9999 -9999 -9999 -9999 1.20268E-3 8.01367E-5 1.52793E-5 8.57528E-6 6.31519E-6 1.12048E-5 2.05393E-5 1.50693E-5 6.33465E-6 4.17907E-6 1.37158E-5 2.32184E-5 5.38409E-6 3.26842E-5 2.13387E-5 3.09031E-6 6.90994E-6 2.8171E-6 1.42547E-6 1.64891E-6 3.02735E-6 3.33763E-6 6.06881E-6 3.02601E-6 1.37538E-6 8.43914E-6 2.9733E-6 2.64223E-7 4.98755E-7 1.02134E-6 1.06846E-6 1.18999E-6 1.33163E-6 1.45965E-6 1.70835E-6 1.97129E-6 2.53395E-6 2.73421E-6 2.1893E-6 2.56201E-6 3.48132E-6 4.22798E-6 5.62954E-6 7.89445E-6 8.54797E-6 7.74642E-6 6.97366E-6 8.02759E-6 1.26084E-5 1.50677E-5
-9999 -9999 -9999 -9999 -9999 -9999 -9999 -9999 -9999 -9999 -9999 -9999 -9999 -9999 -9999 -9999 7.3458E-3 1.18755E-3 6.16513E-5 7.54379E-5 1.96931E-5 2.29342E-5 6.25276E-5 2.86671E-5 9.69747E-6 7.10284E-6 1.32772E-5 3.99129E-5 6.30362E-6 6.22832E-5 1.64196E-5 4.5437E-6 1.27481E-6 2.01966E-6 1.46418E-6 1.17074E-6 1.23405E-6 2.1441E-6 2.74272E-6 7.31345E-6 1.0623E-5 1.21829E-5 3.85113E-6 2.60212E-6 2.97087E-6 1.00884E-5 1.51521E-6 1.5072E-6 2.25586E-6 2.56293E-6 1.69663E-6 1.80077E-6 2.52261E-6 3.72846E-6 4.62177E-6 3.37576E-6 4.77772E-6 5.24903E-6 5.23501E-6 7.48742E-6 1.13133E-5 8.73819E-6 9.30047E-6 1.49374E-5 2.21483E-5 2.5482E-5
-9999 -9999 -9999 -9999 -9999 -9999 -9999 -9999 -9999 -9999 -9999 -9999 -9999 -9999 -9999 -9999 -9999 6.2967E-4 5.63545E-4 4.36729E-5 3.83874E-5 -9999 -9999 1.83736E-5 9.86297E-6 4.69521E-6 4.04564E-6 1.3281E-5 4.91357E-6 4.353E-6 1.79235E-6 5.55502E-6 1.19983E-5 4.88073E-6 5.2695E-6 1.77327E-6 1.16486E-6 3.47564E-6 1.23496E-5 1.15348E-5 7.79613E-6 5.49063E-5 3.64501E-5 1.39499E-5 1.79849E-5 2.1762E-5 1.88038E-5 2.68027E-5 2.52009E-6 2.88494E-6 2.19703E-6 2.77021E-6 3.06455E-6 4.49911E-6 6.74233E-6 4.86332E-6 9.4084E-6 9.68466E-6 8.92501E-6 9.24688E-6 1.51641E-5 1.982E-5 1.8498E-5 2.44414E-5 2.90334E-5 3.75989E-5
-9999 -9999 -9999 -9999 -9999 -9999 -9999 -9999 -9999 -9999 -9999 -9999 -9999 -9999 -9999 -9999 -9999 4.5652E-4 1.89581E-4 1.28115E-4 4.6574E-5 -9999 -9999 -9999 1.58008E-5 1.48143E-5 2.47913E-5 3.12825E-5 6.71219E-5 5.75514E-6 3.9599E-5 1.34848E-5 2.74033E-6 3.15288E-6 1.0764E-5 5.21531E-6 4.41575E-6 7.97413E-6 1.423E-5 1.58307E-5 1.85716E-5 2.83453E-5 6.365E-5 5.76989E-5 5.75707E-5 2.48165E-5 2.15509E-5 3.09726E-5 3.16471E-6 4.82428E-6 4.7191E-6 7.65454E-6 9.18661E-6 7.54099E-6 8.49699E-6 7.51327E-6 9.51714E-6 8.62052E-6 1.54875E-5 2.49641E-5 3.84606E-5 4.65874E-5 6.36109E-5 8.38955E-5 9.4191E-5 1.02351E-4
-9999 -9999 -9999 -9999 -9999 -9999 -9999 -9999 -9999 -9999 -9999 -9999 -9999 -9999 -9999 -9999 -9999 -9999 1.47245E-4 8.14271E-5 8.33666E-5 4.71765E-5 3.26277E-5 2.95176E-5 1.81518E-5 2.5391E-5 6.11801E-5 7.44639E-5 6.22224E-5 1.90434E-5 1.54251E-6 4.75943E-6 5.43382E-6 1.49393E-5 4.06297E-6 1.87206E-6 2.44961E-5 2.21314E-5 1.60879E-5 1.73045E-5 4.44224E-6 6.91752E-6 1.91945E-5 2.07657E-5 2.14623E-5 2.51506E-5 2.66261E-5 3.37065E-5 6.18448E-5 7.6025E-6 8.54343E-6 1.13709E-5 1.31232E-5 1.16787E-5 7.96263E-6 1.01132E-5 1.2167E-5 1.36868E-5 3.83318E-5 1.11887E-4 1.19487E-4 1.61689E-4 2.09759E-4 2.38868E-4 2.41387E-4 2.38412E-4
-9999 -9999 -9999 -9999 -9999 -9999 -9999 -9999 -9999 -9999 -9999 -9999 -9999 1.28715E-1 -9999 -9999 -9999 -9999 -9999 7.44037E-5 7.55863E-5 1.22625E-4 6.26467E-5 4.17609E-5 2.93317E-5 3.36602E-5 3.20071E-5 4.41313E-5 3.62324E-5 3.70567E-5 9.52491E-6 5.72509E-6 4.51019E-6 3.80605E-5 8.3894E-6 3.67716E-6 8.34297E-6 3.67295E-5 1.62325E-5 1.7764E-5 1.07471E-5 1.20466E-5 9.42747E-6 1.79816E-6 8.96993E-6 2.53998E-5 1.16493E-4 5.14709E-5 6.74214E-5 6.1988E-6 6.43227E-6 9.50536E-5 1.14379E-4 1.03294E-5 1.02477E-5 1.40755E-5 2.42203E-5 3.40242E-5 7.66731E-5 1.85859E-4 3.62689E-4 -9999 -9999 -9999 -9999 -9999
-9999 -9999 -9999 -9999 -9999 -9999 -9999 -9999 -9999 -9999 -9999 -9999 -9999 1.19721E-1 -9999 -9999 -9999 -9999 -9999 -9999 7.12141E-5 8.00894E-5 1.53584E-4 4.68571E-5 4.20183E-5 4.54317E-5 4.37569E-5 6.51398E-5 9.29171E-5 3.67774E-5 2.02024E-5 4.2945E-5 2.47394E-5 4.22668E-5 7.01323E-6 4.88151E-6 9.27481E-6 8.57907E-5 2.22931E-5 1.74756E-5 1.52142E-5 5.315E-5 7.15031E-5 2.1899E-5 1.69646E-4 5.80176E-5 2.53634E-5 8.69823E-5 5.48512E-5 6.20577E-5 6.34634E-5 6.46928E-5 6.37499E-5 7.32801E-6 1.53408E-5 3.23678E-5 8.95923E-5 1.61746E-4 1.903E-4 2.28773E-4 -9999 -9999 -9999 -9999 -9999 -9999
-9999 -9999 -9999 -9999 -9999 -9999 -9999 -9999 -9999 -9999 -9999 -9999 -9999 -9999 -9999 -9999 -9999 -9999 4.36871E-5 3.38767E-5 -9999 1.00515E-4 1.19164E-4 1.24709E-4 5.09186E-5 4.10961E-5 7.02942E-5 2.05684E-4 2.96607E-4 1.30201E-4 2.05961E-5 7.60463E-5 5.4865E-5 8.64014E-5 5.02939E-5 1.24612E-5 9.68264E-6 8.77577E-5 4.05663E-5 1.84543E-5 3.37149E-5 4.91853E-5 8.57515E-5 1.4197E-4 2.62278E-4 7.60317E-5 1.84688E-4 4.38197E-5 3.72705E-5 4.6884E-5 5.51517E-5 4.95693E-5 5.28552E-5 1.1003E-4 2.63044E-5 9.50857E-5 2.58675E-4 3.19216E-4 -9999 -9999 -9999 -9999 -9999 -9999 -9999 -9999
-9999 -9999 -9999 -9999 -9999 -9999 -9999 -9999 -9999 -9999 -9999 -9999 -9999 -9999 -9999 -9999 -9999 -9999 -9999 3.62112E-4 3.52895E-4 1.73726E-4 1.18558E-4 1.08031E-4 8.03465E-5 4.84354E-5 -9999 2.50552E-4 2.63738E-4 1.33996E-4 2.549E-5 3.84955E-5 9.26647E-5 5.99455E-5 1.26834E-4 5.54419E-5 1.55509E-5 8.2077E-5 7.12021E-5 3.0188E-5 3.49158E-5 6.00437E-5 1.87677E-4 2.00932E-4 5.2459E-4 6.77952E-4 3.10164E-4 2.23474E-5 2.1913E-5 4.30504E-5 5.59221E-5 6.24789E-5 9.34069E-5 1.77159E-4 5.15339E-5 2.37164E-4 3.75304E-4 -9999 -9999 -9999 -9999 -9999 -9999 -9999 -9999 -9999
-9999 -9999 -9999 -9999 -9999 -9999 -9999 -9999 -9999 -9999 -9999 -9999 -9999 -9999 -9999 -9999 -9999 -9999 -9999 -9999 3.9982E-4 2.63627E-4 1.95523E-4 8.83069E-5 1.03344E-4 6.79225E-5 5.00342E-5 -9999 1.43746E-4 3.69556E-5 2.22438E-5 2.60703E-5 5.56704E-5 4.41395E-5 8.82993E-5 1.17419E-4 4.22061E-5 1.35967E-4 1.38945E-4 4.50164E-5 2.86402E-5 9.65249E-5 3.58686E-5 3.53529E-4 5.96345E-4 3.66903E-4 1.32696E-4 3.18221E-5 3.75541E-5 4.50737E-5 5.23561E-5 7.77106E-5 1.39121E-4 2.37579E-4 8.75597E-5 2.69629E-4 -9999 -9999 -9999 -9999 -9999 -9999 -9999 -9999 -9999 -9999
-9999 -9999 -9999 -9999 -9999 -9999 -9999 -9999 -9999 -9999 -9999 -9999 -9999 -9999 -9999 -9999 -9999 -9999 -9999 -9999 -9999 2.08914E-4 1.99835E-4 1.20708E-4 1.84627E-4 2.83671E-4 1.24643E-4 1.60858E-4 -9999 -9999 3.84439E-5 3.14875E-5 3.35298E-5 6.75633E-5 4.71789E-5 2.72608E-4 1.51711E-4 3.5556E-5 1.86015E-5 6.94263E-5 3.24216E-5 3.9864E-5 1.46344E-4 2.30877E-4 2.57203E-4 1.51451E-4 1.48976E-5 1.53984E-5 1.41831E-4 1.19715E-4 7.0859E-5 1.00528E-4 1.70411E-4 3.04037E-4 1.06163E-4 4.34173E-4 -9999 -9999 -9999 -9999 -9999 -9999 -9999 -9999 -9999 -9999
-9999 -9999 -9999 -9999 -9999 -9999 -9999 -9999 -9999 -9999 -9999 -9999 -9999 -9999 -9999 -9999 -9999 -9999 -9999 -9999 -9999 -9999 -9999 -9999 1.84483E-4 2.80861E-4 3.28276E-4 2.22665E-4 -9999 -9999 -9999 3.44267E-5 3.18357E-5 1.10855E-4 4.97918E-4 4.17459E-4 5.76576E-4 2.07596E-4 2.5137E-5 1.24505E-5 5.24507E-5 3.95134E-5 5.9254E-5 8.24135E-5 1.1251E-4 3.28274E-4 4.94197E-4 3.31124E-4 4.43967E-4 7.01147E-4 2.92056E-4 1.17079E-4 1.7654E-4 4.44287E-4 1.5173E-3 5.44937E-4 -9999 -9999 -9999 -9999 -9999 -9999 -9999 -9999 -9999 -9999
-9999 -9999 -9999 -9999 -9999 -9999 -9999 -9999 -9999 -9999 -9999 -9999 -9999 -9999 -9999 -9999 -9999 -9999 -9999 -9999 -9999 -9999 -9999 -9999 -9999 1.98572E-4 2.65983E-4 2.74813E-4 1.76167E-4 -9999 -9999 5.52204E-5 6.19884E-5 6.08066E-5 3.49149E-4 1.6856E-3 1.856E-3 9.33276E-4 1.03134E-4 1.08315E-5 9.10205E-5 7.47328E-5 5.64495E-5 3.44947E-5 7.48146E-5 1.62781E-4 3.60426E-4 5.75727E-4 1.61037E-3 1.17396E-3 2.36405E-4 1.33648E-4 2.91859E-4 5.74288E-4 1.68325E-3 4.6584E-4 -9999 -9999 -9999 -9999 -9999 -9999 -9999 -9999 -9999 -9999
