final project/Practice/maxentOut/species_maxentOut_stddev.asc
ncols         186
nrows         192
xllcorner     -125.0
yllcorner     -56.0
cellsize      0.5
NODATA_value  -9999
[rows 87 to 115 of 192, columns 66 to 131 of 186]
-9999 -9999 -9999 -9999 -9999 -9999 -9999 -9999 -9999 -9999 -9999 -9999 -9999 -9999 -9999 -9999 -9999 -9999 -9999 -9999 -9999 -9999 1.11183E-3 3.56923E-3 3.01976E-2 1.99149E-1 3.7173E-2 1.84113E-2 2.81248E-2 3.91694E-2 4.06547E-2 4.13551E-2 4.10692E-2 3.8281E-2 3.29672E-2 3.20406E-2 3.83383E-2 4.10472E-2 4.65023E-2 5.07117E-2 5.20497E-2 5.21081E-2 5.28817E-2 5.26926E-2 5.83022E-2 6.34678E-2 6.41467E-2 5.99328E-2 6.12781E-2 6.44882E-2 6.81578E-2 7.24738E-2 7.51257E-2 8.75036E-2 9.85157E-2 8.87446E-2 8.03753E-2 8.24917E-2 8.89654E-2 9.89677E-2 1.11436E-1 1.20289E-1 1.33339E-1 1.37924E-1 1.33487E-1 1.19475E-1
-9999 -9999 -9999 -9999 -9999 -9999 -9999 -9999 -9999 -9999 -9999 -9999 -9999 -9999 -9999 -9999 -9999 -9999 -9999 -9999 -9999 8.92875E-4 2.066E-3 3.70489E-3 3.16244E-2 1.79173E-1 3.60277E-2 1.54513E-2 3.02496E-2 4.36334E-2 4.53211E-2 4.73254E-2 4.55727E-2 4.44984E-2 4.43856E-2 4.19722E-2 4.58938E-2 5.14665E-2 5.09723E-2 5.22475E-2 5.16679E-2 4.61972E-2 4.58648E-2 5.28054E-2 5.96778E-2 6.239E-2 6.09059E-2 6.09388E-2 6.26275E-2 6.81154E-2 7.22238E-2 7.81876E-2 7.93991E-2 8.32302E-2 8.47075E-2 8.55494E-2 8.0767E-2 8.37962E-2 8.78371E-2 9.35457E-2 9.81906E-2 1.02382E-1 1.08777E-1 1.11374E-1 9.7574E-2 9.53472E-2
-9999 -9999 -9999 -9999 -9999 -9999 -9999 -9999 -9999 -9999 -9999 -9999 -9999 -9999 -9999 -9999 -9999 -9999 -9999 -9999 -9999 6.10372E-4 4.76699E-4 7.80611E-4 1.15354E-1 1.75803E-1 4.42934E-2 2.13394E-2 3.04415E-2 4.65875E-2 5.01038E-2 5.09799E-2 4.92743E-2 4.93985E-2 5.42088E-2 5.861E-2 5.13852E-2 4.91609E-2 5.18628E-2 5.30502E-2 5.11508E-2 4.72566E-2 4.66313E-2 5.34379E-2 5.81306E-2 6.24684E-2 6.3729E-2 6.56541E-2 6.67564E-2 7.19581E-2 7.87717E-2 8.12844E-2 8.23343E-2 8.41464E-2 8.54931E-2 8.64127E-2 8.70826E-2 8.4329E-2 8.44467E-2 8.5941E-2 8.86145E-2 1.0153E-1 9.96318E-2 9.73026E-2 8.31416E-2 7.78846E-2
-9999 -9999 -9999 -9999 -9999 -9999 -9999 -9999 -9999 -9999 -9999 -9999 -9999 -9999 -9999 -9999 -9999 -9999 -9999 -9999 -9999 4.21909E-4 2.56889E-4 3.69524E-4 2.2344E-2 1.40843E-1 2.14247E-2 2.36606E-2 2.21481E-2 3.22595E-2 4.72183E-2 5.39296E-2 5.39134E-2 5.01801E-2 5.65569E-2 6.38935E-2 5.37929E-2 4.43058E-2 5.19371E-2 5.09415E-2 5.10722E-2 4.99783E-2 5.10329E-2 5.5916E-2 5.97189E-2 6.76245E-2 6.82676E-2 6.63137E-2 6.85391E-2 7.25957E-2 7.78205E-2 8.07807E-2 8.40479E-2 8.43024E-2 8.32013E-2 8.2614E-2 8.06316E-2 8.04053E-2 8.25067E-2 8.44141E-2 8.66548E-2 8.97232E-2 8.75453E-2 8.56541E-2 7.19011E-2 6.46291E-2
-9999 -9999 -9999 -9999 -9999 -9999 -9999 -9999 -9999 -9999 -9999 -9999 -9999 -9999 -9999 -9999 -9999 -9999 -9999 -9999 -9999 1.34009E-3 8.44175E-4 3.97156E-4 3.31159E-3 1.33476E-1 1.40053E-2 7.1227E-2 1.32866E-1 2.12882E-2 2.70563E-2 5.04974E-2 4.44988E-2 5.22829E-2 6.51619E-2 5.93148E-2 4.95864E-2 4.43497E-2 4.78213E-2 5.19809E-2 5.21057E-2 5.23517E-2 5.27037E-2 5.51678E-2 5.93482E-2 6.34844E-2 6.4968E-2 6.38556E-2 6.56605E-2 6.9339E-2 7.35776E-2 7.83589E-2 8.07216E-2 8.21706E-2 8.0174E-2 7.17929E-2 6.70028E-2 7.20814E-2 7.66031E-2 8.15232E-2 8.49357E-2 8.49639E-2 7.50919E-2 7.25323E-2 5.99548E-2 4.79765E-2
-9999 -9999 -9999 -9999 -9999 -9999 -9999 -9999 -9999 -9999 -9999 -9999 -9999 -9999 -9999 -9999 -9999 -9999 -9999 -9999 -9999 1.65699E-3 1.25019E-3 1.23372E-3 1.06141E-3 1.00468E-1 1.23233E-1 9.48398E-2 1.42346E-1 1.26777E-1 2.19456E-2 2.72316E-2 3.12809E-2 4.26221E-2 5.19576E-2 4.63904E-2 3.98137E-2 4.42178E-2 4.70252E-2 5.23054E-2 5.22491E-2 5.15785E-2 5.37312E-2 5.26703E-2 5.42131E-2 5.42009E-2 5.81619E-2 6.04075E-2 6.0496E-2 6.49602E-2 6.84477E-2 7.03758E-2 7.44717E-2 7.56271E-2 7.80954E-2 6.48716E-2 6.03031E-2 6.24755E-2 6.59383E-2 7.0318E-2 7.36136E-2 7.12681E-2 6.25017E-2 5.67272E-2 4.47401E-2 3.96087E-2
-9999 -9999 -9999 -9999 -9999 -9999 -9999 -9999 -9999 -9999 -9999 -9999 -9999 -9999 -9999 -9999 -9999 -9999 -9999 -9999 -9999 -9999 2.50392E-3 1.57421E-3 1.7915E-3 1.46442E-2 1.59783E-2 1.21513E-1 1.32195E-1 8.51454E-2 1.13618E-2 9.19885E-3 1.80788E-2 3.07743E-2 3.39268E-2 3.39151E-2 3.70847E-2 4.37011E-2 4.56802E-2 4.94421E-2 4.99425E-2 5.21899E-2 5.1463E-2 5.45018E-2 5.22215E-2 4.83802E-2 5.14957E-2 5.53492E-2 5.53237E-2 5.90441E-2 6.2061E-2 6.34535E-2 6.28308E-2 6.35195E-2 6.43336E-2 5.86793E-2 5.48311E-2 5.25808E-2 5.32045E-2 5.6896E-2 6.14557E-2 5.93492E-2 5.27126E-2 4.2947E-2 3.4285E-2 2.99619E-2
-9999 -9999 -9999 -9999 -9999 -9999 -9999 -9999 -9999 -9999 -9999 -9999 -9999 -9999 -9999 -9999 -9999 -9999 -9999 -9999 -9999 -9999 -9999 -9999 1.7963E-3 4.65053E-3 5.64825E-2 8.90709E-2 1.16374E-1 9.29359E-2 1.67931E-2 1.27303E-2 1.81456E-2 2.50437E-2 2.38735E-2 3.00932E-2 3.5794E-2 4.16243E-2 4.4697E-2 4.72053E-2 4.65984E-2 4.75931E-2 5.13377E-2 5.42394E-2 5.11135E-2 4.63344E-2 4.67136E-2 4.8191E-2 5.06643E-2 5.41788E-2 5.82668E-2 5.68596E-2 5.1315E-2 4.88563E-2 5.27425E-2 5.17792E-2 4.76462E-2 4.29794E-2 4.12719E-2 4.33752E-2 4.62251E-2 4.68551E-2 4.24241E-2 3.38512E-2 2.56332E-2 2.16666E-2
-9999 -9999 -9999 -9999 -9999 -9999 -9999 -9999 -9999 -9999 -9999 -9999 -9999 -9999 -9999 -9999 -9999 -9999 -9999 -9999 -9999 -9999 -9999 -9999 5.07874E-3 6.5438E-3 3.39248E-2 5.54849E-2 7.04216E-2 1.00521E-1 2.50315E-2 1.66602E-2 1.93946E-2 2.53902E-2 2.51702E-2 2.89916E-2 3.32008E-2 3.86961E-2 4.11817E-2 4.18103E-2 4.1436E-2 4.24602E-2 4.91702E-2 5.16711E-2 4.66494E-2 4.26523E-2 4.10894E-2 4.15534E-2 4.58175E-2 4.89026E-2 5.20267E-2 5.35731E-2 4.73135E-2 4.29214E-2 4.86517E-2 4.65004E-2 4.33715E-2 3.62716E-2 3.32751E-2 3.31309E-2 3.57216E-2 3.64681E-2 3.51814E-2 2.85954E-2 2.13058E-2 1.63229E-2
-9999 -9999 -9999 -9999 -9999 -9999 -9999 -9999 -9999 -9999 -9999 -9999 -9999 -9999 -9999 -9999 -9999 -9999 -9999 -9999 -9999 -9999 -9999 -9999 -9999 1.25217E-2 3.59458E-2 3.90911E-3 7.00554E-3 6.89244E-2 7.31887E-2 2.42448E-2 1.86961E-2 2.70957E-2 2.57335E-2 2.49744E-2 2.95484E-2 3.4233E-2 3.9275E-2 3.89785E-2 3.89583E-2 4.21678E-2 4.52366E-2 4.41373E-2 4.27581E-2 3.7212E-2 3.36768E-2 3.46967E-2 3.87387E-2 4.31366E-2 4.3429E-2 4.56172E-2 4.656E-2 4.42048E-2 4.41129E-2 4.25809E-2 4.18133E-2 3.72552E-2 3.10548E-2 2.99404E-2 2.85278E-2 2.54811E-2 2.28259E-2 1.9824E-2 1.57549E-2 1.24553E-2
-9999 -9999 -9999 -9999 -9999 -9999 -9999 -9999 -9999 -9999 -9999 -9999 -9999 -9999 -9999 -9999 -9999 -9999 -9999 -9999 -9999 -9999 -9999 -9999 -9999 -9999 1.85688E-2 2.77666E-2 3.5876E-3 3.83183E-2 6.65252E-2 2.6558E-2 2.33831E-2 3.76565E-2 2.8561E-2 2.33962E-2 2.56321E-2 2.95012E-2 3.11587E-2 3.33726E-2 3.52947E-2 3.7797E-2 4.01186E-2 3.83231E-2 3.52062E-2 3.23286E-2 2.61189E-2 2.88802E-2 3.39993E-2 3.86167E-2 3.87832E-2 3.70564E-2 3.89993E-2 4.04073E-2 4.09998E-2 3.84502E-2 3.86654E-2 3.65911E-2 3.00135E-2 2.51008E-2 1.98974E-2 1.85224E-2 1.62135E-2 1.31876E-2 1.11652E-2 9.50054E-3
-9999 -9999 -9999 -9999 -9999 -9999 -9999 -9999 -9999 -9999 -9999 -9999 -9999 -9999 -9999 -9999 -9999 -9999 -9999 -9999 -9999 -9999 -9999 -9999 -9999 -9999 1.41291E-2 2.14291E-2 2.79973E-3 3.14654E-2 5.15186E-2 6.35101E-2 2.84719E-2 4.29405E-2 2.14049E-2 2.51958E-2 2.53402E-2 2.66825E-2 3.08101E-2 3.08595E-2 3.01658E-2 3.16391E-2 3.30822E-2 3.34276E-2 3.10605E-2 2.7402E-2 2.30963E-2 2.73347E-2 3.38296E-2 3.59564E-2 3.59099E-2 3.33354E-2 2.92774E-2 3.34594E-2 3.74808E-2 3.76581E-2 3.73718E-2 3.29395E-2 2.65634E-2 1.87565E-2 1.50311E-2 1.11267E-2 1.05194E-2 9.67995E-3 8.38738E-3 7.21384E-3
-9999 -9999 -9999 -9999 -9999 -9999 -9999 -9999 -9999 -9999 -9999 -9999 -9999 -9999 -9999 -9999 -9999 -9999 -9999 -9999 -9999 -9999 -9999 -9999 -9999 -9999 -9999 1.70078E-2 2.7757E-2 3.36714E-3 5.01515E-2 5.702E-2 4.92677E-2 3.53981E-2 2.32453E-2 2.61508E-2 2.7896E-2 2.79752E-2 3.00126E-2 2.83584E-2 2.70965E-2 2.91344E-2 2.90763E-2 2.82379E-2 2.55E-2 2.47085E-2 2.59867E-2 3.12237E-2 3.41667E-2 3.42441E-2 3.15464E-2 2.9523E-2 2.31449E-2 2.50533E-2 3.17746E-2 3.46676E-2 3.28855E-2 2.52913E-2 1.87113E-2 1.04546E-2 7.46539E-3 6.46663E-3 6.66934E-3 7.46729E-3 7.55896E-3 6.66475E-3
-9999 -9999 -9999 -9999 -9999 -9999 -9999 -9999 -9999 -9999 -9999 -9999 -9999 -9999 -9999 -9999 -9999 -9999 -9999 -9999 -9999 -9999 -9999 -9999 -9999 -9999 -9999 1.50132E-2 2.95441E-2 3.20609E-2 7.26115E-3 8.01147E-2 8.10518E-2 3.5754E-2 2.88943E-2 2.67401E-2 2.79201E-2 2.51992E-2 2.61295E-2 2.51867E-2 2.63873E-2 2.69164E-2 2.51198E-2 2.31722E-2 1.91389E-2 1.99275E-2 2.52769E-2 3.18143E-2 3.18869E-2 3.07003E-2 2.68339E-2 2.32215E-2 2.05851E-2 1.9933E-2 2.39468E-2 2.84111E-2 2.70674E-2 2.05288E-2 1.32093E-2 5.8742E-3 4.88936E-3 6.41474E-3 6.38537E-3 7.18317E-3 7.9097E-3 6.76827E-3
-9999 -9999 -9999 -9999 -9999 -9999 -9999 -9999 -9999 -9999 -9999 -9999 -9999 -9999 -9999 -9999 -9999 -9999 -9999 -9999 -9999 -9999 -9999 -9999 -9999 -9999 -9999 -9999 1.86568E-2 3.40653E-2 6.11301E-2 1.56244E-2 1.01845E-1 9.96533E-2 3.98621E-2 3.72888E-2 1.96758E-2 2.24762E-2 2.41826E-2 2.32355E-2 2.54483E-2 2.54612E-2 2.44752E-2 2.18777E-2 1.57645E-2 1.39368E-2 1.70377E-2 2.70118E-2 2.71216E-2 2.3503E-2 1.85889E-2 1.40416E-2 1.68235E-2 1.3359E-2 1.72043E-2 2.118E-2 1.90027E-2 1.50573E-2 9.22331E-3 7.73916E-3 6.13E-3 7.4665E-3 7.87429E-3 9.21797E-3 9.15696E-3 7.58569E-3
-9999 -9999 -9999 -9999 -9999 -9999 -9999 -9999 -9999 -9999 -9999 -9999 -9999 -9999 -9999 -9999 -9999 -9999 -9999 -9999 -9999 -9999 -9999 -9999 -9999 -9999 -9999 -9999 1.33671E-2 2.01124E-2 4.64919E-2 1.31236E-2 7.83953E-2 1.00458E-1 8.57821E-2 2.59859E-2 1.69532E-2 1.83074E-2 2.39995E-2 2.20445E-2 2.36818E-2 2.6467E-2 2.53452E-2 2.14423E-2 1.54197E-2 1.24806E-2 1.3522E-2 1.7871E-2 1.98734E-2 1.55485E-2 1.14372E-2 9.11931E-3 1.15806E-2 1.15868E-2 1.21218E-2 1.37164E-2 1.26265E-2 1.02842E-2 8.27112E-3 7.65905E-3 8.82343E-3 1.02744E-2 1.27516E-2 1.3215E-2 1.26282E-2 9.11239E-3
-9999 -9999 -9999 -9999 -9999 -9999 -9999 -9999 -9999 -9999 -9999 -9999 -9999 -9999 -9999 -9999 -9999 -9999 -9999 -9999 -9999 -9999 -9999 -9999 -9999 -9999 -9999 -9999 1.60721E-2 1.34151E-2 2.56836E-2 6.85487E-3 5.06387E-2 8.55711E-3 6.9163E-2 3.89733E-2 4.53109E-2 1.28711E-2 2.02445E-2 2.16766E-2 2.84371E-2 3.08206E-2 3.11989E-2 2.40983E-2 1.79415E-2 1.47879E-2 1.51861E-2 1.56137E-2 1.50643E-2 3.63812E-3 9.27062E-3 2.53937E-3 9.12557E-3 9.36011E-3 8.3368E-3 9.67602E-3 8.79495E-3 7.4269E-3 6.8843E-3 9.41276E-3 1.05321E-2 1.19784E-2 1.74288E-2 2.07194E-2 2.40359E-3 1.8681E-3
-9999 -9999 -9999 -9999 -9999 -9999 -9999 -9999 -9999 -9999 -9999 -9999 -9999 -9999 -9999 -9999 -9999 -9999 -9999 -9999 -9999 -9999 -9999 -9999 -9999 -9999 -9999 -9999 -9999 1.13479E-2 1.03856E-2 3.36815E-2 6.28866E-3 4.49245E-2 5.12576E-2 4.36338E-2 3.82971E-2 3.05311E-2 1.23179E-2 4.06657E-2 2.70912E-2 3.79636E-2 4.108E-2 3.7189E-2 2.80817E-2 2.00783E-2 1.85836E-2 1.73889E-2 4.50732E-3 3.53586E-3 2.86354E-3 8.22664E-3 2.38489E-3 7.41424E-3 6.05862E-3 5.67299E-3 6.08979E-3 5.93377E-3 6.23893E-3 1.00552E-2 1.43219E-2 1.38221E-2 2.06384E-2 4.84772E-3 3.99362E-3 2.46955E-3
-9999 -9999 -9999 -9999 -9999 -9999 -9999 -9999 -9999 -9999 -9999 -9999 -9999 -9999 -9999 -9999 -9999 -9999 -9999 -9999 -9999 -9999 -9999 -9999 -9999 -9999 -9999 -9999 -9999 -9999 7.7112E-3 1.81385E-2 3.72708E-2 5.07298E-3 4.00886E-2 3.72334E-2 3.64773E-2 2.27782E-2 2.63384E-2 4.723E-2 6.91432E-2 3.78439E-2 5.32498E-2 5.3281E-2 4.39293E-2 3.12561E-2 7.24965E-3 6.43129E-3 4.90236E-3 1.19345E-2 9.06067E-3 2.42306E-3 1.97725E-3 1.86771E-3 1.3563E-3 1.15026E-3 4.86458E-3 5.02823E-3 5.19703E-3 6.94895E-3 9.54598E-3 1.58448E-2 2.98859E-2 9.5011E-3 6.58854E-3 4.57687E-3
-9999 -9999 -9999 -9999 -9999 -9999 -9999 -9999 -9999 -9999 -9999 -9999 -9999 -9999 -9999 -9999 -9999 -9999 -9999 -9999 -9999 -9999 -9999 -9999 -9999 -9999 -9999 -9999 -9999 -9999 7.50876E-3 5.98436E-3 1.78941E-2 4.01517E-3 4.09502E-3 2.56498E-2 3.17662E-2 3.96027E-2 4.00498E-3 1.37735E-2 2.03098E-3 7.92515E-2 1.1161E-1 6.7882E-2 5.08465E-2 4.14753E-2 3.20869E-2 2.48052E-2 1.98102E-2 1.27993E-2 3.06779E-3 2.36177E-3 1.89791E-3 5.41175E-3 1.58123E-3 1.32775E-3 1.3197E-3 1.18215E-3 5.98367E-3 1.3832E-3 9.17636E-3 1.11408E-2 2.129E-2 2.86183E-2 3.93868E-2 6.89472E-3
-9999 -9999 -9999 -9999 -9999 -9999 -9999 -9999 -9999 -9999 -9999 -9999 -9999 -9999 -9999 -9999 -9999 -9999 -9999 -9999 -9999 -9999 -9999 -9999 -9999 -9999 -9999 -9999 -9999 -9999 -9999 6.22215E-3 3.42362E-3 2.01495E-2 2.80975E-3 2.54177E-3 2.01116E-2 2.36916E-3 1.90436E-3 1.1923E-2 9.68077E-4 4.22573E-4 5.39763E-4 5.41968E-2 1.17479E-1 5.61681E-2 3.51011E-2 2.73395E-2 2.07239E-2 1.31755E-2 3.15552E-3 2.55969E-3 2.04803E-3 6.19676E-3 1.76117E-3 1.63449E-3 5.31087E-3 1.23837E-3 1.25094E-3 7.5464E-3 8.40823E-3 1.08942E-2 5.2524E-3 1.83616E-2 3.56154E-2 8.06129E-3
-9999 -9999 -9999 -9999 -9999 -9999 -9999 -9999 -9999 -9999 -9999 -9999 -9999 -9999 -9999 -9999 -9999 -9999 -9999 -9999 -9999 -9999 -9999 -9999 -9999 -9999 -9999 -9999 -9999 -9999 -9999 4.60539E-3 1.56546E-3 2.89215E-3 1.57178E-2 2.20844E-3 2.40707E-3 1.64754E-2 1.15045E-3 6.39945E-3 5.141E-4 1.85845E-3 1.84425E-4 3.00774E-4 2.2368E-3 1.6151E-1 1.57358E-1 5.59339E-2 1.84669E-2 3.80093E-3 3.05992E-3 2.66282E-3 2.35568E-3 2.18402E-3 2.09215E-3 6.22975E-3 1.43236E-3 4.52658E-3 1.15419E-3 5.83881E-3 7.43804E-3 8.21713E-3 7.01398E-3 1.40241E-2 1.53531E-2 7.96029E-3
-9999 -9999 -9999 -9999 -9999 -9999 -9999 -9999 -9999 -9999 -9999 -9999 -9999 -9999 -9999 -9999 -9999 -9999 -9999 -9999 -9999 -9999 -9999 -9999 -9999 -9999 -9999 -9999 -9999 -9999 -9999 -9999 3.55541E-3 1.12758E-3 5.21579E-3 1.67515E-2 2.60497E-3 1.70054E-2 6.86322E-4 4.71784E-4 2.99226E-4 1.5034E-4 7.47527E-5 2.55396E-4 9.81972E-4 2.33518E-3 2.00464E-1 1.51808E-1 2.17268E-2 1.33248E-2 3.20462E-3 3.02882E-3 2.95744E-3 2.70932E-3 2.68303E-3 7.54414E-3 5.15785E-3 4.20322E-3 4.29126E-3 4.92147E-3 6.35796E-3 6.77493E-3 1.12921E-2 1.73299E-2 3.92001E-3 2.14534E-2
-9999 -9999 -9999 -9999 -9999 -9999 -9999 -9999 -9999 -9999 -9999 -9999 -9999 -9999 -9999 -9999 -9999 -9999 -9999 -9999 -9999 -9999 -9999 -9999 -9999 -9999 -9999 -9999 -9999 -9999 -9999 -9999 -9999 3.53861E-3 2.35027E-3 8.32914E-3 1.73565E-2 1.28562E-2 6.30982E-4 3.79343E-4 2.77609E-4 1.92954E-4 2.46466E-4 6.61892E-4 4.07345E-3 4.93999E-3 1.07411E-1 5.60364E-2 2.6175E-2 2.12143E-2 1.38934E-2 1.27743E-2 3.37577E-3 3.58172E-3 3.12865E-3 2.68096E-3 5.79305E-3 3.66418E-3 4.28791E-3 4.92673E-3 5.90697E-3 6.78149E-3 6.93619E-3 8.08587E-3 7.13907E-3 8.66388E-3
-9999 -9999 -9999 -9999 -9999 -9999 -9999 -9999 -9999 -9999 -9999 -9999 -9999 -9999 -9999 -9999 -9999 -9999 -9999 -9999 -9999 -9999 -9999 -9999 -9999 -9999 -9999 -9999 -9999 -9999 -9999 -9999 -9999 -9999 9.50406E-3 1.01189E-2 1.11251E-2 1.26302E-2 7.20299E-3 5.98971E-3 2.66165E-4 2.45866E-4 4.43028E-4 1.32629E-3 1.09548E-2 9.9983E-3 3.2699E-2 1.70496E-2 4.3131E-2 3.44067E-2 2.09567E-2 1.49002E-2 4.35698E-3 4.44029E-3 1.50932E-2 1.2828E-2 7.54731E-3 3.43459E-3 3.80293E-3 6.65992E-3 7.60089E-3 7.88787E-3 2.24827E-2 2.12154E-2 2.18392E-3 3.68655E-3
-9999 -9999 -9999 -9999 -9999 -9999 -9999 -9999 -9999 -9999 -9999 -9999 -9999 -9999 -9999 -9999 -9999 -9999 -9999 -9999 -9999 -9999 -9999 -9999 -9999 -9999 -9999 -9999 -9999 -9999 -9999 -9999 -9999 -9999 -9999 1.12938E-2 1.67537E-2 1.68033E-2 1.38775E-2 1.07424E-2 7.69628E-3 3.36285E-4 5.73517E-3 1.31723E-3 5.0416E-3 6.43617E-3 1.99911E-3 2.23926E-3 9.07329E-2 5.92988E-2 4.60605E-2 2.87261E-2 1.83163E-2 1.96853E-2 1.88803E-2 1.5791E-2 1.12109E-2 4.78061E-3 5.38199E-3 8.86816E-3 8.25089E-3 7.37139E-3 7.59749E-3 2.42526E-2 2.18505E-3 1.71252E-3
-9999 -9999 -9999 -9999 -9999 -9999 -9999 -9999 -9999 -9999 -9999 -9999 -9999 -9999 -9999 -9999 -9999 -9999 -9999 -9999 -9999 -9999 -9999 -9999 -9999 -9999 -9999 -9999 -9999 -9999 -9999 -9999 -9999 -9999 -9999 -9999 -9999 1.00212E-2 1.26625E-2 1.61532E-2 1.11117E-2 9.78678E-3 7.39603E-3 6.66045E-4 1.16317E-3 1.52279E-3 7.77187E-4 5.06043E-4 8.07299E-3 3.26031E-2 4.28338E-2 4.75843E-2 4.42214E-2 2.31729E-2 2.20739E-2 1.79298E-2 1.32723E-2 5.7713E-3 4.09269E-3 4.42602E-3 5.76994E-3 7.79274E-3 9.75464E-3 8.5381E-3 6.49351E-3 1.51151E-2
-9999 -9999 -9999 -9999 -9999 -9999 -9999 -9999 -9999 -9999 -9999 -9999 -9999 -9999 -9999 -9999 -9999 -9999 -9999 -9999 -9999 -9999 -9999 -9999 -9999 -9999 -9999 -9999 -9999 -9999 -9999 -9999 -9999 -9999 -9999 -9999 -9999 -9999 -9999 1.16043E-2 1.46617E-2 1.12159E-2 9.21547E-3 5.51973E-3 3.8537E-4 3.73644E-4 2.61573E-4 1.8388E-4 2.12131E-4 4.07021E-4 1.22846E-3 1.09002E-2 3.7427E-2 2.80899E-2 2.20224E-2 1.72148E-2 1.2145E-2 6.34375E-3 3.325E-3 2.67257E-3 2.61872E-3 3.61201E-3 5.58675E-3 9.17742E-3 8.20317E-3 4.72767E-3
-9999 -9999 -9999 -9999 -9999 -9999 -9999 -9999 -9999 -9999 -9999 -9999 -9999 -9999 -9999 -9999 -9999 -9999 -9999 -9999 -9999 -9999 -9999 -9999 -9999 -9999 -9999 -9999 -9999 -9999 -9999 -9999 -9999 -9999 -9999 -9999 -9999 -9999 -9999 -9999 -9999 1.46384E-2 8.07764E-3 6.55314E-3 2.10029E-4 1.80435E-4 1.57388E-4 1.21512E-4 1.33734E-4 1.06278E-4 2.14444E-4 1.89538E-3 5.0335E-4 4.2383E-4 3.2156E-2 5.24035E-2 3.4267E-2 6.76213E-3 2.02832E-3 1.76217E-3 1.68077E-3 1.94938E-3 3.0375E-3 5.21462E-3 4.8733E-3 5.6592E-3
