final project/Practice/maxentOut/species_maxentOut_max.asc
ncols         186
nrows         192
xllcorner     -125.0
yllcorner     -56.0
cellsize      0.5
NODATA_value  -9999
[rows 87 to 115 of 192, columns 66 to 131 of 186]
-9999 -9999 -9999 -9999 -9999 -9999 -9999 -9999 -9999 -9999 -9999 -9999 -9999 -9999 -9999 -9999 -9999 -9999 -9999 -9999 -9999 -9999 2.69789E-3 9.10751E-3 9.572E-2 5.41975E-1 1.56812E-1 5.70634E-2 9.52063E-2 1.30984E-1 1.34458E-1 1.34529E-1 1.35631E-1 1.25607E-1 1.10517E-1 1.08846E-1 1.3097E-1 1.41543E-1 1.57229E-1 1.70859E-1 1.76196E-1 1.75745E-1 1.79764E-1 1.78969E-1 1.9733E-1 2.13437E-1 2.16613E-1 2.01865E-1 2.04937E-1 2.15601E-1 2.27656E-1 2.46012E-1 2.57021E-1 3.0713E-1 3.46683E-1 3.08644E-1 2.7853E-1 2.8114E-1 3.03003E-1 3.44739E-1 3.92324E-1 4.22177E-1 4.84827E-1 5.05329E-1 4.82442E-1 4.26077E-1
-9999 -9999 -9999 -9999 -9999 -9999 -9999 -9999 -9999 -9999 -9999 -9999 -9999 -9999 -9999 -9999 -9999 -9999 -9999 -9999 -9999 2.48694E-3 5.76248E-3 1.10565E-2 9.7076E-2 5.38986E-1 1.53177E-1 5.17641E-2 1.01636E-1 1.50328E-1 1.54524E-1 1.57697E-1 1.50421E-1 1.4668E-1 1.47733E-1 1.40565E-1 1.52117E-1 1.75001E-1 1.70456E-1 1.74302E-1 1.72188E-1 1.53447E-1 1.53649E-1 1.77201E-1 1.99293E-1 2.08258E-1 2.03857E-1 2.03595E-1 2.07886E-1 2.26287E-1 2.40587E-1 2.64876E-1 2.74129E-1 2.92463E-1 2.95697E-1 2.97244E-1 2.75419E-1 2.85787E-1 2.95274E-1 3.24005E-1 3.37334E-1 3.5202E-1 3.79318E-1 3.90698E-1 3.34537E-1 3.28401E-1
-9999 -9999 -9999 -9999 -9999 -9999 -9999 -9999 -9999 -9999 -9999 -9999 -9999 -9999 -9999 -9999 -9999 -9999 -9999 -9999 -9999 1.72107E-3 1.31203E-3 2.11757E-3 3.38589E-1 5.43545E-1 1.82828E-1 7.49261E-2 1.04236E-1 1.62131E-1 1.74257E-1 1.7294E-1 1.65489E-1 1.66876E-1 1.84162E-1 1.9906E-1 1.74814E-1 1.63753E-1 1.70605E-1 1.75105E-1 1.68878E-1 1.56146E-1 1.54188E-1 1.77271E-1 1.93144E-1 2.08986E-1 2.11733E-1 2.17497E-1 2.20359E-1 2.38413E-1 2.64948E-1 2.74988E-1 2.84161E-1 2.93418E-1 2.96619E-1 2.98884E-1 2.98777E-1 2.86002E-1 2.86212E-1 2.92544E-1 3.03767E-1 3.54209E-1 3.46077E-1 3.38747E-1 2.81905E-1 2.64835E-1
-9999 -9999 -9999 -9999 -9999 -9999 -9999 -9999 -9999 -9999 -9999 -9999 -9999 -9999 -9999 -9999 -9999 -9999 -9999 -9999 -9999 1.18334E-3 6.87718E-4 9.61144E-4 6.64563E-2 4.27045E-1 7.17176E-2 7.18154E-2 6.83973E-2 1.11039E-1 1.55807E-1 1.82339E-1 1.81444E-1 1.67609E-1 1.90789E-1 2.18369E-1 1.83556E-1 1.48696E-1 1.70333E-1 1.66338E-1 1.67778E-1 1.63813E-1 1.67874E-1 1.8382E-1 1.97925E-1 2.23979E-1 2.26153E-1 2.18583E-1 2.2591E-1 2.40896E-1 2.61126E-1 2.74073E-1 2.86837E-1 2.89222E-1 2.85222E-1 2.82344E-1 2.74408E-1 2.74967E-1 2.81519E-1 2.85562E-1 2.97294E-1 3.12468E-1 3.03489E-1 2.9587E-1 2.44144E-1 2.17139E-1
-9999 -9999 -9999 -9999 -9999 -9999 -9999 -9999 -9999 -9999 -9999 -9999 -9999 -9999 -9999 -9999 -9999 -9999 -9999 -9999 -9999 4.02049E-3 2.13918E-3 1.03766E-3 9.30261E-3 3.94679E-1 4.41428E-2 2.24735E-1 4.20491E-1 6.65412E-2 8.87415E-2 1.66993E-1 1.47771E-1 1.74547E-1 2.22757E-1 2.0128E-1 1.67801E-1 1.47362E-1 1.56133E-1 1.69746E-1 1.70551E-1 1.71349E-1 1.7202E-1 1.80886E-1 1.94884E-1 2.08394E-1 2.13346E-1 2.09479E-1 2.16412E-1 2.30244E-1 2.45864E-1 2.65085E-1 2.74635E-1 2.77519E-1 2.72421E-1 2.4483E-1 2.28703E-1 2.46236E-1 2.59115E-1 2.78856E-1 2.92973E-1 2.96373E-1 2.57606E-1 2.47597E-1 2.01014E-1 1.58722E-1
-9999 -9999 -9999 -9999 -9999 -9999 -9999 -9999 -9999 -9999 -9999 -9999 -9999 -9999 -9999 -9999 -9999 -9999 -9999 -9999 -9999 5.11332E-3 3.37313E-3 3.00293E-3 2.87017E-3 3.05516E-1 3.63528E-1 2.89262E-1 4.48691E-1 4.03564E-1 7.5662E-2 8.76953E-2 1.01848E-1 1.40757E-1 1.7353E-1 1.54473E-1 1.31785E-1 1.44756E-1 1.51955E-1 1.70072E-1 1.70104E-1 1.68018E-1 1.75259E-1 1.71897E-1 1.76188E-1 1.76336E-1 1.88853E-1 1.96409E-1 1.97147E-1 2.13425E-1 2.26711E-1 2.34352E-1 2.498E-1 2.52974E-1 2.63821E-1 2.17703E-1 2.03197E-1 2.09623E-1 2.19175E-1 2.34782E-1 2.45767E-1 2.40814E-1 2.09875E-1 1.89489E-1 1.46013E-1 1.28384E-1
-9999 -9999 -9999 -9999 -9999 -9999 -9999 -9999 -9999 -9999 -9999 -9999 -9999 -9999 -9999 -9999 -9999 -9999 -9999 -9999 -9999 -9999 7.64382E-3 4.08133E-3 4.69301E-3 4.30095E-2 5.46444E-2 3.67882E-1 4.14632E-1 2.69601E-1 3.26388E-2 2.80998E-2 5.6493E-2 1.00089E-1 1.10849E-1 1.09915E-1 1.18423E-1 1.40133E-1 1.46809E-1 1.60421E-1 1.61846E-1 1.69371E-1 1.66483E-1 1.76431E-1 1.67971E-1 1.55218E-1 1.65031E-1 1.77832E-1 1.77766E-1 1.90945E-1 2.03143E-1 2.09653E-1 2.0863E-1 2.11633E-1 2.15935E-1 1.9673E-1 1.81013E-1 1.73273E-1 1.74342E-1 1.86013E-1 2.01421E-1 1.94319E-1 1.71418E-1 1.37196E-1 1.07693E-1 9.38478E-2
-9999 -9999 -9999 -9999 -9999 -9999 -9999 -9999 -9999 -9999 -9999 -9999 -9999 -9999 -9999 -9999 -9999 -9999 -9999 -9999 -9999 -9999 -9999 -9999 4.82323E-3 1.31817E-2 1.58918E-1 2.62674E-1 3.5669E-1 3.03467E-1 5.42393E-2 3.99316E-2 5.64747E-2 8.08783E-2 7.58356E-2 9.53651E-2 1.12431E-1 1.3231E-1 1.43286E-1 1.51629E-1 1.49866E-1 1.53426E-1 1.65918E-1 1.73574E-1 1.62125E-1 1.4606E-1 1.46521E-1 1.50606E-1 1.59443E-1 1.72386E-1 1.87383E-1 1.84618E-1 1.68367E-1 1.61155E-1 1.75311E-1 1.69987E-1 1.54927E-1 1.38841E-1 1.32494E-1 1.38192E-1 1.45985E-1 1.47491E-1 1.3274E-1 1.0335E-1 7.75332E-2 6.53898E-2
-9999 -9999 -9999 -9999 -9999 -9999 -9999 -9999 -9999 -9999 -9999 -9999 -9999 -9999 -9999 -9999 -9999 -9999 -9999 -9999 -9999 -9999 -9999 -9999 1.51841E-2 2.01764E-2 1.04663E-1 1.57129E-1 2.06056E-1 3.06233E-1 8.26408E-2 4.86875E-2 6.0401E-2 8.2285E-2 8.14162E-2 9.24906E-2 1.03688E-1 1.21433E-1 1.29866E-1 1.32381E-1 1.32317E-1 1.36107E-1 1.57741E-1 1.63708E-1 1.44222E-1 1.29308E-1 1.22729E-1 1.23689E-1 1.39488E-1 1.52011E-1 1.64709E-1 1.73348E-1 1.55183E-1 1.40896E-1 1.59291E-1 1.49989E-1 1.3896E-1 1.15271E-1 1.04471E-1 1.02666E-1 1.08998E-1 1.10543E-1 1.05192E-1 8.58196E-2 6.29365E-2 4.79168E-2
-9999 -9999 -9999 -9999 -9999 -9999 -9999 -9999 -9999 -9999 -9999 -9999 -9999 -9999 -9999 -9999 -9999 -9999 -9999 -9999 -9999 -9999 -9999 -9999 -9999 3.88158E-2 1.074E-1 1.16724E-2 2.1447E-2 1.96467E-1 2.62036E-1 8.31395E-2 5.61682E-2 8.5092E-2 8.27231E-2 8.1109E-2 9.2193E-2 1.06492E-1 1.22037E-1 1.21138E-1 1.22011E-1 1.3309E-1 1.42523E-1 1.35837E-1 1.27151E-1 1.06213E-1 9.41733E-2 9.84674E-2 1.12566E-1 1.31164E-1 1.34491E-1 1.45025E-1 1.5045E-1 1.44163E-1 1.4288E-1 1.35772E-1 1.32185E-1 1.17294E-1 9.54332E-2 9.07272E-2 8.58972E-2 7.60996E-2 6.77816E-2 5.84938E-2 4.67855E-2 3.65868E-2
-9999 -9999 -9999 -9999 -9999 -9999 -9999 -9999 -9999 -9999 -9999 -9999 -9999 -9999 -9999 -9999 -9999 -9999 -9999 -9999 -9999 -9999 -9999 -9999 -9999 -9999 5.66099E-2 8.3218E-2 1.07279E-2 1.06944E-1 1.94398E-1 9.31031E-2 6.7696E-2 1.16752E-1 9.17726E-2 7.70168E-2 8.28646E-2 9.27135E-2 9.75851E-2 1.01087E-1 1.07253E-1 1.15783E-1 1.21939E-1 1.11631E-1 9.68054E-2 8.8538E-2 7.16416E-2 7.7682E-2 9.71407E-2 1.16158E-1 1.19864E-1 1.16967E-1 1.26123E-1 1.31018E-1 1.31431E-1 1.19738E-1 1.19149E-1 1.11805E-1 8.90615E-2 7.36655E-2 5.90418E-2 5.47601E-2 4.79381E-2 3.90063E-2 3.31842E-2 2.81491E-2
-9999 -9999 -9999 -9999 -9999 -9999 -9999 -9999 -9999 -9999 -9999 -9999 -9999 -9999 -9999 -9999 -9999 -9999 -9999 -9999 -9999 -9999 -9999 -9999 -9999 -9999 4.3653E-2 6.46928E-2 8.25741E-3 8.76599E-2 1.45153E-1 2.12706E-1 1.11258E-1 1.33699E-1 6.4224E-2 8.44083E-2 8.36467E-2 8.44779E-2 9.42366E-2 9.2788E-2 9.06058E-2 9.35386E-2 9.47252E-2 9.25804E-2 8.42126E-2 7.5807E-2 6.43798E-2 7.27837E-2 9.82004E-2 1.08019E-1 1.11168E-1 1.05747E-1 9.50653E-2 1.07682E-1 1.1916E-1 1.1688E-1 1.13852E-1 9.89148E-2 7.84156E-2 5.48431E-2 4.04733E-2 2.94875E-2 2.81363E-2 2.58794E-2 2.33959E-2 2.0833E-2
-9999 -9999 -9999 -9999 -9999 -9999 -9999 -9999 -9999 -9999 -9999 -9999 -9999 -9999 -9999 -9999 -9999 -9999 -9999 -9999 -9999 -9999 -9999 -9999 -9999 -9999 -9999 5.21386E-2 8.4799E-2 9.76901E-3 1.40798E-1 1.62502E-1 1.55819E-1 1.11061E-1 6.9389E-2 8.11081E-2 8.98241E-2 8.62633E-2 9.19722E-2 8.38916E-2 7.95563E-2 8.36256E-2 8.01702E-2 7.46921E-2 6.56887E-2 6.5546E-2 7.06023E-2 8.8502E-2 1.02068E-1 1.04556E-1 9.95758E-2 9.60205E-2 7.23363E-2 8.23182E-2 1.00002E-1 1.06024E-1 9.81952E-2 7.47906E-2 5.0734E-2 2.78218E-2 2.02234E-2 1.77262E-2 1.85461E-2 2.15924E-2 2.22046E-2 1.89007E-2
-9999 -9999 -9999 -9999 -9999 -9999 -9999 -9999 -9999 -9999 -9999 -9999 -9999 -9999 -9999 -9999 -9999 -9999 -9999 -9999 -9999 -9999 -9999 -9999 -9999 -9999 -9999 4.4996E-2 8.76296E-2 9.97118E-2 2.16538E-2 2.3646E-1 2.45488E-1 1.24239E-1 8.76842E-2 8.67469E-2 8.81221E-2 7.76293E-2 7.96136E-2 7.37848E-2 7.58979E-2 7.55536E-2 6.68923E-2 5.94769E-2 5.32405E-2 5.50099E-2 6.7159E-2 9.40122E-2 9.76486E-2 9.61451E-2 8.46923E-2 7.52988E-2 6.47168E-2 6.3618E-2 7.52268E-2 8.6154E-2 7.80305E-2 5.90166E-2 3.58089E-2 1.59368E-2 1.43538E-2 1.95179E-2 1.92477E-2 2.24405E-2 2.55757E-2 2.16747E-2
-9999 -9999 -9999 -9999 -9999 -9999 -9999 -9999 -9999 -9999 -9999 -9999 -9999 -9999 -9999 -9999 -9999 -9999 -9999 -9999 -9999 -9999 -9999 -9999 -9999 -9999 -9999 -9999 5.51082E-2 1.05637E-1 1.95539E-1 4.95421E-2 3.10229E-1 3.93118E-1 1.7486E-1 1.59237E-1 6.20928E-2 7.21344E-2 7.35761E-2 6.82817E-2 7.35857E-2 7.01868E-2 6.43747E-2 5.76966E-2 4.75231E-2 4.17903E-2 4.84107E-2 7.88265E-2 8.20005E-2 7.20577E-2 5.89807E-2 4.63632E-2 5.28094E-2 3.8609E-2 5.26366E-2 6.19699E-2 4.98135E-2 4.07394E-2 2.60008E-2 2.38626E-2 1.92209E-2 2.44521E-2 2.60377E-2 3.1669E-2 3.22675E-2 2.62421E-2
-9999 -9999 -9999 -9999 -9999 -9999 -9999 -9999 -9999 -9999 -9999 -9999 -9999 -9999 -9999 -9999 -9999 -9999 -9999 -9999 -9999 -9999 -9999 -9999 -9999 -9999 -9999 -9999 3.85488E-2 5.86757E-2 1.49604E-1 3.99848E-2 2.21385E-1 3.25719E-1 3.31285E-1 9.9434E-2 5.79409E-2 5.75141E-2 7.34871E-2 6.52376E-2 6.83312E-2 7.4681E-2 6.75184E-2 5.90386E-2 4.62628E-2 3.77089E-2 3.70654E-2 5.16597E-2 6.01162E-2 5.01673E-2 3.81524E-2 3.07064E-2 3.74885E-2 3.38765E-2 3.56757E-2 4.16806E-2 3.59308E-2 2.83713E-2 2.5074E-2 2.48602E-2 3.04109E-2 3.64564E-2 4.69339E-2 4.85839E-2 4.69056E-2 3.36348E-2
-9999 -9999 -9999 -9999 -9999 -9999 -9999 -9999 -9999 -9999 -9999 -9999 -9999 -9999 -9999 -9999 -9999 -9999 -9999 -9999 -9999 -9999 -9999 -9999 -9999 -9999 -9999 -9999 4.52671E-2 3.82773E-2 7.81298E-2 2.03935E-2 1.41181E-1 2.61765E-2 2.08556E-1 1.37465E-1 1.6206E-1 3.5552E-2 6.04805E-2 6.41432E-2 8.60976E-2 9.07296E-2 8.77093E-2 6.68034E-2 5.1032E-2 4.03E-2 4.11408E-2 4.55592E-2 4.65862E-2 1.16288E-2 3.15659E-2 8.26752E-3 2.97267E-2 2.75491E-2 2.42445E-2 2.65434E-2 2.43343E-2 2.09859E-2 2.06961E-2 3.19582E-2 3.67759E-2 4.30218E-2 6.50241E-2 7.63921E-2 9.37401E-3 7.18374E-3
-9999 -9999 -9999 -9999 -9999 -9999 -9999 -9999 -9999 -9999 -9999 -9999 -9999 -9999 -9999 -9999 -9999 -9999 -9999 -9999 -9999 -9999 -9999 -9999 -9999 -9999 -9999 -9999 -9999 3.15824E-2 3.04336E-2 1.06046E-1 1.88163E-2 1.26086E-1 1.47729E-1 1.43953E-1 1.31473E-1 1.02377E-1 4.36773E-2 1.43675E-1 1.08518E-1 1.15925E-1 1.22261E-1 1.05238E-1 7.88679E-2 5.52332E-2 5.21475E-2 5.03296E-2 1.41278E-2 1.13223E-2 9.26589E-3 2.78642E-2 7.61187E-3 2.18716E-2 1.74707E-2 1.53944E-2 1.6418E-2 1.67364E-2 1.87426E-2 3.42288E-2 5.15431E-2 5.00565E-2 7.57783E-2 1.78795E-2 1.4813E-2 9.23174E-3
-9999 -9999 -9999 -9999 -9999 -9999 -9999 -9999 -9999 -9999 -9999 -9999 -9999 -9999 -9999 -9999 -9999 -9999 -9999 -9999 -9999 -9999 -9999 -9999 -9999 -9999 -9999 -9999 -9999 -9999 2.1862E-2 5.4601E-2 1.18044E-1 1.49394E-2 1.12848E-1 1.05618E-1 1.17176E-1 7.26746E-2 8.6331E-2 1.43899E-1 2.58293E-1 1.13691E-1 1.60963E-1 1.5736E-1 1.26346E-1 8.9425E-2 2.20117E-2 1.95858E-2 1.52253E-2 3.94003E-2 3.06471E-2 7.82615E-3 6.3123E-3 5.91518E-3 4.27045E-3 3.578E-3 1.32441E-2 1.45205E-2 1.57454E-2 2.27982E-2 3.32921E-2 5.74829E-2 1.08464E-1 3.26516E-2 2.35162E-2 1.7229E-2
-9999 -9999 -9999 -9999 -9999 -9999 -9999 -9999 -9999 -9999 -9999 -9999 -9999 -9999 -9999 -9999 -9999 -9999 -9999 -9999 -9999 -9999 -9999 -9999 -9999 -9999 -9999 -9999 -9999 -9999 2.09782E-2 1.74592E-2 5.48577E-2 1.17965E-2 1.21595E-2 7.22593E-2 8.99427E-2 1.12616E-1 1.22764E-2 3.82246E-2 6.06681E-3 2.79045E-1 4.95027E-1 2.19421E-1 1.57412E-1 1.19537E-1 9.34364E-2 7.2559E-2 5.96211E-2 4.20811E-2 9.88801E-3 7.62673E-3 6.09696E-3 1.75499E-2 5.00661E-3 4.18766E-3 4.18957E-3 3.77923E-3 1.90218E-2 4.47953E-3 3.21592E-2 3.3896E-2 6.61495E-2 8.92289E-2 1.23564E-1 2.52074E-2
-9999 -9999 -9999 -9999 -9999 -9999 -9999 -9999 -9999 -9999 -9999 -9999 -9999 -9999 -9999 -9999 -9999 -9999 -9999 -9999 -9999 -9999 -9999 -9999 -9999 -9999 -9999 -9999 -9999 -9999 -9999 1.89047E-2 1.05056E-2 6.22975E-2 8.32753E-3 7.69992E-3 5.62537E-2 7.06947E-3 5.6746E-3 3.31035E-2 2.89921E-3 1.23145E-3 1.59452E-3 1.91379E-1 5.56745E-1 2.7667E-1 1.04879E-1 7.66886E-2 6.1137E-2 4.34384E-2 1.01411E-2 8.26959E-3 6.63458E-3 2.02221E-2 5.6987E-3 5.27628E-3 1.57259E-2 3.98219E-3 3.97933E-3 2.63583E-2 3.01874E-2 3.19958E-2 1.91068E-2 5.51321E-2 1.05158E-1 2.90975E-2
-9999 -9999 -9999 -9999 -9999 -9999 -9999 -9999 -9999 -9999 -9999 -9999 -9999 -9999 -9999 -9999 -9999 -9999 -9999 -9999 -9999 -9999 -9999 -9999 -9999 -9999 -9999 -9999 -9999 -9999 -9999 1.45535E-2 4.92584E-3 8.91272E-3 4.81747E-2 6.53921E-3 7.26517E-3 4.62032E-2 3.40203E-3 1.77366E-2 1.52612E-3 5.13783E-3 5.28579E-4 8.74624E-4 6.86056E-3 6.81457E-1 6.68569E-1 2.50103E-1 5.14226E-2 1.202E-2 9.77019E-3 8.52081E-3 7.50074E-3 6.96898E-3 6.73235E-3 1.98081E-2 4.74086E-3 1.46257E-2 3.45887E-3 1.96253E-2 2.00086E-2 2.2096E-2 2.31897E-2 3.83392E-2 4.35515E-2 2.82482E-2
-9999 -9999 -9999 -9999 -9999 -9999 -9999 -9999 -9999 -9999 -9999 -9999 -9999 -9999 -9999 -9999 -9999 -9999 -9999 -9999 -9999 -9999 -9999 -9999 -9999 -9999 -9999 -9999 -9999 -9999 -9999 -9999 1.13915E-2 3.53377E-3 1.5682E-2 5.25179E-2 7.79109E-3 5.26483E-2 1.95156E-3 1.3417E-3 8.59701E-4 4.37087E-4 2.1696E-4 7.49139E-4 2.86714E-3 6.84436E-3 7.05401E-1 5.11923E-1 6.44873E-2 3.73892E-2 1.00774E-2 9.42981E-3 9.49227E-3 8.46818E-3 8.16713E-3 2.22108E-2 1.62982E-2 1.41577E-2 1.42262E-2 1.24558E-2 1.76119E-2 1.91158E-2 3.25842E-2 4.98321E-2 1.32527E-2 6.03198E-2
-9999 -9999 -9999 -9999 -9999 -9999 -9999 -9999 -9999 -9999 -9999 -9999 -9999 -9999 -9999 -9999 -9999 -9999 -9999 -9999 -9999 -9999 -9999 -9999 -9999 -9999 -9999 -9999 -9999 -9999 -9999 -9999 -9999 1.04321E-2 7.19845E-3 2.48119E-2 5.52564E-2 3.96631E-2 1.7984E-3 1.06691E-3 7.79343E-4 5.45473E-4 6.99632E-4 1.95415E-3 1.24719E-2 1.48404E-2 3.26125E-1 2.13147E-1 9.71568E-2 6.46965E-2 4.16437E-2 4.0755E-2 1.07399E-2 1.10856E-2 9.42464E-3 8.07001E-3 1.84806E-2 1.20073E-2 1.09528E-2 1.37532E-2 1.71448E-2 2.00028E-2 2.04919E-2 2.34921E-2 1.98205E-2 2.52789E-2
-9999 -9999 -9999 -9999 -9999 -9999 -9999 -9999 -9999 -9999 -9999 -9999 -9999 -9999 -9999 -9999 -9999 -9999 -9999 -9999 -9999 -9999 -9999 -9999 -9999 -9999 -9999 -9999 -9999 -9999 -9999 -9999 -9999 -9999 2.90578E-2 3.08453E-2 3.28102E-2 3.7097E-2 2.10984E-2 1.75179E-2 7.44623E-4 6.87654E-4 1.26259E-3 3.89992E-3 3.51201E-2 3.12865E-2 9.37892E-2 5.51488E-2 1.61648E-1 1.47244E-1 9.12978E-2 5.0957E-2 1.31212E-2 1.31312E-2 4.94165E-2 4.06445E-2 2.29846E-2 1.09108E-2 1.28212E-2 1.93328E-2 2.25347E-2 2.34306E-2 5.70066E-2 5.51302E-2 7.42617E-3 1.27181E-2
-9999 -9999 -9999 -9999 -9999 -9999 -9999 -9999 -9999 -9999 -9999 -9999 -9999 -9999 -9999 -9999 -9999 -9999 -9999 -9999 -9999 -9999 -9999 -9999 -9999 -9999 -9999 -9999 -9999 -9999 -9999 -9999 -9999 -9999 -9999 3.53669E-2 5.03212E-2 5.01541E-2 4.10739E-2 3.18029E-2 2.22599E-2 9.37811E-4 1.65856E-2 3.79238E-3 1.54058E-2 2.01966E-2 6.07679E-3 6.57861E-3 2.77163E-1 1.80989E-1 1.9129E-1 1.29178E-1 6.30754E-2 6.66609E-2 6.38058E-2 5.32517E-2 3.62685E-2 1.31825E-2 1.402E-2 2.60051E-2 2.45699E-2 2.17242E-2 2.24767E-2 6.17892E-2 7.76526E-3 5.80992E-3
-9999 -9999 -9999 -9999 -9999 -9999 -9999 -9999 -9999 -9999 -9999 -9999 -9999 -9999 -9999 -9999 -9999 -9999 -9999 -9999 -9999 -9999 -9999 -9999 -9999 -9999 -9999 -9999 -9999 -9999 -9999 -9999 -9999 -9999 -9999 -9999 -9999 3.11158E-2 3.8003E-2 4.72289E-2 3.27238E-2 2.83901E-2 2.15745E-2 1.86384E-3 3.35629E-3 4.5917E-3 2.31506E-3 1.48321E-3 2.27058E-2 9.44962E-2 1.30278E-1 1.67777E-1 1.75311E-1 7.9399E-2 7.60161E-2 6.27669E-2 4.51991E-2 1.97662E-2 1.04962E-2 1.171E-2 1.71364E-2 2.30774E-2 2.91096E-2 2.6688E-2 1.84111E-2 4.29879E-2
-9999 -9999 -9999 -9999 -9999 -9999 -9999 -9999 -9999 -9999 -9999 -9999 -9999 -9999 -9999 -9999 -9999 -9999 -9999 -9999 -9999 -9999 -9999 -9999 -9999 -9999 -9999 -9999 -9999 -9999 -9999 -9999 -9999 -9999 -9999 -9999 -9999 -9999 -9999 3.25544E-2 4.20048E-2 3.2931E-2 2.68648E-2 1.60001E-2 1.07865E-3 1.06807E-3 7.57749E-4 5.27216E-4 6.12021E-4 1.18353E-3 3.77667E-3 3.10441E-2 1.17985E-1 1.277E-1 9.56233E-2 6.38827E-2 4.23474E-2 1.7518E-2 8.75733E-3 7.17911E-3 7.19601E-3 1.08758E-2 1.7191E-2 2.90892E-2 2.35382E-2 1.41723E-2
-9999 -9999 -9999 -9999 -9999 -9999 -9999 -9999 -9999 -9999 -9999 -9999 -9999 -9999 -9999 -9999 -9999 -9999 -9999 -9999 -9999 -9999 -9999 -9999 -9999 -9999 -9999 -9999 -9999 -9999 -9999 -9999 -9999 -9999 -9999 -9999 -9999 -9999 -9999 -9999 -9999 4.14721E-2 2.2715E-2 1.87112E-2 5.84332E-4 5.04308E-4 4.44004E-4 3.45627E-4 3.84217E-4 3.09721E-4 6.28781E-4 5.36052E-3 1.51035E-3 1.35335E-3 9.72895E-2 1.60524E-1 1.11173E-1 1.74322E-2 5.27982E-3 4.73727E-3 4.49953E-3 5.40346E-3 9.01054E-3 1.56382E-2 1.3512E-2 1.61352E-2
