final project/Practice/maxentOut/species_1_maxentOut_novel.asc
ncols         186
nrows         192
xllcorner     -125.0
yllcorner     -56.0
cellsize      0.5
NODATA_value  -9999
[rows 0 to 28 of 192, columns 0 to 65 of 186]
-9999 1.36657E1 1.18601E1 8.86427E0 8.00246E0 1.00544E0 1.8262E0 4.43213E0 1.53894E0 7.1817E-1 9.4388E-1 1.27219E0 1.68257E0 2.09295E0 3.30358E0 1.04442E1 9.56192E0 9.84918E0 9.56192E0 8.59752E0 8.86427E0 1.10803E1 5.54017E0 2.72904E0 2.83164E0 5.88899E0 1.19011E0 1.43634E-1 5.2529E0 7.12014E0 4.06279E0 5.5812E0 7.46896E0 5.02719E0 3.52929E0 8.00246E-1 1.43634E0 5.12978E-1 1.84672E-1 9.64399E0 1.89597E1 1.04442E1 7.67416E0 9.50036E0 5.54017E0 5.12978E0 4.22694E0 4.22694E0 3.63189E0 3.50877E0 3.50877E0 3.03683E0 2.83164E0 3.50877E0 3.63189E0 3.50877E0 3.69344E0 5.12978E0 5.54017E0 6.85339E0 9.50036E0 1.30296E1 1.04442E1 1.04442E1 1.41992E1 1.15112E1
-9999 -9999 1.70309E1 1.28245E1 6.48405E0 1.37478E0 9.02842E-1 2.72904E0 5.47861E0 5.12978E-1 8.20765E-1 3.69344E0 2.19555E0 3.93967E0 8.18713E0 8.59752E0 9.56192E0 7.32533E0 9.84918E0 6.27885E0 5.27342E0 1.12855E1 2.72904E0 3.03683E0 1.47738E0 6.48405E0 9.31569E0 3.36514E0 7.71519E0 4.51421E0 1.06699E1 6.85339E0 5.54017E0 1.27013E1 2.05191E0 1.10803E0 2.2571E-1 1.02596E-1 5.95055E-1 2.58541E0 1.13266E1 1.43224E1 1.30707E1 1.09572E1 6.48405E0 5.88899E0 3.63189E0 3.50877E0 3.15995E0 2.72904E0 3.15995E0 2.50333E0 2.09295E0 1.55945E0 2.19555E0 2.50333E0 3.69344E0 4.51421E0 5.12978E0 5.54017E0 6.48405E0 8.70011E0 7.67416E0 8.70011E0 1.04442E1 1.04442E1
-9999 -9999 1.92469E1 1.74002E1 1.15112E1 1.68257E0 9.64399E-1 1.47738E0 3.93967E0 1.19011E0 7.38689E-1 7.59208E-1 5.80691E0 3.93967E0 6.27885E0 9.25413E0 2.38022E0 1.05879E1 9.64399E0 1.04648E1 9.31569E0 1.37683E1 5.88899E0 2.38022E0 3.93967E0 9.93126E0 4.37058E0 9.5414E0 7.71519E0 9.64399E-1 1.37478E0 6.48405E0 9.93126E0 1.36247E1 1.05879E1 7.38689E-1 2.87268E-1 5.12978E-1 9.4388E-1 1.99036E0 1.3399E1 1.40351E1 7.46896E0 4.22694E0 3.93967E0 4.22694E0 2.38022E0 2.19555E0 2.01088E0 2.09295E0 2.50333E0 2.09295E0 2.09295E0 2.09295E0 2.09295E0 2.38022E0 3.93967E0 5.12978E0 5.12978E0 5.54017E0 6.48405E0 6.48405E0 6.85339E0 7.67416E0 6.85339E0 7.67416E0
-9999 -9999 -9999 2.0909E1 1.98215E1 1.42403E1 4.22694E0 2.50333E0 1.45686E0 4.88355E0 4.51421E-1 2.66749E-1 3.69344E-1 5.6838E0 4.35006E0 5.21186E0 7.24325E0 3.2215E0 3.36514E0 3.755E0 1.15112E1 1.40761E1 1.2845E1 5.12978E0 1.16959E1 3.52929E0 2.72904E0 1.19421E1 2.38022E0 2.19555E0 2.01088E0 1.40761E1 1.15728E1 6.68924E0 2.93424E0 6.56612E-1 5.95055E-1 1.02596E0 2.72904E0 8.59752E0 6.85339E0 2.72904E0 2.19555E0 2.09295E0 2.19555E0 2.50333E0 2.38022E0 2.38022E0 2.38022E0 2.19555E0 2.01088E0 1.68257E0 1.53894E0 1.8262E0 2.38022E0 2.72904E0 3.15995E0 3.63189E0 3.69344E0 3.69344E0 3.93967E0 4.22694E0 4.76044E0 6.48405E0 5.54017E0 5.88899E0
-9999 -9999 -9999 2.253E1 2.13399E1 1.42403E1 1.04442E1 1.53894E0 9.02842E-1 1.55945E0 2.38022E0 2.87268E-1 3.89864E-1 6.36093E-1 4.7194E0 4.7194E0 5.54017E0 1.96984E0 2.99579E0 3.2215E0 3.2215E0 4.88355E0 1.49995E1 1.69898E1 5.02719E0 5.49913E0 8.59752E0 6.48405E0 1.8262E0 2.19555E0 1.62101E1 1.50405E1 1.20858E1 2.05191E0 2.4623E-1 1.23115E-1 3.89864E-1 3.11891E0 5.02719E0 2.4623E0 1.8262E1 4.22694E0 2.19555E0 2.38022E0 3.03683E0 2.19555E0 1.55945E0 1.68257E0 2.09295E0 2.38022E0 2.09295E0 1.68257E0 1.53894E0 1.47738E0 1.55945E0 2.38022E0 3.15995E0 2.83164E0 3.03683E0 3.30358E0 3.30358E0 4.22694E0 4.51421E0 5.54017E0 5.88899E0 6.48405E0
-9999 -9999 -9999 -9999 -9999 1.83031E1 1.42403E1 2.09295E0 8.82323E-1 6.77131E-1 1.53894E0 2.2571E0 2.2571E-1 1.067E0 3.15995E0 2.01088E0 2.38022E0 3.96019E0 3.50877E0 1.53894E0 1.53894E0 1.31322E0 2.01088E0 3.69344E0 1.27219E0 1.63538E1 3.63189E0 2.01088E0 9.64399E-1 1.53894E0 1.55945E0 1.31322E0 6.48405E0 1.06699E1 7.98194E0 3.52929E0 9.4388E-1 1.72361E0 4.63732E0 1.62101E0 1.20858E1 1.90623E1 8.70011E0 8.70011E0 3.69344E0 2.38022E0 1.55945E0 1.55945E0 1.53894E0 1.47738E0 1.45686E0 1.47738E0 1.37478E0 1.37478E0 1.31322E0 1.55945E0 2.38022E0 2.19555E0 2.38022E0 3.03683E0 3.63189E0 4.76044E0 6.85339E0 7.67416E0 8.70011E0 8.70011E0
-9999 -9999 -9999 -9999 -9999 1.69693E1 1.30296E1 6.85339E0 9.02842E-1 6.15574E-1 4.51421E-1 1.45686E0 1.27219E0 8.00246E-1 1.68257E0 2.05191E-2 2.05191E-2 6.15574E-1 8.82323E-1 2.50333E0 -1.66205E0 -1.38504E0 1.02596E0 2.01088E0 2.01088E0 7.6126E0 3.63189E0 2.83164E0 7.67416E0 5.12978E0 2.01088E0 6.85339E0 2.72904E0 3.93967E0 9.50036E0 1.05879E1 5.6838E0 1.84672E0 6.68924E0 1.62101E0 1.27013E1 1.51431E1 2.09295E1 8.70011E0 3.63189E0 2.72904E0 1.8262E0 1.37478E0 1.37478E0 1.31322E0 1.08751E0 9.64399E-1 9.02842E-1 9.64399E-1 1.00544E0 1.21063E0 1.8262E0 2.01088E0 1.8262E0 2.50333E0 3.50877E0 6.85339E0 9.50036E0 5.88899E0 3.93967E0 4.22694E0
-9999 -9999 -9999 -9999 -9999 -9999 1.42403E1 1.10803E1 2.38022E0 3.28306E-1 3.28306E-1 5.54017E-1 8.59752E0 8.82323E-1 3.30358E0 7.38689E-1 -5.81717E0 -1.38504E0 5.12978E0 1.84672E-1 -3.3241E0 -4.43213E0 1.45686E0 3.50877E0 2.83164E0 1.69488E1 5.88899E0 3.15995E0 5.12978E0 1.29886E1 5.88899E0 1.62306E1 1.21063E1 4.76044E0 1.11419E1 1.32143E1 6.68924E0 1.32143E1 1.06699E1 4.04227E0 1.80774E1 1.99446E1 1.73181E1 6.48405E0 3.93967E0 3.30358E0 2.09295E0 1.47738E0 1.47738E0 1.45686E0 1.47738E0 1.08751E0 1.00544E0 1.02596E0 1.37478E0 1.31322E0 1.45686E0 1.55945E0 1.8262E0 2.38022E0 3.50877E0 5.88899E0 6.48405E0 6.48405E0 3.30358E0 3.15995E0
-9999 -9999 -9999 -9999 -9999 -9999 -9999 9.37724E0 6.85339E0 7.59208E-1 3.28306E-1 2.87268E-1 2.50333E0 6.6482E0 2.87268E-1 -8.31025E-1 -5.26316E0 -6.37119E0 3.89864E-1 5.54017E-1 -1.93906E0 2.87268E-1 1.55945E0 3.69344E0 1.5533E1 1.89392E1 1.78722E1 1.08751E0 3.03683E0 6.85339E0 1.2845E1 1.55945E1 1.38915E1 1.21063E1 1.11009E1 1.29065E1 1.43224E1 1.94316E1 7.98194E0 1.43224E1 1.99856E1 7.67416E0 3.93967E0 3.63189E0 3.03683E0 3.03683E0 2.09295E0 1.55945E0 1.68257E0 1.45686E0 1.37478E0 1.00544E0 1.02596E0 1.31322E0 1.37478E0 1.47738E0 1.45686E0 1.55945E0 1.8262E0 1.8262E0 3.03683E0 4.51421E0 6.85339E0 6.48405E0 5.12978E0 3.69344E0
-9999 -9999 -9999 -9999 -9999 -9999 -9999 7.34585E0 1.10803E1 1.10803E1 2.83164E0 6.36093E-1 1.31322E0 5.54017E0 8.20765E-2 2.05191E-2 -2.77008E-1 -7.20222E0 1.84672E-1 1.08751E0 -3.3241E0 5.54017E-1 1.53894E0 5.88899E0 6.48405E0 2.09295E1 1.23936E1 5.88899E0 1.55945E0 3.30358E0 4.22694E0 1.38915E1 1.65384E1 1.32143E1 1.54919E1 1.47122E1 3.50877E0 1.81184E1 1.87134E1 1.80568E1 5.12978E0 2.83164E0 2.09295E0 2.01088E0 3.30358E0 3.30358E0 3.03683E0 2.72904E0 1.55945E0 1.02596E0 9.64399E-1 1.02596E0 9.64399E-1 1.21063E0 1.37478E0 1.53894E0 1.45686E0 1.68257E0 1.55945E0 1.53894E0 1.47738E0 1.68257E0 2.19555E0 2.09295E0 2.01088E0 2.83164E0
-9999 -9999 -9999 -9999 -9999 -9999 -9999 -9999 7.34585E0 7.34585E0 1.10803E1 1.04648E1 1.3358E1 1.47738E0 6.15574E-1 2.87268E-1 8.20765E-2 -4.15512E0 -3.60111E0 -1.93906E0 -6.37119E0 -3.87812E0 5.54017E-1 2.38022E0 5.54017E0 3.03683E0 3.15995E0 1.77696E1 1.30296E1 3.63189E0 3.63189E0 1.30296E1 1.59844E1 1.47533E1 1.58408E1 5.54017E0 2.50333E0 1.90828E1 1.68462E1 1.30296E1 3.63189E0 3.69344E0 3.69344E0 4.51421E0 4.22694E0 4.22694E0 3.30358E0 1.68257E0 9.64399E-1 6.77131E-1 6.77131E-1 7.1817E-1 9.02842E-1 1.00544E0 1.08751E0 1.31322E0 1.68257E0 1.55945E0 1.8262E0 2.01088E0 2.38022E0 3.30358E0 3.15995E0 2.83164E0 2.19555E0 2.50333E0
-9999 -9999 -9999 -9999 -9999 -9999 -9999 -9999 -9999 7.34585E0 7.34585E0 7.34585E0 1.10803E1 1.42403E1 1.30296E1 2.50333E0 9.56192E0 2.05191E-2 -6.6482E0 -8.31025E0 -7.20222E0 -8.58726E0 -5.26316E0 2.05191E-2 1.08751E0 1.55945E0 1.21063E0 8.70011E0 1.99856E1 2.16272E1 1.69488E1 1.65384E1 1.40761E1 1.27013E1 1.55945E1 1.43839E1 3.50877E0 1.30296E1 1.85288E1 8.70011E0 2.83164E0 2.09295E0 3.15995E0 3.63189E0 3.30358E0 3.69344E0 3.15995E0 2.72904E0 9.02842E-1 6.77131E-1 6.36093E-1 6.15574E-1 5.54017E-1 6.77131E-1 9.02842E-1 1.21063E0 1.45686E0 1.47738E0 1.55945E0 1.68257E0 2.38022E0 3.30358E0 3.30358E0 2.50333E0 2.38022E0 2.50333E0
-9999 -9999 -9999 -9999 -9999 -9999 -9999 -9999 -9999 5.66328E0 5.66328E0 -9999 -9999 1.10803E1 1.69693E1 2.72904E0 2.01088E0 -1.66205E0 -2.49307E0 -6.6482E0 -9.41828E0 -8.58726E0 -5.81717E0 -2.77008E0 -2.77008E0 -4.43213E0 -8.31025E-1 7.38689E-1 2.72904E0 7.67416E0 1.65384E1 1.06699E1 1.3399E1 1.2845E1 1.55945E1 1.59844E1 2.01088E0 5.88899E0 1.87134E1 1.41992E1 1.68257E0 1.47738E0 3.50877E0 4.22694E0 3.63189E0 3.30358E0 2.72904E0 2.09295E0 1.08751E0 6.77131E-1 5.54017E-1 6.15574E-1 5.54017E-1 6.77131E-1 7.59208E-1 1.00544E0 1.31322E0 1.53894E0 1.47738E0 1.47738E0 1.68257E0 2.09295E0 2.38022E0 2.19555E0 2.38022E0 2.72904E0
-9999 -9999 -9999 -9999 -9999 -9999 -9999 -9999 -9999 -9999 1.70309E0 2.48282E0 3.4267E0 9.37724E0 1.42813E1 1.56766E1 6.85339E0 -8.31025E-1 -9.14127E0 -7.47922E0 -8.86427E0 -5.81717E0 -5.54017E0 -7.47922E0 -8.03324E0 -6.37119E0 -6.37119E0 2.05191E-2 7.59208E-1 9.64399E-1 6.85339E0 8.70011E0 2.09295E1 1.69488E1 1.90212E1 2.83164E0 4.51421E0 1.47738E0 2.09295E1 1.95547E1 2.19555E0 1.37478E0 3.15995E0 3.50877E0 3.03683E0 2.50333E0 2.38022E0 1.37478E0 8.82323E-1 6.77131E-1 6.15574E-1 7.1817E-1 6.77131E-1 7.59208E-1 7.1817E-1 1.00544E0 1.02596E0 1.37478E0 1.37478E0 1.37478E0 1.47738E0 2.01088E0 2.01088E0 2.38022E0 2.38022E0 2.38022E0
-9999 -9999 -9999 -9999 -9999 -9999 -9999 -9999 -9999 -9999 -9999 -9999 6.36093E-1 6.36093E-1 -9999 1.10803E1 1.04442E1 1.02596E0 -6.92521E0 -1.10803E1 -9.14127E0 -7.47922E0 -7.47922E0 -7.75623E0 -6.37119E0 -3.3241E0 -6.92521E0 -1.66205E0 6.36093E-1 2.50333E0 1.08751E0 9.02842E-1 3.30358E0 2.08474E1 1.73181E1 2.19555E0 2.72904E0 9.64399E-1 2.30635E1 1.90828E1 3.30358E0 1.37478E0 1.8262E0 2.38022E0 1.55945E0 1.45686E0 1.47738E0 1.37478E0 1.08751E0 8.00246E-1 8.00246E-1 9.02842E-1 8.00246E-1 7.38689E-1 8.82323E-1 8.82323E-1 8.82323E-1 9.64399E-1 1.02596E0 1.31322E0 1.47738E0 1.68257E0 2.01088E0 2.38022E0 2.19555E0 2.09295E0
-9999 -9999 -9999 -9999 -9999 -9999 -9999 -9999 -9999 -9999 -9999 -9999 -9999 -9999 -9999 7.34585E0 1.42403E1 1.70309E1 6.77131E-1 -6.6482E0 -6.92521E0 -3.60111E0 -1.38504E0 -2.77008E0 -1.66205E0 -1.66205E0 -1.10803E0 2.05191E-2 1.08751E0 1.8262E0 1.55945E0 1.21063E0 1.37478E0 1.8262E0 1.37478E0 1.45686E0 1.55945E0 1.02596E0 3.15995E0 2.72904E0 1.2845E1 1.02596E0 1.08751E0 1.31322E0 1.45686E0 1.31322E0 1.31322E0 1.37478E0 1.31322E0 1.45686E0 1.37478E0 1.21063E0 1.21063E0 1.08751E0 7.1817E-1 7.38689E-1 8.00246E-1 7.59208E-1 9.64399E-1 1.31322E0 1.55945E0 1.55945E0 1.8262E0 2.01088E0 2.09295E0 2.09295E0
-9999 -9999 -9999 -9999 -9999 -9999 -9999 -9999 -9999 -9999 -9999 -9999 -9999 -9999 -9999 -9999 1.10803E1 1.47122E1 1.19421E1 1.02596E-1 -1.66205E0 2.05191E-2 1.64153E-1 8.20765E-2 2.05191E-2 -2.77008E-1 6.77131E-1 1.02596E0 2.83164E0 2.19555E0 2.01088E0 5.54017E0 2.09295E0 1.00544E0 6.77131E-1 6.77131E-1 7.38689E-1 8.00246E-1 2.01088E0 1.08751E0 3.15995E0 1.21063E0 6.36093E-1 6.77131E-1 9.64399E-1 1.08751E0 1.37478E0 1.47738E0 1.31322E0 9.64399E-1 1.00544E0 1.00544E0 1.21063E0 1.08751E0 8.82323E-1 7.38689E-1 7.59208E-1 7.59208E-1 9.02842E-1 1.21063E0 1.47738E0 1.55945E0 1.8262E0 1.8262E0 2.01088E0 2.19555E0
-9999 -9999 -9999 -9999 -9999 -9999 -9999 -9999 -9999 -9999 -9999 -9999 -9999 -9999 -9999 -9999 9.37724E0 1.12855E1 1.52047E1 2.50333E0 3.28306E-1 2.05191E-1 8.82323E-1 6.15574E-1 1.02596E-1 1.43634E-1 6.36093E-1 1.55945E0 3.30358E0 3.15995E0 1.55945E0 9.02842E-1 2.38022E0 3.89864E-1 2.87268E-1 1.64153E-1 1.84672E-1 6.77131E-1 9.64399E-1 2.50333E0 2.38022E0 1.68257E0 6.77131E-1 5.54017E-1 6.36093E-1 8.00246E-1 1.45686E0 1.45686E0 1.21063E0 1.00544E0 9.64399E-1 9.64399E-1 1.00544E0 1.21063E0 9.64399E-1 7.59208E-1 7.38689E-1 8.00246E-1 9.02842E-1 1.21063E0 1.45686E0 1.53894E0 2.01088E0 2.38022E0 2.38022E0 2.50333E0
-9999 -9999 -9999 -9999 -9999 -9999 -9999 -9999 -9999 -9999 -9999 -9999 -9999 -9999 -9999 -9999 -9999 6.93547E0 1.03416E1 1.34811E1 7.59208E-1 -9999 -9999 3.28306E-1 1.02596E-1 2.05191E-2 2.05191E-2 4.51421E-1 1.31322E0 1.53894E0 1.37478E0 6.77131E-1 1.31322E0 6.77131E-1 8.00246E-1 2.05191E-1 1.64153E-1 8.82323E-1 2.83164E0 2.83164E0 1.53894E0 7.67416E0 3.50877E0 1.45686E0 1.45686E0 1.45686E0 1.37478E0 1.53894E0 1.37478E0 1.37478E0 1.21063E0 1.31322E0 1.00544E0 1.21063E0 1.02596E0 8.00246E-1 8.00246E-1 8.00246E-1 9.64399E-1 1.21063E0 1.55945E0 1.8262E0 2.09295E0 2.50333E0 2.50333E0 2.72904E0
-9999 -9999 -9999 -9999 -9999 -9999 -9999 -9999 -9999 -9999 -9999 -9999 -9999 -9999 -9999 -9999 -9999 5.12978E0 3.15995E0 3.69344E0 1.08751E0 -9999 -9999 -9999 2.87268E-1 5.54017E-1 6.77131E-1 6.77131E-1 9.02842E-1 9.64399E-1 9.64399E-1 5.54017E-1 2.38022E0 7.67416E0 1.53894E0 7.38689E-1 7.38689E-1 1.08751E0 2.38022E0 2.83164E0 2.83164E0 4.22694E0 6.48405E0 4.76044E0 3.93967E0 1.55945E0 1.08751E0 1.21063E0 1.21063E0 1.55945E0 1.8262E0 2.19555E0 1.68257E0 1.31322E0 9.02842E-1 8.82323E-1 8.00246E-1 7.38689E-1 1.21063E0 1.53894E0 1.8262E0 2.19555E0 2.83164E0 3.15995E0 3.30358E0 3.63189E0
-9999 -9999 -9999 -9999 -9999 -9999 -9999 -9999 -9999 -9999 -9999 -9999 -9999 -9999 -9999 -9999 -9999 -9999 1.68257E0 1.53894E0 2.19555E0 9.02842E-1 6.36093E-1 6.15574E-1 1.64153E-1 4.51421E-1 8.82323E-1 7.38689E-1 4.51421E-1 2.87268E-1 4.10383E-2 2.05191E-2 3.03683E0 2.86037E1 1.73181E1 3.50877E0 3.63189E0 3.15995E0 2.19555E0 2.19555E0 4.51421E-1 6.77131E-1 1.45686E0 1.37478E0 1.08751E0 9.64399E-1 7.38689E-1 7.38689E-1 1.02596E0 1.68257E0 2.19555E0 1.68257E0 1.47738E0 1.08751E0 7.59208E-1 8.82323E-1 9.02842E-1 1.00544E0 1.55945E0 2.72904E0 2.83164E0 3.30358E0 3.93967E0 4.51421E0 4.51421E0 4.76044E0
-9999 -9999 -9999 -9999 -9999 -9999 -9999 -9999 -9999 -9999 -9999 -9999 -9999 7.59208E-1 -9999 -9999 -9999 -9999 -9999 9.64399E-1 1.08751E0 2.50333E0 1.02596E0 6.77131E-1 4.10383E-2 1.84672E-1 2.05191E-2 4.10383E-2 2.05191E-2 2.05191E-2 -1.93906E0 -1.38504E0 1.00544E0 3.29127E1 2.86037E1 1.73181E1 2.67775E1 4.51421E0 1.53894E0 1.53894E0 8.00246E-1 7.38689E-1 6.36093E-1 8.00246E-1 2.38022E0 4.22694E0 1.53894E0 6.77131E-1 6.77131E-1 8.82323E-1 8.00246E-1 7.59208E-1 7.59208E-1 7.59208E-1 7.59208E-1 8.82323E-1 1.08751E0 1.45686E0 2.19555E0 3.50877E0 4.76044E0 -9999 -9999 -9999 -9999 -9999
-9999 -9999 -9999 -9999 -9999 -9999 -9999 -9999 -9999 -9999 -9999 -9999 -9999 8.82323E-1 -9999 -9999 -9999 -9999 -9999 -9999 7.59208E-1 9.02842E-1 2.50333E0 6.77131E-1 2.87268E-1 2.05191E-1 2.05191E-2 2.05191E-2 8.20765E-2 2.05191E-2 -2.49307E0 5.54017E-1 3.50877E0 3.70986E1 2.69006E1 2.47871E1 2.49718E1 8.70011E0 1.37478E0 1.31322E0 1.31322E0 2.83164E0 2.72904E0 7.38689E-1 3.15995E0 8.70011E0 2.50333E0 7.59208E-1 3.28306E-1 4.51421E-1 5.54017E-1 5.54017E-1 5.54017E-1 6.36093E-1 7.59208E-1 1.02596E0 2.01088E0 2.83164E0 3.03683E0 3.30358E0 -9999 -9999 -9999 -9999 -9999 -9999
-9999 -9999 -9999 -9999 -9999 -9999 -9999 -9999 -9999 -9999 -9999 -9999 -9999 -9999 -9999 -9999 -9999 -9999 2.56489E0 2.85216E0 -9999 7.59208E-1 1.45686E0 1.68257E0 5.54017E-1 4.10383E-2 4.10383E-2 5.33498E-1 6.15574E-1 1.02596E-1 -2.21607E0 6.36093E-1 3.63189E0 4.01354E1 3.01631E1 3.06351E1 2.26736E1 5.88899E0 1.68257E0 1.08751E0 2.50333E0 2.50333E0 2.83164E0 3.30358E0 4.22694E0 1.30296E1 1.02596E0 4.51421E-1 1.64153E-1 8.20765E-2 1.02596E-1 1.02596E-1 2.87268E-1 6.36093E-1 8.00246E-1 1.68257E0 3.63189E0 3.69344E0 -9999 -9999 -9999 -9999 -9999 -9999 -9999 -9999
-9999 -9999 -9999 -9999 -9999 -9999 -9999 -9999 -9999 -9999 -9999 -9999 -9999 -9999 -9999 -9999 -9999 -9999 -9999 2.50333E0 2.72904E0 1.31322E0 8.00246E-1 1.02596E0 7.1817E-1 2.05191E-1 -9999 3.69344E-1 2.87268E-1 1.02596E-1 -1.38504E0 2.05191E-2 7.1817E-1 6.85339E0 3.12917E1 3.29127E1 2.08474E1 3.69344E0 3.03683E0 1.55945E0 2.01088E0 2.50333E0 3.93967E0 3.15995E0 8.70011E0 9.50036E0 2.09295E0 2.05191E-2 2.05191E-2 4.10383E-2 2.05191E-2 1.02596E-1 5.54017E-1 6.77131E-1 1.00544E0 2.72904E0 3.93967E0 -9999 -9999 -9999 -9999 -9999 -9999 -9999 -9999 -9999
-9999 -9999 -9999 -9999 -9999 -9999 -9999 -9999 -9999 -9999 -9999 -9999 -9999 -9999 -9999 -9999 -9999 -9999 -9999 -9999 3.15995E0 1.8262E0 1.45686E0 6.77131E-1 9.64399E-1 6.15574E-1 1.02596E-1 -9999 1.43634E-1 2.05191E-2 -8.31025E-1 -3.04709E0 1.64153E-1 2.09295E0 1.30296E1 3.62983E1 3.04914E1 3.69344E0 3.69344E0 2.09295E0 1.68257E0 3.63189E0 5.88899E0 3.93967E0 1.04442E1 4.76044E0 1.45686E0 1.02596E-1 4.10383E-2 4.10383E-2 2.05191E-2 8.20765E-2 6.15574E-1 6.36093E-1 1.31322E0 2.83164E0 -9999 -9999 -9999 -9999 -9999 -9999 -9999 -9999 -9999 -9999
-9999 -9999 -9999 -9999 -9999 -9999 -9999 -9999 -9999 -9999 -9999 -9999 -9999 -9999 -9999 -9999 -9999 -9999 -9999 -9999 -9999 1.31322E0 1.31322E0 7.59208E-1 1.45686E0 2.19555E0 6.77131E-1 5.54017E-1 -9999 -9999 1.64153E-1 2.05191E-2 -1.10803E0 2.05191E-2 1.37478E0 4.84046E1 4.05253E1 2.91987E1 9.50036E0 2.83164E0 1.68257E0 1.47738E0 2.50333E0 3.30358E0 3.63189E0 2.19555E0 2.19555E0 1.68257E0 8.00246E-1 5.54017E-1 2.05191E-2 1.43634E-1 4.51421E-1 6.77131E-1 1.45686E0 3.93967E0 -9999 -9999 -9999 -9999 -9999 -9999 -9999 -9999 -9999 -9999
-9999 -9999 -9999 -9999 -9999 -9999 -9999 -9999 -9999 -9999 -9999 -9999 -9999 -9999 -9999 -9999 -9999 -9999 -9999 -9999 -9999 -9999 -9999 -9999 1.00544E0 1.45686E0 1.37478E0 6.77131E-1 -9999 -9999 -9999 2.05191E-2 2.05191E-2 1.84672E-1 1.31322E0 2.26736E1 3.86581E1 3.06145E1 2.49102E1 6.48405E0 2.38022E0 1.21063E0 1.21063E0 1.45686E0 1.55945E0 4.22694E0 6.48405E0 3.50877E0 2.83164E0 1.47738E0 5.54017E-1 2.05191E-2 1.43634E-1 6.77131E-1 1.37478E0 3.63189E0 -9999 -9999 -9999 -9999 -9999 -9999 -9999 -9999 -9999 -9999
-9999 -9999 -9999 -9999 -9999 -9999 -9999 -9999 -9999 -9999 -9999 -9999 -9999 -9999 -9999 -9999 -9999 -9999 -9999 -9999 -9999 -9999 -9999 -9999 -9999 8.82323E-1 1.00544E0 8.82323E-1 5.54017E-1 -9999 -9999 1.64153E-1 1.64153E-1 2.05191E-2 6.77131E-1 3.50877E0 4.52857E1 3.4308E1 3.3282E1 4.22694E0 3.15995E0 1.68257E0 1.08751E0 6.77131E-1 1.00544E0 1.53894E0 3.15995E0 4.22694E0 1.41992E1 1.8262E0 2.87268E-1 4.10383E-2 4.51421E-1 7.1817E-1 1.21063E0 2.50333E0 -9999 -9999 -9999 -9999 -9999 -9999 -9999 -9999 -9999 -9999
