final project/Practice/maxentOut/species_1_maxentOut_clamping.asc
ncols         186
nrows         192
xllcorner     -125.0
yllcorner     -56.0
cellsize      0.5
NODATA_value  -9999
[rows 64 to 95 of 192, columns 72 to 143 of 186]
-9999 -9999 -9999 -9999 -9999 -9999 -9999 -9999 -9999 -9999 -9999 -9999 -9999 8.315E-2 6.82869E-2 5.05852E-2 1.54152E-2 9.7001E-3 1.71109E-2 -9999 -9999 1.94732E-1 1.57397E-1 1.18574E-1 1.49354E-1 8.00152E-2 6.7422E-2 3.72846E-1 5.97284E-1 8.25717E-2 6.12318E-1 0E0 0E0 0E0 4.08303E-3 3.02517E-2 8.95645E-2 7.70734E-2 5.65693E-2 1.0114E-2 6.74487E-3 5.63104E-3 7.42476E-3 6.47661E-3 8.7183E-3 1.59784E-2 2.9085E-2 3.73655E-2 4.74692E-2 3.02311E-2 2.22381E-2 1.1247E-2 8.81433E-3 8.73597E-3 3.39712E-2 4.98239E-2 7.29932E-2 9.58903E-2 1.16789E-1 1.31743E-1 1.80291E-1 -9999 -9999 -9999 -9999 -9999 -9999 -9999 -9999 -9999 -9999 -9999
-9999 -9999 -9999 -9999 -9999 -9999 -9999 -9999 -9999 -9999 -9999 -9999 -9999 6.46157E-2 7.82678E-2 7.27604E-2 3.14145E-2 1.32564E-2 -9999 -9999 -9999 3.47593E-1 2.48795E-1 1.49943E-1 3.42375E-1 0E0 0E0 6.97311E-2 1.19628E-1 1.09338E-1 6.98126E-1 6.66852E-2 0E0 0E0 3.58582E-2 2.81946E-2 3.52886E-2 1.35955E-2 1.10375E-2 1.02324E-2 8.55341E-3 9.43334E-3 1.39912E-2 1.10068E-2 9.18504E-3 6.31188E-3 1.68338E-2 4.38757E-2 1.89335E-1 7.30775E-2 4.59653E-2 1.08034E-2 3.59174E-2 1.23083E-2 3.02665E-2 3.52033E-2 4.95005E-2 7.39862E-2 9.26745E-2 1.06826E-1 1.77739E-1 2.8289E-1 -9999 -9999 -9999 -9999 -9999 -9999 -9999 -9999 -9999 -9999
-9999 -9999 -9999 -9999 -9999 -9999 -9999 -9999 -9999 -9999 -9999 -9999 -9999 -9999 -9999 -9999 -9999 -9999 -9999 -9999 -9999 -9999 2.47429E-1 1.69843E-1 1.20745E-1 0E0 0E0 0E0 8.69253E-2 5.40724E-1 2.63595E-1 0E0 0E0 0E0 4.605E-2 3.09081E-2 1.39958E-2 1.22423E-2 1.27606E-2 2.15415E-2 2.14465E-2 2.73287E-2 3.10496E-2 2.37149E-2 5.36997E-3 1.8995E-2 3.88244E-2 5.37885E-2 1.87348E-1 6.82813E-2 1.77956E-2 5.05732E-2 5.61049E-2 5.47608E-2 4.78715E-2 3.74887E-2 4.22726E-2 5.79217E-2 7.77444E-2 8.76687E-2 1.07067E-1 1.42579E-1 1.73469E-1 -9999 -9999 -9999 -9999 -9999 -9999 -9999 -9999 -9999
-9999 -9999 -9999 -9999 -9999 -9999 -9999 -9999 -9999 -9999 -9999 -9999 -9999 -9999 -9999 -9999 -9999 -9999 -9999 -9999 -9999 -9999 -9999 2.3175E-1 2.38947E-1 0E0 0E0 0E0 7.56437E-2 2.28183E-1 4.42734E-2 0E0 0E0 0E0 4.45765E-2 1.26728E-2 1.7005E-2 1.98563E-2 2.84015E-2 3.64503E-2 6.13067E-2 1.04262E-1 1.15446E-1 6.60903E-2 2.2914E-2 2.42626E-2 3.2723E-2 3.53483E-2 1.24221E-1 1.104E-1 3.66095E-2 3.46316E-2 1.08161E-1 7.81688E-2 5.67704E-2 4.37576E-2 3.17798E-2 5.44102E-2 7.9644E-2 8.8863E-2 8.71937E-2 9.41852E-2 1.40552E-1 2.96165E-1 2.97681E-1 -9999 -9999 9.25051E-2 -9999 -9999 -9999 -9999
-9999 -9999 -9999 -9999 -9999 -9999 -9999 -9999 -9999 -9999 -9999 -9999 -9999 -9999 -9999 -9999 -9999 -9999 -9999 -9999 -9999 -9999 3.16827E-1 1.38012E-1 5.0762E-1 2.76735E-2 0E0 4.51707E-2 6.66718E-2 7.12197E-2 0E0 0E0 0E0 1.4074E-2 1.36243E-2 1.25399E-2 1.76473E-2 2.40197E-2 3.29848E-2 5.4472E-2 1.07716E-1 1.36034E-1 9.98077E-2 4.20163E-2 2.81164E-2 1.59386E-2 2.59761E-2 0E0 9.08961E-2 1.16422E-1 1.26238E-1 1.8354E-1 1.06182E-1 4.54544E-2 0E0 0E0 3.42261E-2 4.62822E-2 8.77977E-2 1.18815E-1 1.19736E-1 9.98872E-2 1.05796E-1 2.21774E-1 2.78341E-1 1.75032E-1 1.1739E-1 8.08057E-2 7.86112E-2 8.3476E-2 1.00366E-1 1.27361E-1
-9999 -9999 -9999 -9999 -9999 -9999 -9999 -9999 -9999 -9999 -9999 -9999 -9999 -9999 -9999 -9999 -9999 -9999 -9999 -9999 -9999 -9999 3.34094E-1 3.95355E-1 9.02351E-1 6.28649E-2 0E0 4.89262E-2 4.36412E-2 0E0 0E0 0E0 0E0 1.48106E-2 1.29886E-2 1.17943E-2 1.52062E-2 2.06159E-2 4.42061E-2 9.45996E-2 1.49245E-1 1.39498E-1 7.38699E-2 3.5573E-2 3.28986E-2 4.32017E-2 3.67793E-2 0E0 9.49851E-2 1.14442E-1 1.37718E-1 1.72818E-1 1.4817E-1 0E0 0E0 0E0 0E0 8.67337E-3 7.64267E-2 1.34943E-1 1.35831E-1 9.24105E-2 8.14387E-2 1.37764E-1 1.81572E-1 1.56998E-1 9.26249E-2 7.40096E-2 6.75887E-2 7.41058E-2 8.57042E-2 1.20215E-1
-9999 -9999 -9999 -9999 -9999 -9999 -9999 -9999 -9999 -9999 -9999 -9999 -9999 -9999 -9999 -9999 -9999 -9999 -9999 -9999 -9999 -9999 -9999 4.69342E-1 3.06735E-1 0E0 0E0 4.24711E-2 2.63682E-2 0E0 0E0 3.58968E-2 1.54122E-2 1.23778E-2 1.38542E-2 1.0817E-2 1.19053E-2 1.91272E-2 3.59202E-2 6.05748E-2 1.01855E-1 3.26614E-1 2.72112E-1 4.40878E-2 1.48509E-2 9.88178E-2 3.53041E-2 4.93567E-2 4.38967E-2 0E0 8.81562E-2 8.66286E-2 6.48793E-2 3.33934E-2 0E0 0E0 0E0 7.96154E-3 5.35711E-2 9.29464E-2 1.18102E-1 9.55015E-2 1.00751E-1 1.0135E-1 8.02927E-2 1.25517E-1 8.03479E-2 7.29975E-2 7.00253E-2 6.86034E-2 7.68402E-2 9.95286E-2
-9999 -9999 -9999 -9999 -9999 -9999 -9999 -9999 -9999 -9999 -9999 -9999 -9999 -9999 -9999 -9999 -9999 -9999 -9999 -9999 -9999 -9999 7.08999E-1 6.46603E-1 1.66348E-1 0E0 0E0 0E0 2.18999E-2 0E0 0E0 2.01627E-2 1.79676E-2 1.08115E-2 1.05667E-2 1.13854E-2 1.20319E-2 1.82477E-2 8.13893E-2 1.18104E-1 1.60889E-1 2.20301E-1 2.6477E-1 1.01464E-1 1.32927E-1 1.27055E-1 4.38764E-2 0E0 0E0 3.87363E-2 5.09687E-2 4.13298E-2 4.15942E-2 3.20743E-2 2.65883E-2 3.40682E-2 1.21654E-2 8.96812E-3 1.52959E-2 6.37055E-2 9.75777E-2 1.06454E-1 9.64655E-2 6.82987E-2 6.95692E-2 8.24799E-2 7.34996E-2 6.81909E-2 6.81918E-2 6.1491E-2 6.94851E-2 8.48256E-2
-9999 -9999 -9999 -9999 -9999 -9999 -9999 -9999 -9999 -9999 -9999 -9999 -9999 -9999 8.61298E-2 -9999 -9999 -9999 -9999 -9999 -9999 -9999 -9999 8.51312E-1 4.42074E-2 0E0 1.66332E-2 2.20984E-2 0E0 2.92141E-2 2.52754E-2 1.90118E-2 1.65465E-2 1.46363E-2 1.33595E-2 1.21417E-2 4.81548E-2 5.53551E-2 7.19055E-2 9.25141E-2 1.07659E-1 1.307E-1 1.5507E-1 1.7531E-1 1.36997E-1 5.70669E-2 4.98618E-2 3.23306E-2 0E0 2.88065E-2 4.28603E-2 3.8586E-2 3.38601E-2 4.05881E-2 1.37439E-2 2.68275E-2 3.52494E-2 3.37102E-2 5.25569E-2 1.75446E-1 1.29372E-1 9.85177E-2 7.26283E-2 5.67495E-2 5.90362E-2 6.68907E-2 7.15686E-2 6.59181E-2 6.62735E-2 6.14546E-2 6.07719E-2 5.82409E-2
-9999 -9999 -9999 -9999 -9999 -9999 -9999 -9999 -9999 -9999 -9999 -9999 -9999 -9999 -9999 -9999 -9999 -9999 -9999 -9999 -9999 1.24311E-1 5.15816E-1 4.11527E-1 0E0 0E0 0E0 2.32451E-2 3.53667E-2 4.95612E-2 4.30573E-2 1.76476E-2 2.59924E-2 2.5604E-2 6.79525E-2 4.62563E-2 4.74603E-2 5.27751E-2 5.79991E-2 6.25219E-2 6.56862E-2 8.18791E-2 9.788E-2 8.61306E-2 9.45289E-2 6.18826E-2 5.17251E-2 6.01956E-2 4.27864E-2 2.66998E-2 4.02487E-2 4.13245E-2 4.38177E-2 4.69479E-2 5.92391E-2 2.88589E-2 4.84288E-2 6.92554E-2 9.45796E-2 6.08085E-2 9.81319E-2 6.30247E-2 5.21172E-2 5.03784E-2 5.17647E-2 5.39037E-2 6.03661E-2 5.80538E-2 5.84148E-2 5.94814E-2 5.43914E-2 4.58673E-2
-9999 -9999 -9999 -9999 -9999 -9999 -9999 -9999 -9999 -9999 -9999 -9999 -9999 -9999 -9999 -9999 -9999 -9999 -9999 -9999 1.79504E-1 1.85559E-1 1.38505E-1 1.70476E-1 0E0 0E0 0E0 0E0 0E0 3.89686E-2 3.6554E-2 6.1985E-2 4.58885E-2 1.46432E-1 9.27837E-2 7.10515E-2 5.24748E-2 5.40598E-2 5.5684E-2 5.74029E-2 5.80908E-2 5.76986E-2 5.30008E-2 4.72287E-2 5.28748E-2 6.08349E-2 5.86354E-2 6.95797E-2 4.88661E-2 1.07985E-2 2.55411E-2 4.5062E-2 4.83996E-2 5.1856E-2 1.87575E-2 3.43598E-2 4.4518E-2 1.88655E-1 5.80419E-2 3.4328E-2 7.54308E-2 4.8212E-2 4.59446E-2 4.61649E-2 4.46291E-2 4.42996E-2 4.73604E-2 4.86236E-2 5.40016E-2 5.24958E-2 4.81143E-2 4.41208E-2
-9999 -9999 -9999 -9999 -9999 -9999 -9999 -9999 -9999 -9999 -9999 -9999 -9999 -9999 -9999 -9999 -9999 -9999 -9999 -9999 2.0372E-1 1.92212E-1 1.15875E-1 0E0 0E0 0E0 0E0 0E0 2.88439E-2 4.13911E-2 3.96253E-2 6.03942E-2 1.14728E-1 1.32859E-1 1.0156E-1 5.82437E-2 5.26891E-2 5.90705E-2 5.98557E-2 5.75605E-2 5.72459E-2 4.90669E-2 4.21002E-2 3.05835E-2 3.27471E-2 5.39675E-2 5.60583E-2 5.2449E-2 5.09081E-2 5.01765E-2 4.48583E-2 4.80766E-2 5.32649E-2 5.83072E-2 7.49261E-2 2.59471E-2 1.37238E-1 8.48726E-2 1.28504E-1 6.38124E-2 5.69933E-2 4.83623E-2 4.47982E-2 3.9296E-2 3.54973E-2 2.62757E-2 3.17233E-2 4.11509E-2 4.71104E-2 4.98278E-2 4.79539E-2 4.67148E-2
-9999 -9999 -9999 -9999 -9999 -9999 -9999 -9999 -9999 -9999 -9999 -9999 -9999 -9999 -9999 -9999 -9999 -9999 -9999 1.54384E-1 9.8954E-2 2.58661E-1 8.87839E-2 0E0 0E0 0E0 0E0 6.35846E-2 4.55791E-2 4.1067E-2 3.93215E-2 4.07251E-2 6.67862E-2 7.68967E-2 6.65047E-2 5.41089E-2 5.98465E-2 6.24924E-2 6.22949E-2 5.93394E-2 5.59477E-2 5.2429E-2 4.46871E-2 2.93732E-2 3.51383E-2 5.10304E-2 4.75028E-2 5.38618E-2 5.46989E-2 5.57798E-2 6.46962E-2 7.30385E-2 6.78543E-2 6.38239E-2 6.03051E-2 1.70651E-1 1.58543E-1 1.12473E-1 7.36381E-2 5.71198E-2 5.29157E-2 4.65636E-2 4.25422E-2 3.57462E-2 3.04265E-2 2.07921E-2 7.04088E-3 3.42293E-2 4.10951E-2 4.54607E-2 4.87018E-2 5.14292E-2
-9999 -9999 -9999 -9999 -9999 -9999 -9999 -9999 -9999 -9999 -9999 -9999 -9999 -9999 -9999 -9999 -9999 -9999 8.64753E-2 1.14922E-1 1.29802E-1 1.09141E-1 0E0 0E0 0E0 3.93251E-2 8.45397E-2 7.09652E-2 5.91999E-2 5.2322E-2 4.80404E-2 4.65154E-2 4.87013E-2 6.17006E-2 5.8986E-2 5.88182E-2 6.07125E-2 7.03238E-2 7.17751E-2 6.91631E-2 6.55054E-2 6.48773E-2 5.87185E-2 5.70737E-2 8.31263E-2 7.83437E-2 5.60107E-2 5.99623E-2 6.38874E-2 6.59924E-2 6.73329E-2 6.67277E-2 9.28597E-2 7.37316E-2 1.58887E-1 2.14734E-1 2.46204E-1 1.43102E-1 9.83553E-2 5.93076E-2 5.43354E-2 4.84842E-2 4.1355E-2 3.88904E-2 3.22911E-2 2.54427E-2 7.71587E-3 3.19609E-2 3.94573E-2 4.7321E-2 5.08431E-2 5.31466E-2
-9999 -9999 -9999 -9999 -9999 -9999 -9999 -9999 -9999 -9999 -9999 -9999 -9999 -9999 -9999 -9999 -9999 1.42833E-1 1.26887E-1 1.26432E-1 9.46263E-2 0E0 0E0 0E0 6.08876E-2 9.12914E-2 8.03997E-2 6.39034E-2 6.61895E-2 6.3467E-2 6.06808E-2 5.72785E-2 5.96114E-2 6.33736E-2 6.43222E-2 6.21655E-2 6.49761E-2 7.20126E-2 8.08631E-2 8.25073E-2 8.02873E-2 7.63823E-2 7.5264E-2 9.52034E-2 1.16152E-1 6.20631E-2 6.22972E-2 6.35661E-2 9.30724E-2 1.17681E-1 1.1979E-1 6.66676E-2 1.33815E-1 1.59032E-1 2.00078E-1 2.30382E-1 2.07709E-1 1.64439E-1 1.06333E-1 1.01883E-1 6.41813E-2 5.62773E-2 4.3663E-2 4.33225E-2 3.74704E-2 3.18663E-2 9.29591E-3 1.07921E-2 4.17521E-2 4.87992E-2 5.5924E-2 5.80955E-2
-9999 -9999 -9999 -9999 -9999 -9999 -9999 -9999 -9999 -9999 -9999 -9999 -9999 -9999 -9999 -9999 -9999 9.96269E-2 1.58505E-1 2.26068E-1 0E0 0E0 0E0 4.1474E-2 6.34873E-2 6.99508E-2 6.79542E-2 6.30171E-2 7.84161E-2 7.77629E-2 7.55551E-2 6.81231E-2 6.92938E-2 7.42912E-2 6.78222E-2 6.99756E-2 7.17342E-2 7.66612E-2 8.77197E-2 9.07205E-2 8.6414E-2 8.2938E-2 8.3481E-2 9.29799E-2 1.106E-1 8.93144E-2 6.82926E-2 6.87188E-2 9.2375E-2 1.27639E-1 1.48988E-1 1.28623E-1 1.44189E-1 1.72615E-1 1.71826E-1 1.9557E-1 1.87595E-1 1.16124E-1 1.16235E-1 1.04652E-1 7.53996E-2 8.82417E-2 6.93006E-2 5.33128E-2 4.90275E-2 4.35221E-2 3.66964E-2 3.97339E-2 4.37554E-2 4.85734E-2 5.49187E-2 6.74824E-2
-9999 -9999 -9999 -9999 -9999 -9999 -9999 -9999 -9999 -9999 -9999 -9999 -9999 -9999 -9999 -9999 -9999 1.95989E-2 9.82091E-2 1.64169E-1 0E0 0E0 0E0 5.17699E-2 6.05583E-2 5.97503E-2 6.27464E-2 5.8388E-2 7.10189E-2 8.4822E-2 8.1537E-2 7.65189E-2 7.27786E-2 7.0498E-2 6.94722E-2 7.2367E-2 7.71973E-2 8.26598E-2 9.30378E-2 9.56766E-2 8.87945E-2 8.73734E-2 9.22025E-2 8.99241E-2 9.46265E-2 9.73403E-2 9.16375E-2 9.53586E-2 9.41458E-2 1.12382E-1 1.13501E-1 1.22524E-1 1.25828E-1 1.47489E-1 1.76054E-1 1.90994E-1 1.89265E-1 1.40474E-1 1.29113E-1 1.53914E-1 8.24515E-2 8.77336E-2 6.62508E-2 9.54836E-2 9.04503E-2 5.06146E-2 4.20683E-2 4.35656E-2 4.42916E-2 5.16998E-2 6.56706E-2 7.27147E-2
-9999 -9999 -9999 -9999 -9999 -9999 -9999 -9999 -9999 -9999 -9999 -9999 -9999 -9999 -9999 -9999 1.63804E-3 6.75072E-3 1.20749E-1 1.00221E-1 0E0 0E0 0E0 5.60744E-2 5.21845E-2 5.5648E-2 5.41709E-2 5.26229E-2 6.12846E-2 6.86493E-2 7.46108E-2 7.72903E-2 6.82177E-2 6.66305E-2 7.653E-2 8.33075E-2 8.53232E-2 9.17007E-2 9.7746E-2 1.00289E-1 9.36885E-2 9.01087E-2 8.58015E-2 9.08124E-2 8.83059E-2 8.9553E-2 8.32651E-2 8.40688E-2 8.47532E-2 8.56011E-2 1.10658E-1 1.09656E-1 1.47396E-1 1.36376E-1 1.41976E-1 1.69246E-1 1.86224E-1 1.5201E-1 1.28851E-1 1.53114E-1 1.42559E-1 1.50735E-1 1.37218E-1 1.5635E-1 1.47525E-1 8.71625E-2 4.99524E-2 4.67617E-2 4.71281E-2 5.3E-2 6.07229E-2 6.22259E-2
-9999 -9999 -9999 -9999 -9999 -9999 -9999 -9999 -9999 -9999 -9999 -9999 -9999 -9999 -9999 1.59081E-3 2.81769E-3 1.25905E-2 2.61678E-2 0E0 0E0 0E0 5.43469E-2 6.27542E-2 5.71677E-2 5.37903E-2 5.29523E-2 5.10192E-2 5.56485E-2 6.30476E-2 7.12503E-2 7.93445E-2 7.66507E-2 7.69884E-2 7.89012E-2 8.74789E-2 9.1209E-2 9.81553E-2 1.05732E-1 1.07441E-1 9.00028E-2 8.51394E-2 8.35406E-2 8.61266E-2 7.70306E-2 7.77324E-2 7.93389E-2 7.95673E-2 8.55839E-2 9.28312E-2 9.49893E-2 1.15915E-1 1.38529E-1 1.47724E-1 1.41967E-1 1.56078E-1 1.85895E-1 2.37406E-1 2.24436E-1 1.60256E-1 1.95019E-1 1.43195E-1 1.62454E-1 2.0732E-1 2.36224E-1 1.94298E-1 9.07576E-2 5.58182E-2 5.12354E-2 5.48547E-2 6.02374E-2 8.68624E-2
-9999 -9999 -9999 -9999 -9999 -9999 -9999 -9999 -9999 -9999 -9999 -9999 -9999 -9999 -9999 -9999 4.50944E-3 7.05338E-3 2.60344E-2 0E0 0E0 0E0 4.71054E-2 5.82978E-2 5.26915E-2 4.94401E-2 5.13555E-2 5.10168E-2 5.76811E-2 6.92006E-2 7.32544E-2 7.62324E-2 7.57322E-2 8.14931E-2 8.36306E-2 8.63103E-2 9.4029E-2 1.00879E-1 1.10561E-1 1.1648E-1 8.47508E-2 7.83385E-2 8.10732E-2 7.83228E-2 7.52735E-2 7.71356E-2 7.69982E-2 7.91978E-2 9.13457E-2 9.00728E-2 9.73779E-2 9.57212E-2 1.2125E-1 1.30767E-1 1.58994E-1 2.05965E-1 1.98776E-1 2.13162E-1 2.42902E-1 1.55776E-1 1.45471E-1 1.6502E-1 1.82721E-1 2.25942E-1 2.32391E-1 2.13012E-1 1.14225E-1 8.78194E-2 7.74679E-2 1.09126E-1 1.60148E-1 1.53429E-1
-9999 -9999 -9999 -9999 -9999 -9999 -9999 -9999 -9999 -9999 -9999 -9999 -9999 -9999 -9999 1.1181E-3 1.38764E-3 5.28426E-3 4.47338E-3 4.14688E-2 0E0 0E0 2.6339E-2 4.20783E-2 4.66264E-2 4.86855E-2 4.55521E-2 4.79937E-2 5.75843E-2 7.51826E-2 7.38875E-2 7.02169E-2 6.67774E-2 7.43232E-2 7.89975E-2 8.50901E-2 9.2369E-2 9.65667E-2 9.8762E-2 1.01239E-1 8.85147E-2 7.72105E-2 7.69349E-2 7.18644E-2 7.05565E-2 6.88019E-2 7.6079E-2 9.74889E-2 1.01265E-1 1.02653E-1 9.54857E-2 9.82181E-2 1.06924E-1 1.25248E-1 1.52145E-1 1.8974E-1 2.31753E-1 1.88552E-1 1.58332E-1 1.72662E-1 1.69675E-1 1.79962E-1 1.89986E-1 3.13108E-1 4.24713E-1 2.19645E-1 9.81293E-2 6.38234E-2 7.68212E-2 9.3073E-2 1.31445E-1 1.08025E-1
-9999 -9999 -9999 -9999 -9999 -9999 -9999 -9999 -9999 -9999 -9999 -9999 -9999 -9999 -9999 -9999 1.14326E-3 7.83069E-4 9.37684E-3 0E0 0E0 0E0 3.96455E-2 3.90445E-2 3.98065E-2 4.18334E-2 4.18311E-2 4.45655E-2 5.07121E-2 6.12899E-2 6.8188E-2 6.46144E-2 6.53677E-2 6.89314E-2 7.0735E-2 7.69146E-2 8.7236E-2 8.67504E-2 8.72404E-2 8.96405E-2 8.89667E-2 7.74926E-2 7.411E-2 7.17526E-2 6.86884E-2 6.78843E-2 8.13899E-2 1.03929E-1 1.19544E-1 9.70742E-2 9.44511E-2 9.6143E-2 9.86256E-2 1.13669E-1 1.58238E-1 1.91754E-1 2.93736E-1 2.43409E-1 1.95489E-1 1.71884E-1 1.24393E-1 1.57851E-1 2.48445E-1 3.52523E-1 3.55826E-1 1.13728E-1 6.16067E-2 5.18836E-2 6.2859E-2 7.27251E-2 8.52561E-2 8.00989E-2
-9999 -9999 -9999 -9999 -9999 -9999 -9999 -9999 -9999 -9999 -9999 -9999 -9999 -9999 -9999 -9999 -9999 1.08921E-3 1.4177E-2 0E0 0E0 0E0 3.88587E-2 4.15439E-2 3.98311E-2 4.03377E-2 4.04378E-2 4.15294E-2 4.35256E-2 4.89305E-2 5.79196E-2 6.00756E-2 6.64914E-2 6.90559E-2 6.90045E-2 6.99961E-2 7.74878E-2 7.94843E-2 7.86968E-2 8.18394E-2 8.26263E-2 7.7429E-2 7.20761E-2 7.25782E-2 7.36247E-2 7.40843E-2 9.00843E-2 1.08326E-1 1.44071E-1 1.16299E-1 9.75885E-2 9.36713E-2 9.85693E-2 1.23567E-1 1.35009E-1 2.08867E-1 2.76952E-1 3.32405E-1 3.02144E-1 1.9622E-1 1.475E-1 1.53646E-1 1.82137E-1 1.96828E-1 2.06027E-1 1.43592E-1 6.60014E-2 4.59261E-2 4.92382E-2 5.40503E-2 6.09033E-2 6.19009E-2
-9999 -9999 -9999 -9999 -9999 -9999 -9999 -9999 -9999 -9999 -9999 -9999 -9999 -9999 -9999 -9999 1.88986E-4 1.8466E-3 0E0 0E0 0E0 4.26089E-3 3.65964E-2 4.76929E-2 4.59484E-2 4.21159E-2 4.44622E-2 3.88676E-2 4.16134E-2 4.48559E-2 5.25639E-2 5.87723E-2 6.17158E-2 6.4751E-2 6.78837E-2 6.68823E-2 7.15737E-2 7.07382E-2 7.22973E-2 7.30069E-2 7.41108E-2 7.04226E-2 7.08945E-2 7.50401E-2 7.90625E-2 9.06154E-2 9.39589E-2 1.14177E-1 1.2874E-1 1.04608E-1 9.05367E-2 8.79653E-2 9.72597E-2 1.16197E-1 1.42311E-1 1.62635E-1 2.04762E-1 2.18633E-1 2.03253E-1 1.71495E-1 1.26066E-1 1.19915E-1 1.24146E-1 1.56341E-1 1.2002E-1 1.12319E-1 6.12089E-2 4.63318E-2 4.2622E-2 4.67453E-2 4.73533E-2 4.51764E-2
-9999 -9999 -9999 -9999 -9999 -9999 -9999 -9999 -9999 -9999 -9999 -9999 -9999 -9999 -9999 0E0 0E0 3.36076E-4 0E0 0E0 0E0 1.53964E-2 4.01327E-2 5.85857E-2 5.69267E-2 5.3331E-2 4.8067E-2 4.52921E-2 4.80194E-2 4.71534E-2 4.94108E-2 6.38978E-2 6.00599E-2 5.98511E-2 5.89217E-2 5.19168E-2 5.49819E-2 6.39371E-2 6.69357E-2 6.74329E-2 6.48276E-2 6.659E-2 6.79134E-2 7.38516E-2 7.91049E-2 9.20437E-2 9.73233E-2 1.02619E-1 9.88439E-2 9.57619E-2 8.55403E-2 8.88935E-2 9.01325E-2 1.0604E-1 1.10536E-1 1.18894E-1 1.3431E-1 1.44052E-1 1.17032E-1 1.15911E-1 1.08439E-1 1.09248E-1 1.01178E-1 1.00141E-1 8.37363E-2 1.05986E-1 7.98703E-2 4.21111E-2 3.85737E-2 3.82215E-2 3.76576E-2 3.87038E-2
-9999 -9999 -9999 -9999 -9999 -9999 -9999 -9999 -9999 -9999 -9999 -9999 -9999 -9999 -9999 0E0 0E0 0E0 0E0 0E0 0E0 2.96813E-2 4.24725E-2 6.36788E-2 6.60778E-2 6.05093E-2 5.48012E-2 5.32995E-2 5.92443E-2 6.6162E-2 5.83605E-2 5.23086E-2 5.16781E-2 5.38158E-2 5.26916E-2 4.94022E-2 4.90332E-2 5.64911E-2 6.04757E-2 6.63535E-2 6.45962E-2 6.63097E-2 6.64117E-2 7.19855E-2 8.37653E-2 8.95915E-2 9.57676E-2 9.8322E-2 9.60003E-2 9.42932E-2 9.336E-2 8.75824E-2 8.72566E-2 9.0944E-2 9.62401E-2 1.1785E-1 1.15137E-1 1.16156E-1 9.02801E-2 8.45742E-2 7.5136E-2 7.58975E-2 7.09992E-2 5.443E-2 6.20477E-2 6.15507E-2 4.22613E-2 3.61271E-2 3.32889E-2 3.31598E-2 3.25994E-2 3.12426E-2
-9999 -9999 -9999 -9999 -9999 -9999 -9999 -9999 -9999 -9999 -9999 -9999 -9999 -9999 -9999 0E0 0E0 0E0 0E0 0E0 0E0 1.31597E-2 4.1172E-3 3.68251E-2 4.95851E-2 6.02995E-2 5.89984E-2 5.06881E-2 5.98849E-2 7.61476E-2 6.38397E-2 4.54278E-2 4.8581E-2 4.67569E-2 4.89868E-2 4.73612E-2 4.90726E-2 5.29391E-2 5.86859E-2 6.73163E-2 6.75623E-2 6.23523E-2 6.41375E-2 6.91271E-2 7.89973E-2 8.6902E-2 9.12484E-2 9.14343E-2 8.84462E-2 8.58774E-2 8.31959E-2 8.46614E-2 8.46083E-2 8.38999E-2 9.18696E-2 1.0041E-1 9.61175E-2 9.43997E-2 7.38907E-2 6.2572E-2 5.19138E-2 4.14214E-2 3.57079E-2 3.41189E-2 3.94737E-2 4.31482E-2 3.4935E-2 2.94033E-2 2.55287E-2 2.42482E-2 2.34653E-2 2.57732E-2
-9999 -9999 -9999 -9999 -9999 -9999 -9999 -9999 -9999 -9999 -9999 -9999 -9999 -9999 -9999 0E0 0E0 0E0 0E0 0E0 0E0 0E0 0E0 0E0 1.7062E-2 4.82121E-2 4.14045E-2 5.11781E-2 7.33323E-2 6.7432E-2 5.30159E-2 4.26554E-2 4.27334E-2 4.6372E-2 4.69219E-2 4.70904E-2 4.62665E-2 4.96112E-2 5.43394E-2 5.85856E-2 5.99501E-2 5.7298E-2 6.0033E-2 6.55541E-2 7.19136E-2 8.13244E-2 8.4917E-2 8.32463E-2 8.04468E-2 7.03261E-2 7.07275E-2 7.45709E-2 7.42331E-2 8.25218E-2 8.95786E-2 9.27498E-2 7.49708E-2 7.09876E-2 5.44699E-2 4.00649E-2 3.42077E-2 2.86407E-2 2.54816E-2 2.6085E-2 2.354E-2 2.36967E-2 2.55498E-2 2.07218E-2 1.85667E-2 1.71782E-2 1.69587E-2 1.77647E-2
-9999 -9999 -9999 -9999 -9999 -9999 -9999 -9999 -9999 -9999 -9999 -9999 -9999 -9999 -9999 0E0 0E0 0E0 0E0 0E0 0E0 0E0 0E0 0E0 0E0 2.0677E-2 2.52384E-2 3.75689E-2 4.95595E-2 4.36164E-2 3.56789E-2 3.90849E-2 3.85666E-2 4.43746E-2 4.4275E-2 4.36309E-2 4.62996E-2 4.58443E-2 4.67649E-2 4.69354E-2 4.92303E-2 5.27121E-2 5.33183E-2 5.9265E-2 6.43026E-2 6.76089E-2 7.35821E-2 7.31912E-2 7.64659E-2 5.87104E-2 5.68686E-2 5.73861E-2 5.79675E-2 6.30656E-2 6.85562E-2 6.70292E-2 5.58036E-2 4.83006E-2 3.43388E-2 2.9743E-2 2.44357E-2 2.17741E-2 1.95738E-2 1.47873E-2 1.3818E-2 1.34128E-2 1.21972E-2 1.18994E-2 1.2423E-2 1.16195E-2 1.16152E-2 1.22538E-2
-9999 -9999 -9999 -9999 -9999 -9999 -9999 -9999 -9999 -9999 -9999 -9999 -9999 -9999 -9999 -9999 0E0 0E0 0E0 0E0 0E0 0E0 0E0 0E0 4.56056E-3 4.69373E-3 1.04577E-2 2.38164E-2 2.70243E-2 2.65642E-2 2.74873E-2 3.4228E-2 3.61564E-2 4.08476E-2 4.05407E-2 4.30753E-2 4.20269E-2 4.60463E-2 4.30357E-2 3.89079E-2 4.30717E-2 5.00868E-2 4.88484E-2 5.17176E-2 5.51191E-2 5.79716E-2 5.75775E-2 5.82268E-2 5.92399E-2 5.24676E-2 4.63928E-2 4.31869E-2 4.22553E-2 4.50169E-2 4.98229E-2 4.72872E-2 4.03625E-2 3.02339E-2 2.27701E-2 1.97869E-2 1.72494E-2 1.31494E-2 1.12279E-2 1.01028E-2 7.32566E-3 6.59759E-3 6.97741E-3 7.37101E-3 7.87633E-3 7.52285E-3 7.04188E-3 6.61509E-3
-9999 -9999 -9999 -9999 -9999 -9999 -9999 -9999 -9999 -9999 -9999 -9999 -9999 -9999 -9999 -9999 -9999 -9999 0E0 0E0 0E0 0E0 0E0 0E0 1.20149E-2 6.6294E-3 1.02663E-2 1.85047E-2 1.6494E-2 2.07605E-2 2.38748E-2 3.14076E-2 3.54109E-2 3.75984E-2 3.65297E-2 3.77798E-2 4.26933E-2 4.54934E-2 4.09988E-2 3.63464E-2 3.97466E-2 4.47384E-2 4.49234E-2 4.50515E-2 4.75868E-2 4.83851E-2 4.49537E-2 4.20149E-2 4.60037E-2 4.38348E-2 3.79493E-2 3.16475E-2 2.93945E-2 3.04788E-2 3.14663E-2 3.13932E-2 2.76686E-2 2.00923E-2 1.44957E-2 1.23947E-2 1.17057E-2 8.87534E-3 6.22657E-3 5.46705E-3 4.12695E-3 3.79299E-3 3.76794E-3 4.23899E-3 4.27505E-3 3.99292E-3 4.15549E-3 2.68428E-3
-9999 -9999 -9999 -9999 -9999 -9999 -9999 -9999 -9999 -9999 -9999 -9999 -9999 -9999 -9999 -9999 -9999 -9999 0E0 0E0 0E0 0E0 0E0 0E0 0E0 0E0 1.09082E-2 1.87584E-2 1.85935E-2 2.05128E-2 2.14405E-2 2.73314E-2 3.15252E-2 3.25856E-2 3.23864E-2 3.33463E-2 4.00594E-2 4.02274E-2 3.49114E-2 3.06357E-2 2.97607E-2 3.20023E-2 3.69641E-2 3.78817E-2 4.01545E-2 4.50844E-2 4.12298E-2 3.60639E-2 4.0085E-2 3.72683E-2 3.35251E-2 2.56493E-2 2.22235E-2 2.15427E-2 2.27686E-2 2.214E-2 2.08877E-2 1.66446E-2 1.0962E-2 7.69569E-3 6.81212E-3 6.01252E-3 5.25199E-3 2.46926E-3 1.26814E-3 1.73676E-3 1.6849E-3 2.00226E-3 2.15609E-3 1.12443E-3 1.06696E-3 1.00976E-3
