final project/Practice/maxentOut/species_1_maxentOut.asc
ncols         186
nrows         192
xllcorner     -125.0
yllcorner     -56.0
cellsize      0.5
NODATA_value  -9999
[rows 87 to 115 of 192, columns 66 to 131 of 186]
-9999 -9999 -9999 -9999 -9999 -9999 -9999 -9999 -9999 -9999 -9999 -9999 -9999 -9999 -9999 -9999 -9999 -9999 -9999 -9999 -9999 -9999 3.00264E-4 2.56211E-3 2.39582E-2 3.17247E-1 9.39775E-2 3.27065E-2 3.92965E-2 4.92505E-2 4.75619E-2 4.38264E-2 4.70871E-2 4.19671E-2 4.40664E-2 4.7136E-2 5.48759E-2 6.11809E-2 6.46546E-2 6.80787E-2 7.13786E-2 7.03237E-2 7.55534E-2 7.49764E-2 7.66328E-2 7.70695E-2 7.82374E-2 7.40534E-2 7.42877E-2 7.83822E-2 8.23394E-2 9.36454E-2 9.66773E-2 1.16498E-1 1.31023E-1 1.06437E-1 9.22261E-2 8.96043E-2 9.8954E-2 1.181E-1 1.44358E-1 1.64685E-1 2.07226E-1 2.21286E-1 2.05878E-1 1.74193E-1
-9999 -9999 -9999 -9999 -9999 -9999 -9999 -9999 -9999 -9999 -9999 -9999 -9999 -9999 -9999 -9999 -9999 -9999 -9999 -9999 -9999 2.9388E-4 8.2415E-4 2.54545E-3 2.54489E-2 3.0742E-1 9.06433E-2 3.05493E-2 4.23254E-2 6.00222E-2 5.85404E-2 5.50779E-2 5.0176E-2 4.75949E-2 5.02888E-2 4.92213E-2 5.14254E-2 6.61636E-2 6.29173E-2 6.31571E-2 6.24285E-2 5.52358E-2 5.878E-2 6.80522E-2 7.12511E-2 7.17816E-2 6.93309E-2 7.05703E-2 7.11585E-2 7.69037E-2 8.19336E-2 9.4906E-2 1.00144E-1 1.05016E-1 1.00986E-1 9.76887E-2 8.73806E-2 9.08094E-2 9.20765E-2 1.08036E-1 1.1234E-1 1.20844E-1 1.36377E-1 1.46282E-1 1.19094E-1 1.1827E-1
-9999 -9999 -9999 -9999 -9999 -9999 -9999 -9999 -9999 -9999 -9999 -9999 -9999 -9999 -9999 -9999 -9999 -9999 -9999 -9999 -9999 2.26663E-4 1.71262E-4 3.19638E-4 1.4422E-1 3.01607E-1 1.00555E-1 3.64204E-2 4.56164E-2 6.54905E-2 6.79602E-2 6.22279E-2 5.64707E-2 5.51785E-2 6.1673E-2 6.86907E-2 6.05814E-2 5.47865E-2 5.47413E-2 5.72598E-2 5.63269E-2 5.30733E-2 5.29659E-2 6.10412E-2 6.57488E-2 7.17284E-2 6.94381E-2 7.02726E-2 6.9828E-2 7.49574E-2 8.65555E-2 9.25855E-2 9.87519E-2 1.01174E-1 9.84031E-2 9.6651E-2 9.56933E-2 8.99293E-2 8.94299E-2 9.29064E-2 9.83229E-2 1.20251E-1 1.17479E-1 1.18698E-1 9.23743E-2 8.68367E-2
-9999 -9999 -9999 -9999 -9999 -9999 -9999 -9999 -9999 -9999 -9999 -9999 -9999 -9999 -9999 -9999 -9999 -9999 -9999 -9999 -9999 1.54199E-4 7.88529E-5 1.1417E-4 1.91502E-2 1.58801E-1 2.50724E-2 2.60814E-2 3.15876E-2 4.3899E-2 5.21121E-2 6.22822E-2 6.07998E-2 5.24726E-2 6.21658E-2 7.90741E-2 6.64634E-2 4.7917E-2 5.19249E-2 5.05022E-2 5.32299E-2 5.14598E-2 5.36656E-2 5.79051E-2 6.46574E-2 7.32091E-2 7.34775E-2 6.702E-2 6.79659E-2 7.21956E-2 8.22715E-2 9.0262E-2 9.45337E-2 9.44931E-2 9.14E-2 8.85387E-2 8.57702E-2 8.70981E-2 8.70435E-2 8.63137E-2 9.43374E-2 1.02929E-1 9.87055E-2 9.71315E-2 7.63385E-2 6.51418E-2
-9999 -9999 -9999 -9999 -9999 -9999 -9999 -9999 -9999 -9999 -9999 -9999 -9999 -9999 -9999 -9999 -9999 -9999 -9999 -9999 -9999 9.48879E-4 3.94889E-4 9.6949E-5 1.34147E-3 1.28591E-1 1.15463E-2 9.59321E-2 1.65775E-1 2.46071E-2 3.3883E-2 5.03277E-2 4.32146E-2 5.34275E-2 7.65952E-2 7.04225E-2 5.59332E-2 4.55817E-2 4.64218E-2 5.07056E-2 5.16638E-2 5.18498E-2 5.1322E-2 5.549E-2 6.07965E-2 6.50336E-2 6.65536E-2 6.26865E-2 6.41919E-2 6.97772E-2 7.56244E-2 8.52397E-2 8.87201E-2 8.67048E-2 8.35459E-2 7.28286E-2 7.32449E-2 7.72308E-2 7.70829E-2 8.54783E-2 9.25722E-2 9.56352E-2 7.76455E-2 7.39166E-2 5.72533E-2 4.24245E-2
-9999 -9999 -9999 -9999 -9999 -9999 -9999 -9999 -9999 -9999 -9999 -9999 -9999 -9999 -9999 -9999 -9999 -9999 -9999 -9999 -9999 1.21919E-3 6.55733E-4 5.01295E-4 2.84049E-4 9.73239E-2 9.099E-2 7.68191E-2 1.23332E-1 1.71116E-1 2.89568E-2 2.5773E-2 2.73955E-2 3.99515E-2 5.24938E-2 4.63919E-2 3.85191E-2 4.27223E-2 4.31071E-2 4.96168E-2 4.99393E-2 4.92106E-2 5.223E-2 5.22069E-2 5.32587E-2 5.34536E-2 5.60767E-2 5.84936E-2 5.8321E-2 6.40462E-2 6.87681E-2 7.19694E-2 7.7678E-2 7.72645E-2 8.01372E-2 6.15015E-2 5.97785E-2 6.01122E-2 6.07221E-2 6.6071E-2 7.18332E-2 7.02306E-2 5.88791E-2 5.13821E-2 3.70702E-2 3.24964E-2
-9999 -9999 -9999 -9999 -9999 -9999 -9999 -9999 -9999 -9999 -9999 -9999 -9999 -9999 -9999 -9999 -9999 -9999 -9999 -9999 -9999 -9999 1.48129E-3 6.67266E-4 7.60047E-4 1.01574E-2 2.36249E-2 7.8958E-2 1.00014E-1 1.19309E-1 1.05674E-2 6.92603E-3 1.45343E-2 2.60139E-2 2.93363E-2 2.92177E-2 3.09695E-2 3.89457E-2 4.20305E-2 4.75029E-2 4.71446E-2 4.90436E-2 4.78463E-2 5.24376E-2 4.95032E-2 4.52397E-2 5.00988E-2 5.76461E-2 5.564E-2 5.73867E-2 6.02962E-2 6.26449E-2 6.1876E-2 6.22564E-2 6.30426E-2 5.58228E-2 4.93495E-2 4.59343E-2 4.49421E-2 4.81093E-2 5.32547E-2 5.0797E-2 4.38416E-2 3.32603E-2 2.6151E-2 2.29702E-2
-9999 -9999 -9999 -9999 -9999 -9999 -9999 -9999 -9999 -9999 -9999 -9999 -9999 -9999 -9999 -9999 -9999 -9999 -9999 -9999 -9999 -9999 -9999 -9999 7.73191E-4 2.27067E-3 1.97653E-2 5.14261E-2 8.41394E-2 1.34281E-1 1.62689E-2 1.05531E-2 1.30142E-2 2.03447E-2 1.8934E-2 2.38394E-2 2.88287E-2 3.74206E-2 4.28117E-2 4.54672E-2 4.29798E-2 4.39237E-2 4.9108E-2 5.29266E-2 4.8895E-2 4.46339E-2 4.96643E-2 5.4995E-2 5.35968E-2 5.18302E-2 5.3219E-2 5.3279E-2 4.91513E-2 4.53713E-2 4.96871E-2 4.73402E-2 4.12159E-2 3.43621E-2 3.21152E-2 3.353E-2 3.48754E-2 3.53791E-2 3.14674E-2 2.42516E-2 1.80542E-2 1.63867E-2
-9999 -9999 -9999 -9999 -9999 -9999 -9999 -9999 -9999 -9999 -9999 -9999 -9999 -9999 -9999 -9999 -9999 -9999 -9999 -9999 -9999 -9999 -9999 -9999 2.2103E-3 3.6585E-3 1.701E-2 1.91697E-2 3.696E-2 6.96903E-2 3.82227E-2 1.63593E-2 1.56093E-2 2.09419E-2 2.07576E-2 2.35545E-2 2.62832E-2 3.40963E-2 4.00811E-2 4.06785E-2 3.91422E-2 3.92229E-2 4.65831E-2 4.73465E-2 4.44077E-2 4.16246E-2 4.27671E-2 4.46722E-2 4.70326E-2 4.51634E-2 4.57084E-2 5.04126E-2 4.53828E-2 3.94144E-2 4.38176E-2 4.10137E-2 3.68872E-2 2.86466E-2 2.50303E-2 2.4739E-2 2.67553E-2 2.6729E-2 2.60364E-2 2.1544E-2 1.56865E-2 1.28123E-2
-9999 -9999 -9999 -9999 -9999 -9999 -9999 -9999 -9999 -9999 -9999 -9999 -9999 -9999 -9999 -9999 -9999 -9999 -9999 -9999 -9999 -9999 -9999 -9999 -9999 6.28742E-3 1.41506E-2 1.94187E-3 4.87073E-3 2.52044E-2 1.59798E-1 4.26064E-2 1.83701E-2 2.13364E-2 2.05633E-2 2.18828E-2 2.34051E-2 2.93029E-2 3.52802E-2 3.63713E-2 3.72793E-2 3.99609E-2 4.19397E-2 3.91574E-2 3.98708E-2 3.61671E-2 3.34068E-2 3.45992E-2 3.72215E-2 3.99474E-2 3.74858E-2 4.11487E-2 4.47225E-2 4.12336E-2 3.91969E-2 3.68583E-2 3.61852E-2 3.17544E-2 2.44841E-2 2.31903E-2 2.22294E-2 2.08502E-2 1.84204E-2 1.6285E-2 1.28967E-2 1.0679E-2
-9999 -9999 -9999 -9999 -9999 -9999 -9999 -9999 -9999 -9999 -9999 -9999 -9999 -9999 -9999 -9999 -9999 -9999 -9999 -9999 -9999 -9999 -9999 -9999 -9999 -9999 1.01007E-2 9.86256E-3 1.76644E-3 9.49378E-3 3.45084E-2 4.87781E-2 2.72733E-2 3.25599E-2 2.36025E-2 2.14962E-2 2.26337E-2 2.56643E-2 2.92347E-2 2.99386E-2 3.20976E-2 3.45572E-2 3.74623E-2 3.52881E-2 3.27503E-2 3.05329E-2 2.49071E-2 2.73364E-2 3.19087E-2 3.44133E-2 3.3779E-2 3.18884E-2 3.56157E-2 3.71419E-2 3.60251E-2 3.2616E-2 3.27498E-2 3.13285E-2 2.37297E-2 1.91925E-2 1.6996E-2 1.63633E-2 1.47104E-2 1.22733E-2 1.0376E-2 8.79061E-3
-9999 -9999 -9999 -9999 -9999 -9999 -9999 -9999 -9999 -9999 -9999 -9999 -9999 -9999 -9999 -9999 -9999 -9999 -9999 -9999 -9999 -9999 -9999 -9999 -9999 -9999 7.82604E-3 9.95824E-3 1.27598E-3 7.48359E-3 1.56604E-2 1.45474E-1 5.77484E-2 3.78192E-2 1.94927E-2 2.55E-2 2.50184E-2 2.35073E-2 2.60189E-2 2.70438E-2 2.83148E-2 2.81185E-2 3.09479E-2 3.13386E-2 2.8932E-2 2.5709E-2 2.24023E-2 2.53756E-2 3.19603E-2 3.22728E-2 3.2533E-2 2.93009E-2 2.73844E-2 2.94348E-2 3.14932E-2 3.13492E-2 3.10341E-2 2.85503E-2 2.28648E-2 1.6493E-2 1.08109E-2 6.95119E-3 7.04209E-3 7.31669E-3 7.5533E-3 6.8403E-3
-9999 -9999 -9999 -9999 -9999 -9999 -9999 -9999 -9999 -9999 -9999 -9999 -9999 -9999 -9999 -9999 -9999 -9999 -9999 -9999 -9999 -9999 -9999 -9999 -9999 -9999 -9999 9.54329E-3 1.14386E-2 1.4805E-3 1.54183E-2 2.23175E-2 5.11045E-2 3.40231E-2 2.23564E-2 2.24293E-2 2.57998E-2 2.36381E-2 2.5005E-2 2.48891E-2 2.44511E-2 2.6396E-2 2.64886E-2 2.63155E-2 2.43511E-2 2.36003E-2 2.42611E-2 2.94324E-2 3.10382E-2 3.20911E-2 2.9093E-2 2.75736E-2 1.86536E-2 2.46371E-2 2.56203E-2 2.75138E-2 2.60881E-2 2.12862E-2 1.25215E-2 5.59757E-3 4.03218E-3 3.35022E-3 3.96544E-3 5.50168E-3 6.16822E-3 5.38436E-3
-9999 -9999 -9999 -9999 -9999 -9999 -9999 -9999 -9999 -9999 -9999 -9999 -9999 -9999 -9999 -9999 -9999 -9999 -9999 -9999 -9999 -9999 -9999 -9999 -9999 -9999 -9999 6.34884E-3 1.02668E-2 1.74719E-2 4.67869E-3 5.08195E-2 5.87311E-2 6.06595E-2 2.98547E-2 3.67407E-2 2.50348E-2 2.16633E-2 2.19223E-2 2.19932E-2 2.32349E-2 2.40105E-2 2.21854E-2 2.13585E-2 1.99796E-2 2.1042E-2 2.31115E-2 2.85816E-2 2.90982E-2 2.88993E-2 2.44679E-2 2.23965E-2 1.77621E-2 1.9685E-2 1.98956E-2 2.21155E-2 2.15228E-2 1.74303E-2 1.08359E-2 2.76236E-3 2.725E-3 4.19401E-3 4.48325E-3 5.81079E-3 7.2867E-3 6.01741E-3
-9999 -9999 -9999 -9999 -9999 -9999 -9999 -9999 -9999 -9999 -9999 -9999 -9999 -9999 -9999 -9999 -9999 -9999 -9999 -9999 -9999 -9999 -9999 -9999 -9999 -9999 -9999 -9999 7.26117E-3 1.59734E-2 4.34842E-2 1.84552E-2 8.4681E-2 2.15178E-1 9.94571E-2 9.13189E-2 2.0845E-2 2.19426E-2 2.05518E-2 1.99121E-2 2.24203E-2 2.25794E-2 2.19081E-2 2.0336E-2 1.83984E-2 1.63929E-2 1.81765E-2 2.38013E-2 2.44155E-2 2.13258E-2 1.86894E-2 1.60098E-2 1.73567E-2 1.04584E-2 1.48285E-2 1.71599E-2 1.62741E-2 1.33769E-2 8.61959E-3 6.01004E-3 4.51135E-3 6.39583E-3 7.25321E-3 9.36654E-3 9.66773E-3 7.16306E-3
-9999 -9999 -9999 -9999 -9999 -9999 -9999 -9999 -9999 -9999 -9999 -9999 -9999 -9999 -9999 -9999 -9999 -9999 -9999 -9999 -9999 -9999 -9999 -9999 -9999 -9999 -9999 -9999 3.52608E-3 6.36547E-3 3.10069E-2 1.26752E-2 3.04934E-2 1.08153E-1 1.97676E-1 4.84224E-2 2.58612E-2 1.78849E-2 1.97474E-2 1.8358E-2 2.05453E-2 2.41827E-2 2.38355E-2 2.28585E-2 2.22753E-2 1.7973E-2 1.46255E-2 1.77166E-2 1.88264E-2 1.71371E-2 1.44858E-2 1.25644E-2 1.38975E-2 9.15428E-3 8.77892E-3 1.33133E-2 1.14379E-2 9.46392E-3 9.09299E-3 1.03466E-2 1.13719E-2 1.26121E-2 1.72715E-2 1.69278E-2 1.64038E-2 1.08668E-2
-9999 -9999 -9999 -9999 -9999 -9999 -9999 -9999 -9999 -9999 -9999 -9999 -9999 -9999 -9999 -9999 -9999 -9999 -9999 -9999 -9999 -9999 -9999 -9999 -9999 -9999 -9999 -9999 2.92152E-3 3.3965E-3 1.03297E-2 5.11237E-3 1.5578E-2 7.15118E-3 4.9997E-2 1.0559E-1 1.05799E-1 1.34335E-2 1.651E-2 1.834E-2 2.55129E-2 3.06857E-2 3.25197E-2 2.47161E-2 2.26633E-2 1.57799E-2 1.4995E-2 1.53497E-2 1.55522E-2 4.25399E-3 1.33925E-2 3.53687E-3 1.19178E-2 8.50347E-3 6.34637E-3 7.28806E-3 8.68217E-3 7.64603E-3 7.62438E-3 1.2047E-2 1.32842E-2 1.62357E-2 2.85479E-2 3.05448E-2 7.81824E-3 6.07965E-3
-9999 -9999 -9999 -9999 -9999 -9999 -9999 -9999 -9999 -9999 -9999 -9999 -9999 -9999 -9999 -9999 -9999 -9999 -9999 -9999 -9999 -9999 -9999 -9999 -9999 -9999 -9999 -9999 -9999 1.79657E-3 3.50646E-3 1.96054E-2 4.6402E-3 1.54062E-2 2.72441E-2 8.07675E-2 7.58085E-2 7.4982E-2 2.02896E-2 7.63484E-2 5.82777E-2 4.26374E-2 4.9623E-2 4.42866E-2 2.95642E-2 1.99512E-2 1.76771E-2 1.60324E-2 4.65968E-3 4.24037E-3 3.79472E-3 1.19521E-2 3.18138E-3 7.48111E-3 4.82533E-3 3.86864E-3 4.5851E-3 4.74094E-3 5.3592E-3 1.21903E-2 2.12344E-2 2.13334E-2 3.10781E-2 1.64051E-2 1.39956E-2 9.23174E-3
-9999 -9999 -9999 -9999 -9999 -9999 -9999 -9999 -9999 -9999 -9999 -9999 -9999 -9999 -9999 -9999 -9999 -9999 -9999 -9999 -9999 -9999 -9999 -9999 -9999 -9999 -9999 -9999 -9999 -9999 1.94217E-3 6.81202E-3 2.57252E-2 3.29955E-3 1.58897E-2 1.63433E-2 5.47276E-2 4.95773E-2 4.96349E-2 4.12753E-2 1.21485E-1 5.58427E-2 9.82181E-2 8.91572E-2 5.49956E-2 3.16721E-2 7.03723E-3 6.02047E-3 4.91669E-3 1.47575E-2 1.25524E-2 3.25506E-3 2.7486E-3 2.42703E-3 1.36705E-3 1.01039E-3 3.81365E-3 4.14811E-3 4.65006E-3 7.91285E-3 1.31859E-2 2.71247E-2 5.42899E-2 3.26516E-2 2.35162E-2 1.7229E-2
-9999 -9999 -9999 -9999 -9999 -9999 -9999 -9999 -9999 -9999 -9999 -9999 -9999 -9999 -9999 -9999 -9999 -9999 -9999 -9999 -9999 -9999 -9999 -9999 -9999 -9999 -9999 -9999 -9999 -9999 1.48218E-3 2.03432E-3 8.61201E-3 2.59786E-3 3.04927E-3 1.02599E-2 1.3621E-2 1.72214E-2 3.43935E-3 3.5437E-3 1.40951E-3 8.72305E-2 4.95027E-1 1.82919E-1 8.84038E-2 5.08295E-2 3.43382E-2 2.39891E-2 1.93298E-2 1.5968E-2 3.97071E-3 3.16032E-3 2.657E-3 8.06253E-3 2.24724E-3 1.55367E-3 1.57406E-3 1.53935E-3 6.77969E-3 2.84207E-3 1.4435E-2 2.06366E-2 4.87181E-2 6.55188E-2 8.22658E-2 2.52074E-2
-9999 -9999 -9999 -9999 -9999 -9999 -9999 -9999 -9999 -9999 -9999 -9999 -9999 -9999 -9999 -9999 -9999 -9999 -9999 -9999 -9999 -9999 -9999 -9999 -9999 -9999 -9999 -9999 -9999 -9999 -9999 3.36854E-3 1.74862E-3 1.25834E-2 2.24031E-3 2.26398E-3 7.08527E-3 1.6106E-3 1.1858E-3 3.32689E-3 6.76668E-4 3.59688E-4 5.16103E-4 5.86651E-2 4.86858E-1 2.16756E-1 4.67634E-2 3.13271E-2 2.04846E-2 1.65985E-2 4.05352E-3 3.36095E-3 2.70095E-3 8.558E-3 2.50323E-3 2.43447E-3 8.09147E-3 2.23784E-3 2.64273E-3 1.51143E-2 1.85735E-2 2.56665E-2 1.91068E-2 4.63368E-2 8.91166E-2 2.90975E-2
-9999 -9999 -9999 -9999 -9999 -9999 -9999 -9999 -9999 -9999 -9999 -9999 -9999 -9999 -9999 -9999 -9999 -9999 -9999 -9999 -9999 -9999 -9999 -9999 -9999 -9999 -9999 -9999 -9999 -9999 -9999 3.15002E-3 1.14634E-3 1.40712E-3 1.05174E-2 2.05249E-3 2.6097E-3 7.14338E-3 9.85505E-4 2.47556E-3 5.21791E-4 8.03686E-4 1.7903E-4 2.40852E-4 2.45703E-3 2.89644E-1 4.94489E-1 1.46565E-1 2.04751E-2 4.5981E-3 3.91669E-3 3.55527E-3 3.1293E-3 2.82236E-3 2.75345E-3 9.13129E-3 2.5687E-3 8.98087E-3 3.02732E-3 1.46622E-2 1.87357E-2 2.1672E-2 2.31897E-2 3.83392E-2 4.08317E-2 2.82482E-2
-9999 -9999 -9999 -9999 -9999 -9999 -9999 -9999 -9999 -9999 -9999 -9999 -9999 -9999 -9999 -9999 -9999 -9999 -9999 -9999 -9999 -9999 -9999 -9999 -9999 -9999 -9999 -9999 -9999 -9999 -9999 -9999 2.68978E-3 9.91897E-4 2.04422E-3 1.51589E-2 3.00167E-3 2.15134E-2 6.6351E-4 4.54074E-4 3.17963E-4 1.74981E-4 8.37482E-5 1.88925E-4 5.95404E-4 1.45181E-3 4.14612E-1 3.93275E-1 2.9396E-2 1.58237E-2 4.26555E-3 4.61838E-3 6.27543E-3 4.34412E-3 3.30898E-3 1.01513E-2 9.17235E-3 1.02772E-2 1.142E-2 1.24558E-2 1.76119E-2 1.91158E-2 3.25842E-2 4.98321E-2 1.32527E-2 5.53378E-2
-9999 -9999 -9999 -9999 -9999 -9999 -9999 -9999 -9999 -9999 -9999 -9999 -9999 -9999 -9999 -9999 -9999 -9999 -9999 -9999 -9999 -9999 -9999 -9999 -9999 -9999 -9999 -9999 -9999 -9999 -9999 -9999 -9999 1.44313E-3 1.37035E-3 2.91304E-3 1.68679E-2 1.00119E-2 4.9774E-4 2.9283E-4 2.3815E-4 1.89328E-4 2.52489E-4 4.2067E-4 2.93769E-3 3.42308E-3 1.01905E-1 1.48183E-1 5.38849E-2 3.61211E-2 1.73916E-2 2.1221E-2 7.81914E-3 7.24291E-3 4.60283E-3 3.57598E-3 1.09512E-2 9.80847E-3 1.09528E-2 1.37532E-2 1.71448E-2 2.00028E-2 2.04919E-2 2.34921E-2 1.98205E-2 2.07843E-2
-9999 -9999 -9999 -9999 -9999 -9999 -9999 -9999 -9999 -9999 -9999 -9999 -9999 -9999 -9999 -9999 -9999 -9999 -9999 -9999 -9999 -9999 -9999 -9999 -9999 -9999 -9999 -9999 -9999 -9999 -9999 -9999 -9999 -9999 5.11707E-3 4.682E-3 3.34651E-3 3.61487E-3 2.63042E-3 2.09047E-3 1.48024E-4 1.5493E-4 3.5123E-4 8.64668E-4 1.20259E-2 9.40504E-3 1.51657E-2 3.48993E-2 1.0837E-1 1.04641E-1 7.40001E-2 3.04006E-2 8.93765E-3 8.86659E-3 2.5734E-2 1.91638E-2 1.38724E-2 9.40658E-3 1.10178E-2 1.93328E-2 2.25347E-2 2.34306E-2 5.70066E-2 5.05506E-2 7.42617E-3 1.27181E-2
-9999 -9999 -9999 -9999 -9999 -9999 -9999 -9999 -9999 -9999 -9999 -9999 -9999 -9999 -9999 -9999 -9999 -9999 -9999 -9999 -9999 -9999 -9999 -9999 -9999 -9999 -9999 -9999 -9999 -9999 -9999 -9999 -9999 -9999 -9999 6.3525E-3 6.75255E-3 6.06448E-3 4.47771E-3 3.65561E-3 1.81313E-3 1.39993E-4 3.15954E-3 8.74624E-4 4.01144E-3 6.44738E-3 1.72702E-3 1.48817E-3 1.01828E-1 1.29861E-1 1.48646E-1 1.29178E-1 4.1638E-2 4.36433E-2 3.94682E-2 2.92982E-2 1.86954E-2 1.0982E-2 1.37443E-2 2.60051E-2 2.45699E-2 2.17242E-2 2.24767E-2 6.17892E-2 7.76526E-3 5.80992E-3
-9999 -9999 -9999 -9999 -9999 -9999 -9999 -9999 -9999 -9999 -9999 -9999 -9999 -9999 -9999 -9999 -9999 -9999 -9999 -9999 -9999 -9999 -9999 -9999 -9999 -9999 -9999 -9999 -9999 -9999 -9999 -9999 -9999 -9999 -9999 -9999 -9999 5.11819E-3 5.09553E-3 5.44425E-3 3.46245E-3 2.31006E-3 2.71567E-3 3.85257E-4 7.43652E-4 1.2231E-3 5.57663E-4 2.96909E-4 2.9128E-3 1.98364E-2 4.59588E-2 6.13918E-2 1.75311E-1 5.95852E-2 5.67916E-2 3.78277E-2 2.53642E-2 1.82637E-2 8.57052E-3 1.16728E-2 1.71364E-2 2.30774E-2 2.91096E-2 2.6688E-2 1.84111E-2 2.73403E-2
-9999 -9999 -9999 -9999 -9999 -9999 -9999 -9999 -9999 -9999 -9999 -9999 -9999 -9999 -9999 -9999 -9999 -9999 -9999 -9999 -9999 -9999 -9999 -9999 -9999 -9999 -9999 -9999 -9999 -9999 -9999 -9999 -9999 -9999 -9999 -9999 -9999 -9999 -9999 2.16445E-3 3.62634E-3 3.33804E-3 2.28597E-3 2.03435E-3 2.04069E-4 1.96661E-4 1.42309E-4 9.24751E-5 1.0481E-4 2.43672E-4 1.35283E-3 6.32189E-3 3.8573E-2 1.277E-1 9.56233E-2 4.39747E-2 3.36272E-2 1.7518E-2 6.90112E-3 5.89535E-3 7.19601E-3 1.08758E-2 1.7191E-2 2.90892E-2 2.35382E-2 1.07121E-2
-9999 -9999 -9999 -9999 -9999 -9999 -9999 -9999 -9999 -9999 -9999 -9999 -9999 -9999 -9999 -9999 -9999 -9999 -9999 -9999 -9999 -9999 -9999 -9999 -9999 -9999 -9999 -9999 -9999 -9999 -9999 -9999 -9999 -9999 -9999 -9999 -9999 -9999 -9999 -9999 -9999 3.15505E-3 1.49266E-3 1.18908E-3 8.03615E-5 7.97417E-5 7.52758E-5 5.73404E-5 6.40205E-5 6.68386E-5 1.55214E-4 8.18897E-4 3.03457E-4 4.28068E-4 4.38404E-2 1.24064E-1 1.11173E-1 1.72634E-2 3.95671E-3 3.47695E-3 4.09076E-3 5.40346E-3 9.01054E-3 1.56382E-2 1.3512E-2 1.61352E-2
