final project/Practice/maxentOut/species_maxentOut_min.asc
ncols         186
nrows         192
xllcorner     -125.0
yllcorner     -56.0
cellsize      0.5
NODATA_value  -9999
[rows 0 to 28 of 192, columns 0 to 65 of 186]
-9999 8.99451E-4 5.53964E-5 6.39591E-7 2.71428E-7 1.11024E-8 5.556E-8 4.03408E-7 2.77995E-7 1.19741E-7 1.14361E-8 2.14825E-9 1.47804E-8 2.06843E-8 1.43026E-8 2.69287E-8 5.84016E-8 5.35846E-8 4.48223E-8 3.54289E-8 4.66629E-8 2.00176E-8 1.08324E-8 4.63419E-9 4.82505E-9 1.69108E-8 6.3075E-10 1.36516E-9 1.44739E-8 2.11758E-8 2.2163E-8 3.92039E-8 7.42414E-8 2.86335E-8 3.42579E-9 1.97735E-8 2.35349E-8 8.29677E-8 7.1403E-8 8.8969E-8 3.45535E-8 9.57079E-9 6.41256E-9 9.64483E-9 9.92942E-9 1.17622E-8 1.4094E-8 1.12763E-8 1.31921E-8 1.4744E-8 1.41121E-8 1.05601E-8 1.43837E-8 2.13705E-8 4.57055E-8 5.70173E-8 5.36823E-8 1.07313E-7 1.57886E-7 2.51725E-7 2.65107E-7 2.12264E-7 2.62851E-7 4.29995E-7 4.95695E-7 4.36092E-7
-9999 -9999 3.0586E-4 2.11885E-6 8.71505E-8 9.75066E-9 1.16284E-8 1.16023E-7 2.01984E-6 1.61526E-7 5.20607E-8 3.58992E-9 2.59783E-8 3.19554E-8 4.00814E-8 4.79284E-8 6.75367E-8 9.79419E-8 4.33874E-8 3.2154E-8 3.72043E-8 8.31841E-10 3.48154E-9 3.21096E-9 2.06382E-9 1.17951E-8 2.45441E-8 2.57037E-8 9.70809E-8 2.6912E-8 4.70658E-7 7.15048E-8 5.34914E-8 1.2804E-7 2.07605E-7 2.66374E-8 5.34192E-8 1.49466E-7 6.7774E-8 7.80644E-8 6.65651E-8 2.96117E-8 1.12078E-8 8.48771E-9 8.02541E-9 1.22479E-8 1.31521E-8 1.15391E-8 1.46684E-8 1.49835E-8 1.87123E-8 1.34655E-8 1.4549E-8 1.63093E-8 4.4464E-8 7.06358E-8 1.03196E-7 1.69909E-7 2.84684E-7 4.72854E-7 7.34216E-7 5.35359E-7 5.16024E-7 5.01279E-7 5.38337E-7 6.43936E-7
-9999 -9999 1.05843E-3 4.77451E-5 4.6805E-7 2.92786E-8 1.06312E-8 3.39576E-8 2.01991E-7 1.19019E-6 4.29111E-8 1.18274E-8 1.50054E-8 5.5557E-8 6.96684E-8 3.73028E-9 8.83749E-8 3.89937E-9 2.30747E-8 1.05774E-9 3.22462E-8 5.57485E-8 1.46461E-8 5.12808E-9 7.49799E-9 3.52247E-9 4.20678E-8 3.22527E-7 1.29695E-7 6.06869E-9 2.36769E-8 1.55572E-7 5.55128E-8 2.06474E-7 1.75155E-7 1.13353E-8 7.64995E-9 5.43396E-8 1.92972E-8 7.74344E-8 1.05446E-7 2.59038E-8 5.03552E-9 3.10048E-9 3.81344E-9 7.74361E-9 6.55389E-9 7.46395E-9 8.41762E-9 1.0651E-8 1.50225E-8 1.74862E-8 3.07376E-8 3.07213E-8 5.62429E-8 1.01262E-7 1.61883E-7 2.33324E-7 3.79514E-7 6.15724E-7 7.1019E-7 5.26623E-7 6.06614E-7 3.97772E-7 2.22609E-7 3.19169E-7
-9999 -9999 -9999 3.6212E-4 3.02982E-5 1.78013E-6 6.96035E-8 3.54569E-8 2.45875E-8 4.30786E-7 8.70955E-7 1.06076E-6 4.65862E-8 2.01641E-8 1.60187E-7 2.67212E-7 4.84016E-7 1.17331E-8 1.09087E-8 6.89247E-9 2.27849E-8 6.84546E-8 3.41457E-7 8.10422E-8 1.09142E-7 7.14499E-7 1.74216E-6 7.22315E-7 4.8761E-8 4.43647E-8 5.23145E-8 4.26978E-7 1.49752E-7 7.73986E-8 5.93904E-7 9.54404E-9 8.00412E-9 2.91296E-8 5.31435E-8 6.54307E-8 2.90867E-8 6.9597E-9 2.42164E-9 2.25876E-9 2.40151E-9 3.64168E-9 3.94071E-9 8.19273E-9 1.11724E-8 1.40284E-8 1.65863E-8 2.37876E-8 4.0729E-8 4.88682E-8 8.07856E-8 1.10527E-7 1.40939E-7 2.17166E-7 3.07632E-7 3.97165E-7 1.64866E-7 2.19953E-7 2.47744E-7 2.22157E-7 2.42484E-7 2.26408E-7
-9999 -9999 -9999 1.05832E-3 6.75686E-4 7.88453E-5 1.53995E-7 1.29328E-8 6.92194E-9 1.84048E-8 3.34421E-7 6.96305E-7 2.27959E-8 4.18776E-8 2.93969E-8 1.76469E-7 2.21289E-8 1.82085E-8 1.18077E-8 7.8228E-9 7.53079E-9 1.69008E-8 1.0188E-7 9.79149E-8 2.83329E-8 3.91935E-8 1.53658E-6 5.2146E-7 1.12509E-7 8.97245E-8 1.32475E-6 2.47972E-7 4.35253E-7 2.30329E-7 2.21266E-7 1.34311E-7 1.36622E-7 2.17565E-7 1.71486E-7 1.02961E-7 7.85126E-8 1.92414E-8 5.11836E-9 5.1848E-9 6.09522E-9 5.00685E-9 4.32676E-9 8.4026E-9 1.42374E-8 2.08071E-8 3.35116E-8 3.8055E-8 4.87826E-8 5.35373E-8 8.65898E-8 1.84673E-7 2.66431E-7 2.47453E-7 3.87965E-7 3.30078E-7 2.223E-7 2.50462E-7 2.12297E-7 2.78381E-7 3.5555E-7 2.71967E-7
-9999 -9999 -9999 -9999 -9999 1.04076E-4 9.37847E-7 1.64661E-8 4.45925E-9 3.00396E-9 1.37471E-8 5.10631E-7 6.76438E-7 8.0172E-8 5.0884E-9 4.60491E-9 7.85507E-9 2.46687E-8 1.55615E-8 7.61287E-9 6.26339E-9 5.18629E-9 9.80761E-9 1.93229E-8 2.26448E-8 1.59937E-7 5.20592E-7 4.00585E-7 1.32235E-7 1.3113E-7 7.13145E-8 3.13127E-8 1.13228E-7 1.30319E-6 4.83997E-7 2.58471E-8 1.73968E-7 7.96976E-7 4.94492E-8 1.01667E-7 1.3084E-7 6.28235E-8 3.96016E-8 3.15076E-8 2.01821E-8 1.10097E-8 9.36379E-9 1.45475E-8 2.12412E-8 1.83683E-8 2.53341E-8 4.41228E-8 3.9332E-8 7.17835E-8 9.52332E-8 1.72783E-7 3.01282E-7 1.73488E-7 1.93872E-7 2.21508E-7 4.74452E-7 4.93815E-7 4.70423E-7 4.548E-7 4.12979E-7 2.95004E-7
-9999 -9999 -9999 -9999 -9999 1.95128E-4 3.33527E-5 7.41207E-8 3.46839E-9 2.46452E-9 2.7872E-9 1.77915E-8 6.22951E-7 1.14648E-6 8.58931E-9 1.77555E-9 1.70079E-9 5.27876E-9 9.15218E-9 1.97805E-8 2.51014E-9 2.93768E-9 1.29728E-8 3.20979E-8 4.22361E-8 1.07458E-7 7.22639E-7 6.27062E-7 1.50319E-6 9.81474E-7 1.28066E-7 3.21936E-7 5.93682E-8 9.98407E-8 2.02315E-7 1.4311E-8 2.22305E-8 1.57858E-7 3.67259E-7 1.97587E-7 8.15347E-8 1.72257E-7 1.53066E-7 8.0211E-8 3.89404E-8 2.52614E-8 2.31801E-8 2.24599E-8 2.24675E-8 2.33277E-8 3.01546E-8 3.81902E-8 4.51021E-8 6.78891E-8 1.16389E-7 2.0712E-7 3.00696E-7 1.61401E-7 1.8913E-7 3.00114E-7 5.52389E-7 6.49199E-7 5.98876E-7 3.90104E-7 2.54442E-7 9.49942E-8
-9999 -9999 -9999 -9999 -9999 -9999 6.30558E-5 4.69725E-7 9.21594E-9 1.50263E-9 1.73032E-9 3.3622E-9 8.74599E-8 2.9854E-7 3.23397E-8 7.63692E-9 2.11449E-9 1.97372E-9 4.36189E-8 5.57918E-9 5.3918E-9 5.55863E-9 6.3869E-8 1.09046E-6 1.40126E-6 1.35918E-6 1.02664E-6 5.2962E-7 8.27123E-7 1.51792E-6 5.67054E-7 1.71411E-6 5.63816E-7 2.66512E-7 4.66581E-7 4.30165E-7 9.03686E-8 1.55937E-6 1.7179E-6 4.20596E-7 5.97825E-8 7.22721E-8 8.13532E-8 8.51816E-8 7.50667E-8 5.66751E-8 3.38507E-8 2.70119E-8 2.87818E-8 2.81527E-8 4.68808E-8 5.11109E-8 5.64325E-8 9.48592E-8 2.03744E-7 3.40054E-7 1.54529E-7 1.82111E-7 3.13491E-7 4.60513E-7 7.90873E-7 8.98779E-7 1.05806E-6 7.57477E-7 1.43765E-7 1.06541E-7
-9999 -9999 -9999 -9999 -9999 -9999 -9999 4.55027E-6 5.7619E-8 3.00691E-9 1.35947E-9 1.65008E-9 1.378E-8 4.1975E-8 6.43833E-9 2.78314E-9 2.60622E-9 2.5061E-9 7.9546E-9 1.72493E-8 1.10601E-8 7.34674E-8 2.30906E-6 2.49208E-6 3.29407E-6 1.79437E-7 1.45691E-7 2.53119E-7 3.95008E-7 6.05761E-7 8.95818E-7 8.49767E-8 7.85689E-7 6.03701E-7 3.92457E-7 3.86974E-7 1.60872E-7 1.45847E-7 9.84035E-7 2.06657E-7 1.17174E-7 7.34864E-8 7.01977E-8 6.57077E-8 6.76406E-8 8.79255E-8 6.62268E-8 6.07294E-8 6.69698E-8 6.03349E-8 2.93385E-8 2.95824E-8 5.32584E-8 8.51855E-8 1.43781E-7 2.3608E-7 2.25346E-7 3.03439E-7 4.40293E-7 5.78822E-7 6.79035E-7 6.15482E-7 6.23476E-7 4.83805E-7 3.62292E-7 2.7551E-7
-9999 -9999 -9999 -9999 -9999 -9999 -9999 3.32125E-5 2.53772E-5 2.42121E-7 2.22133E-8 3.36094E-9 8.2349E-9 2.56799E-7 6.83226E-9 5.84759E-9 4.33662E-9 1.15059E-8 6.95745E-8 7.67905E-8 1.48935E-8 1.15597E-7 2.47291E-6 3.08905E-6 1.96309E-6 4.96137E-7 8.95814E-7 1.53935E-6 3.28654E-7 4.09702E-7 5.65855E-7 9.19269E-7 4.54094E-8 8.42464E-8 5.81814E-8 5.68257E-8 8.44281E-7 1.05021E-7 1.82144E-6 1.16334E-6 7.15202E-8 7.57928E-8 8.18404E-8 7.60525E-8 1.05667E-7 1.44266E-7 1.80932E-7 1.1407E-7 9.65664E-8 5.84425E-8 2.73934E-8 8.28157E-8 9.54104E-8 1.19227E-7 2.27626E-7 3.60713E-7 3.573E-7 5.47284E-7 6.89338E-7 6.96352E-7 2.04689E-7 3.56515E-7 2.11296E-7 1.99278E-7 2.57344E-7 4.61407E-7
-9999 -9999 -9999 -9999 -9999 -9999 -9999 -9999 1.88709E-4 1.7218E-5 1.57065E-6 7.14676E-7 1.02897E-7 8.83015E-8 1.36062E-8 1.23968E-8 1.06757E-8 3.00696E-8 3.88034E-7 1.65608E-6 7.94297E-8 1.48387E-8 5.87405E-7 3.45844E-6 1.61855E-7 1.82198E-7 2.3021E-7 6.4075E-7 1.85142E-6 5.64759E-7 5.77283E-7 8.69631E-7 8.52945E-7 4.97789E-8 1.35327E-6 6.36608E-7 4.03726E-7 1.23144E-7 1.29755E-6 1.51727E-6 1.6507E-6 1.11217E-7 1.52821E-7 1.85176E-7 1.51273E-7 1.6413E-7 1.92518E-7 7.62476E-8 5.69272E-8 4.69979E-8 2.81935E-8 1.01242E-7 9.70798E-8 1.68867E-7 2.21675E-7 2.77968E-7 4.92298E-7 5.91811E-7 1.00495E-6 8.34124E-7 3.52212E-7 8.43395E-7 4.28966E-7 4.50732E-7 6.2189E-7 8.83115E-7
-9999 -9999 -9999 -9999 -9999 -9999 -9999 -9999 -9999 1.80731E-4 4.97876E-5 1.6108E-5 2.16814E-6 5.59795E-7 1.42603E-7 2.00539E-8 1.88992E-8 2.12245E-8 5.82078E-7 1.53654E-6 3.31347E-7 1.95828E-8 1.59733E-7 6.22595E-7 2.94019E-6 3.27981E-7 1.53349E-7 4.56111E-7 5.55581E-7 1.90573E-7 3.54837E-7 1.53824E-7 1.48309E-6 7.63231E-8 7.24459E-8 6.71335E-8 6.02267E-7 2.25664E-6 3.18947E-6 1.9297E-6 1.29172E-6 5.98809E-8 1.31145E-7 1.72909E-7 1.30189E-7 1.74091E-7 2.04028E-7 1.43107E-7 8.54318E-8 7.64751E-8 8.21996E-8 3.85065E-8 5.6452E-8 1.1854E-7 2.09615E-7 3.8591E-7 6.2137E-7 7.05223E-7 1.06462E-6 8.21502E-7 5.83734E-7 8.06908E-7 8.33558E-7 7.99288E-7 8.66841E-7 1.28221E-6
-9999 -9999 -9999 -9999 -9999 -9999 -9999 -9999 -9999 3.86112E-4 1.86701E-4 -9999 -9999 1.77911E-5 2.60782E-6 8.57264E-8 2.05897E-8 1.8263E-8 1.14713E-7 1.64986E-6 1.08604E-6 5.01349E-7 9.14161E-7 8.5115E-7 8.8898E-7 6.28249E-8 3.06516E-8 3.7925E-8 3.76582E-7 3.18981E-7 9.25741E-7 7.48367E-7 1.1566E-7 2.22269E-6 1.21301E-7 2.33965E-6 6.10399E-7 2.28543E-6 2.77677E-7 4.18002E-6 9.93198E-7 7.56855E-7 1.09549E-7 1.7577E-7 1.77568E-7 2.60475E-7 2.49104E-7 2.12983E-7 1.43326E-7 7.81019E-8 8.20615E-8 5.50206E-8 8.48448E-8 1.45375E-7 2.63264E-7 5.03548E-7 9.33586E-7 1.13554E-6 1.02495E-6 5.42609E-7 5.43857E-7 8.04795E-7 1.09543E-6 1.00611E-6 9.32803E-7 1.26003E-6
-9999 -9999 -9999 -9999 -9999 -9999 -9999 -9999 -9999 -9999 2.35021E-4 2.21262E-4 2.06261E-4 1.51287E-4 1.93033E-5 3.88314E-6 1.17979E-7 3.18157E-8 2.51459E-8 4.7525E-7 8.97943E-7 1.80828E-6 2.26813E-6 1.36181E-6 9.00962E-7 9.41323E-7 1.11058E-6 1.50873E-6 3.75363E-7 3.32518E-6 5.50309E-6 1.61213E-7 2.66696E-7 2.29388E-7 2.95086E-7 1.87243E-6 2.63796E-6 1.09241E-6 3.03925E-6 1.28228E-5 1.78839E-6 8.78193E-7 9.32E-8 1.11711E-7 1.55856E-7 1.95294E-7 2.57465E-7 2.30506E-7 1.27239E-7 7.4319E-8 1.02487E-7 1.26611E-7 1.52511E-7 2.34542E-7 2.9103E-7 6.0247E-7 9.11421E-7 1.01426E-6 5.6506E-7 3.91708E-7 6.5356E-7 1.10181E-6 1.22728E-6 1.37705E-6 1.3067E-6 1.24005E-6
-9999 -9999 -9999 -9999 -9999 -9999 -9999 -9999 -9999 -9999 -9999 -9999 2.70027E-4 2.87385E-4 -9999 2.24879E-5 3.41903E-7 8.83008E-9 2.4191E-8 1.4635E-7 5.2484E-7 1.53774E-6 2.47949E-6 2.27561E-6 1.91719E-6 1.49135E-6 8.85358E-7 2.55688E-6 7.22409E-6 9.11629E-6 2.03596E-6 4.31017E-8 1.94504E-6 5.92129E-6 2.51392E-7 1.36078E-6 1.41905E-6 7.56504E-7 2.17748E-6 9.53434E-7 3.47179E-6 1.32862E-6 1.091E-7 1.8776E-7 1.86909E-7 1.59881E-7 2.54224E-7 3.44771E-7 2.33994E-7 2.17922E-7 2.80089E-7 2.97196E-7 2.16887E-7 3.064E-7 4.95667E-7 7.54568E-7 8.96121E-7 7.99775E-7 1.04146E-6 4.78004E-7 1.09201E-6 2.71323E-6 2.82156E-6 7.01374E-7 1.88984E-6 2.22771E-6
-9999 -9999 -9999 -9999 -9999 -9999 -9999 -9999 -9999 -9999 -9999 -9999 -9999 -9999 -9999 3.54095E-5 1.38283E-6 1.05178E-7 1.51993E-7 9.08733E-8 1.15615E-7 1.58268E-6 2.94271E-6 3.93887E-6 3.67302E-6 2.06125E-6 1.61793E-6 2.34344E-6 1.37234E-5 7.35872E-6 3.37174E-6 1.86078E-6 1.14909E-6 1.3538E-6 9.73786E-7 9.81993E-7 1.71347E-6 1.43761E-6 3.39146E-6 2.78446E-6 5.98142E-7 2.83337E-6 2.52561E-6 1.41838E-7 2.17665E-7 2.38216E-7 3.14386E-7 2.93725E-7 2.42056E-7 4.27454E-7 4.823E-7 4.75438E-7 4.16977E-7 6.34093E-7 3.81466E-7 6.18092E-7 8.65057E-7 9.6325E-7 1.59819E-6 1.21586E-6 3.35979E-6 4.09663E-6 4.35174E-6 2.04416E-7 6.31602E-7 1.81841E-6
-9999 -9999 -9999 -9999 -9999 -9999 -9999 -9999 -9999 -9999 -9999 -9999 -9999 -9999 -9999 -9999 1.40538E-5 5.46804E-7 8.13837E-8 5.90443E-7 1.26481E-6 2.15097E-6 4.03548E-6 3.81352E-6 2.67492E-6 1.9991E-6 5.96831E-6 9.2277E-6 9.42885E-7 1.03954E-5 6.34216E-6 4.00388E-7 2.03455E-6 9.12806E-7 5.40992E-7 6.35422E-7 1.1544E-6 1.33486E-6 1.94506E-6 1.10494E-6 2.32992E-7 3.18268E-6 1.36435E-6 6.76043E-8 1.25597E-7 2.28586E-7 1.96297E-7 1.71241E-7 2.25188E-7 2.98433E-7 3.43328E-7 4.3215E-7 5.67436E-7 6.37254E-7 5.77713E-7 7.05941E-7 1.00416E-6 1.32609E-6 1.8184E-6 2.98548E-6 3.63843E-6 3.74831E-6 7.75945E-7 2.44017E-7 4.58579E-7 5.75053E-7
-9999 -9999 -9999 -9999 -9999 -9999 -9999 -9999 -9999 -9999 -9999 -9999 -9999 -9999 -9999 -9999 1.73928E-4 2.40803E-5 4.05723E-7 3.70299E-6 3.14334E-6 4.29107E-6 1.14556E-5 5.96065E-6 3.46366E-6 3.12174E-6 5.81241E-6 1.50983E-5 1.0768E-6 1.65771E-5 4.67277E-6 1.57858E-6 1.61274E-7 5.62832E-7 4.55962E-7 4.18897E-7 4.50291E-7 8.27633E-7 1.08403E-6 2.44255E-6 3.60576E-6 4.15267E-6 1.59161E-6 1.22136E-6 7.57356E-7 2.48063E-6 1.85507E-7 1.97177E-7 3.4985E-7 4.48876E-7 3.2589E-7 3.7914E-7 5.3888E-7 8.35347E-7 1.10602E-6 9.71111E-7 1.37314E-6 1.66662E-6 1.9357E-6 2.89275E-6 4.79975E-6 1.36468E-6 3.88823E-7 6.5876E-7 1.01234E-6 1.19791E-6
-9999 -9999 -9999 -9999 -9999 -9999 -9999 -9999 -9999 -9999 -9999 -9999 -9999 -9999 -9999 -9999 -9999 1.32721E-5 9.06004E-6 6.34836E-7 5.54063E-6 -9999 -9999 3.93484E-6 3.4235E-6 2.10852E-6 2.04406E-6 5.7678E-6 9.26504E-7 6.56772E-7 2.83347E-7 1.97764E-6 3.0538E-6 1.16496E-6 1.31652E-6 5.63133E-7 4.00836E-7 1.19004E-6 4.10095E-6 3.89859E-6 2.84756E-6 1.41869E-5 1.07402E-5 5.22933E-6 4.72046E-6 5.16465E-6 4.70899E-6 6.73305E-6 3.92252E-7 4.91502E-7 4.09465E-7 5.65299E-7 6.81341E-7 1.07846E-6 1.69227E-6 1.39723E-6 2.64943E-6 3.09352E-6 3.49435E-6 4.11107E-6 8.08031E-6 1.54229E-5 5.36259E-6 1.45878E-6 1.93871E-6 2.03551E-6
-9999 -9999 -9999 -9999 -9999 -9999 -9999 -9999 -9999 -9999 -9999 -9999 -9999 -9999 -9999 -9999 -9999 9.46439E-6 3.36562E-6 1.94418E-6 1.35125E-6 -9999 -9999 -9999 5.27904E-6 5.79084E-6 1.02779E-5 1.22194E-5 2.4278E-5 1.00832E-6 1.35326E-5 4.70327E-6 3.68967E-7 3.41583E-7 2.90525E-6 1.4841E-6 1.25813E-6 2.27585E-6 4.64274E-6 5.44059E-6 6.07916E-6 7.86445E-6 1.69449E-5 1.8199E-5 1.7089E-5 6.16095E-6 5.93482E-6 8.03084E-6 4.88299E-7 9.03546E-7 1.13089E-6 1.93064E-6 2.08039E-6 1.90539E-6 2.17508E-6 2.15081E-6 2.95869E-6 2.36688E-6 4.73548E-6 1.7917E-5 3.78464E-5 4.65874E-5 6.36109E-5 8.38955E-5 9.4191E-5 1.02351E-4
-9999 -9999 -9999 -9999 -9999 -9999 -9999 -9999 -9999 -9999 -9999 -9999 -9999 -9999 -9999 -9999 -9999 -9999 2.57833E-6 1.21187E-6 1.12288E-6 6.69098E-7 4.67132E-7 4.25686E-7 5.68363E-6 8.61038E-6 2.19924E-5 2.68898E-5 2.37875E-5 1.16219E-6 3.1475E-7 3.32096E-7 8.5736E-7 1.44294E-6 4.28151E-7 2.30242E-7 5.93992E-6 6.18537E-6 5.41636E-6 6.56331E-6 2.11357E-6 2.82092E-6 6.8645E-6 8.14477E-6 8.18579E-6 7.31382E-6 7.53767E-6 9.48313E-6 1.7344E-5 1.65648E-6 2.2615E-6 2.68937E-6 3.12342E-6 2.93984E-6 2.16076E-6 2.98987E-6 3.99143E-6 3.43083E-6 1.36678E-5 8.93167E-5 1.19131E-4 1.61689E-4 2.09759E-4 2.38868E-4 2.41387E-4 2.38412E-4
-9999 -9999 -9999 -9999 -9999 -9999 -9999 -9999 -9999 -9999 -9999 -9999 -9999 3.05635E-3 -9999 -9999 -9999 -9999 -9999 1.17565E-6 1.136E-6 1.71904E-6 9.09274E-7 6.9843E-7 8.34564E-6 1.05193E-5 1.12543E-5 1.65561E-5 1.63078E-5 1.51845E-5 6.84499E-7 4.25008E-7 8.96983E-7 4.05735E-6 7.90377E-7 4.20613E-7 9.23641E-7 1.0287E-5 5.65215E-6 7.07437E-6 4.61042E-6 4.68919E-6 3.83586E-6 3.75831E-7 1.56324E-6 3.64853E-6 3.62363E-5 1.46173E-5 1.64519E-5 1.06114E-6 1.43008E-6 3.76651E-5 5.20939E-5 2.34974E-6 2.62688E-6 3.99575E-6 9.36661E-6 1.42814E-5 6.20912E-5 1.85859E-4 3.03545E-4 -9999 -9999 -9999 -9999 -9999
-9999 -9999 -9999 -9999 -9999 -9999 -9999 -9999 -9999 -9999 -9999 -9999 -9999 2.55632E-3 -9999 -9999 -9999 -9999 -9999 -9999 1.23653E-6 1.29964E-6 2.347E-6 8.09558E-7 6.28115E-6 1.29007E-5 1.42707E-5 2.38173E-5 3.56325E-5 2.30309E-6 1.40876E-6 2.63644E-6 4.09341E-6 4.95814E-6 8.15747E-7 5.289E-7 9.78108E-7 2.29098E-5 7.51316E-6 6.69479E-6 5.83765E-6 1.56994E-5 1.95968E-5 8.58789E-6 4.86636E-5 7.13317E-6 4.00814E-6 2.62798E-5 1.25576E-5 1.74145E-5 2.02573E-5 2.30332E-5 2.90633E-5 1.89818E-6 4.70575E-6 1.1422E-5 4.17133E-5 8.37125E-5 1.33224E-4 2.28773E-4 -9999 -9999 -9999 -9999 -9999 -9999
-9999 -9999 -9999 -9999 -9999 -9999 -9999 -9999 -9999 -9999 -9999 -9999 -9999 -9999 -9999 -9999 -9999 -9999 3.79892E-7 2.92957E-7 -9999 3.21808E-6 1.90335E-6 1.94553E-6 3.55931E-6 1.1151E-5 2.2774E-5 6.82269E-5 1.10049E-4 5.29706E-5 1.70585E-6 5.31166E-6 1.03196E-5 1.22633E-5 5.06304E-6 1.33945E-6 1.08201E-6 2.38524E-5 1.21034E-5 6.51739E-6 1.14763E-5 1.43253E-5 2.04779E-5 3.23873E-5 6.27694E-5 8.44704E-6 7.08722E-5 1.31997E-5 8.3843E-6 1.15169E-5 1.73506E-5 1.61692E-5 2.11584E-5 5.46204E-5 8.08296E-6 3.6312E-5 1.13429E-4 1.53701E-4 -9999 -9999 -9999 -9999 -9999 -9999 -9999 -9999
-9999 -9999 -9999 -9999 -9999 -9999 -9999 -9999 -9999 -9999 -9999 -9999 -9999 -9999 -9999 -9999 -9999 -9999 -9999 6.06076E-6 5.93443E-6 3.19379E-6 7.85394E-6 4.88984E-6 1.67194E-5 1.05357E-5 -9999 7.77998E-5 8.81338E-5 5.61724E-5 2.16857E-6 2.94352E-6 5.84926E-6 1.02799E-5 1.24146E-5 4.98696E-6 1.75308E-6 2.13391E-5 1.84317E-5 9.09755E-6 1.10076E-5 1.61047E-5 4.15052E-5 4.65221E-5 1.06315E-4 1.47229E-4 9.55031E-5 6.0635E-6 5.17693E-6 9.63855E-6 1.36115E-5 1.74518E-5 3.51092E-5 7.98039E-5 1.41613E-5 7.44325E-5 1.43853E-4 -9999 -9999 -9999 -9999 -9999 -9999 -9999 -9999 -9999
-9999 -9999 -9999 -9999 -9999 -9999 -9999 -9999 -9999 -9999 -9999 -9999 -9999 -9999 -9999 -9999 -9999 -9999 -9999 -9999 6.82195E-6 4.65974E-6 6.80548E-6 8.83366E-6 1.9605E-5 1.73813E-5 1.28298E-5 -9999 4.80095E-5 2.28993E-6 1.69715E-6 2.22315E-6 3.37397E-6 9.53334E-6 1.40187E-5 1.07446E-5 4.2613E-6 3.27067E-5 3.25708E-5 1.25389E-5 8.34713E-6 2.32873E-5 3.87038E-6 7.53548E-5 1.14044E-4 8.38042E-5 3.07986E-5 8.344E-6 8.89823E-6 9.99819E-6 1.25045E-5 2.04059E-5 4.49038E-5 8.67191E-5 1.99912E-5 6.91043E-5 -9999 -9999 -9999 -9999 -9999 -9999 -9999 -9999 -9999 -9999
-9999 -9999 -9999 -9999 -9999 -9999 -9999 -9999 -9999 -9999 -9999 -9999 -9999 -9999 -9999 -9999 -9999 -9999 -9999 -9999 -9999 3.70058E-6 3.62945E-6 4.27835E-6 2.67776E-5 6.47992E-5 3.17506E-5 3.64165E-5 -9999 -9999 2.73145E-6 2.14441E-6 2.35554E-6 4.61286E-6 8.2702E-6 3.34907E-5 1.57709E-5 3.78056E-6 2.10555E-6 1.84729E-5 9.01826E-6 1.0351E-5 3.05373E-5 4.62458E-5 5.35481E-5 3.65359E-5 1.99601E-6 2.25242E-6 4.57751E-5 3.42073E-5 1.81887E-5 2.57054E-5 5.14051E-5 1.04667E-4 2.24742E-5 1.03154E-4 -9999 -9999 -9999 -9999 -9999 -9999 -9999 -9999 -9999 -9999
-9999 -9999 -9999 -9999 -9999 -9999 -9999 -9999 -9999 -9999 -9999 -9999 -9999 -9999 -9999 -9999 -9999 -9999 -9999 -9999 -9999 -9999 -9999 -9999 5.52605E-6 3.25926E-5 7.25653E-5 5.15437E-5 -9999 -9999 -9999 2.43689E-6 2.49115E-6 8.91714E-6 3.29641E-5 7.26481E-5 5.79601E-5 1.51257E-5 2.62657E-6 1.47899E-6 1.26673E-5 8.94129E-6 1.30574E-5 1.74475E-5 2.50464E-5 6.43393E-5 9.86898E-5 7.5544E-5 1.10563E-4 1.65494E-4 1.04035E-4 2.95634E-5 5.20844E-5 1.34309E-4 5.70338E-4 1.22365E-4 -9999 -9999 -9999 -9999 -9999 -9999 -9999 -9999 -9999 -9999
-9999 -9999 -9999 -9999 -9999 -9999 -9999 -9999 -9999 -9999 -9999 -9999 -9999 -9999 -9999 -9999 -9999 -9999 -9999 -9999 -9999 -9999 -9999 -9999 -9999 4.06208E-6 5.6544E-5 7.04738E-5 4.7478E-5 -9999 -9999 3.56349E-6 4.02092E-6 4.63822E-6 2.68081E-5 9.36E-5 1.87363E-4 6.29343E-5 8.55655E-6 1.32184E-6 2.12286E-5 1.5504E-5 1.20649E-5 7.70211E-6 1.7154E-5 3.60198E-5 7.2328E-5 1.10846E-4 2.33879E-4 2.32202E-4 5.9796E-5 3.17603E-5 1.05433E-4 1.917E-4 6.1943E-4 9.82953E-5 -9999 -9999 -9999 -9999 -9999 -9999 -9999 -9999 -9999 -9999
