final project/Practice/maxentOut/species_4_maxentOut.asc
ncols         186
nrows         192
xllcorner     -125.0
yllcorner     -56.0
cellsize      0.5
NODATA_value  -9999
[rows 87 to 115 of 192, columns 66 to 131 of 186]
-9999 -9999 -9999 -9999 -9999 -9999 -9999 -9999 -9999 -9999 -9999 -9999 -9999 -9999 -9999 -9999 -9999 -9999 -9999 -9999 -9999 -9999 2.14893E-3 7.57083E-3 3.26117E-2 1.60334E-1 8.88879E-2 5.68335E-2 9.52063E-2 1.30984E-1 1.34458E-1 1.34529E-1 1.35631E-1 1.25607E-1 1.10517E-1 1.08846E-1 1.3097E-1 1.41543E-1 1.57229E-1 1.70859E-1 1.76196E-1 1.75745E-1 1.79764E-1 1.78969E-1 1.9733E-1 2.13437E-1 2.16613E-1 2.01865E-1 2.04937E-1 2.15601E-1 2.27656E-1 2.46012E-1 2.57021E-1 3.0713E-1 3.46683E-1 3.08644E-1 2.7853E-1 2.8114E-1 3.03003E-1 3.44739E-1 3.92324E-1 4.22177E-1 4.84827E-1 5.05329E-1 4.82442E-1 4.26077E-1
-9999 -9999 -9999 -9999 -9999 -9999 -9999 -9999 -9999 -9999 -9999 -9999 -9999 -9999 -9999 -9999 -9999 -9999 -9999 -9999 -9999 9.08157E-4 2.08269E-3 4.36501E-3 2.09121E-2 1.14718E-1 8.38695E-2 5.17641E-2 1.01636E-1 1.50328E-1 1.54524E-1 1.57697E-1 1.50421E-1 1.4668E-1 1.47733E-1 1.40565E-1 1.52117E-1 1.75001E-1 1.70456E-1 1.74302E-1 1.72188E-1 1.53447E-1 1.53649E-1 1.77201E-1 1.99293E-1 2.08258E-1 2.03857E-1 2.03595E-1 2.07886E-1 2.26287E-1 2.40587E-1 2.64876E-1 2.74129E-1 2.92463E-1 2.95697E-1 2.97244E-1 2.75419E-1 2.85787E-1 2.95274E-1 3.24005E-1 3.37334E-1 3.5202E-1 3.79318E-1 3.90698E-1 3.34537E-1 3.28401E-1
-9999 -9999 -9999 -9999 -9999 -9999 -9999 -9999 -9999 -9999 -9999 -9999 -9999 -9999 -9999 -9999 -9999 -9999 -9999 -9999 -9999 6.11096E-4 6.0501E-4 1.09197E-3 4.16487E-2 1.15803E-1 9.24442E-2 7.49261E-2 1.04236E-1 1.62131E-1 1.74257E-1 1.7294E-1 1.65489E-1 1.66876E-1 1.84162E-1 1.9906E-1 1.74814E-1 1.63753E-1 1.70605E-1 1.75105E-1 1.68878E-1 1.56146E-1 1.54188E-1 1.77271E-1 1.93144E-1 2.08986E-1 2.11733E-1 2.17497E-1 2.20359E-1 2.38413E-1 2.64948E-1 2.74988E-1 2.84161E-1 2.93418E-1 2.96619E-1 2.98884E-1 2.98777E-1 2.86002E-1 2.86212E-1 2.92544E-1 3.03767E-1 3.54209E-1 3.46077E-1 3.38747E-1 2.81905E-1 2.64835E-1
-9999 -9999 -9999 -9999 -9999 -9999 -9999 -9999 -9999 -9999 -9999 -9999 -9999 -9999 -9999 -9999 -9999 -9999 -9999 -9999 -9999 4.79398E-4 3.80792E-4 5.97029E-4 1.2501E-2 9.00023E-2 4.37454E-2 7.18154E-2 6.83973E-2 1.11039E-1 1.55807E-1 1.82339E-1 1.81444E-1 1.67609E-1 1.90789E-1 2.18369E-1 1.83556E-1 1.48696E-1 1.70333E-1 1.66338E-1 1.67778E-1 1.63813E-1 1.67874E-1 1.8382E-1 1.97925E-1 2.23979E-1 2.26153E-1 2.18583E-1 2.2591E-1 2.40896E-1 2.61126E-1 2.74073E-1 2.86837E-1 2.89222E-1 2.85222E-1 2.82344E-1 2.74408E-1 2.74967E-1 2.81519E-1 2.85562E-1 2.97294E-1 3.12468E-1 3.03489E-1 2.9587E-1 2.44144E-1 2.17139E-1
-9999 -9999 -9999 -9999 -9999 -9999 -9999 -9999 -9999 -9999 -9999 -9999 -9999 -9999 -9999 -9999 -9999 -9999 -9999 -9999 -9999 2.83357E-3 2.13918E-3 5.95183E-4 3.1761E-3 7.42173E-2 2.32382E-2 6.71786E-2 1.16475E-1 5.75632E-2 8.87415E-2 1.66993E-1 1.47771E-1 1.74547E-1 2.22757E-1 2.0128E-1 1.67801E-1 1.47362E-1 1.56133E-1 1.69746E-1 1.70551E-1 1.71349E-1 1.7202E-1 1.80886E-1 1.94884E-1 2.08394E-1 2.13346E-1 2.09479E-1 2.16412E-1 2.30244E-1 2.45864E-1 2.65085E-1 2.74635E-1 2.77519E-1 2.72421E-1 2.4483E-1 2.28703E-1 2.46236E-1 2.59115E-1 2.78856E-1 2.92973E-1 2.96373E-1 2.57606E-1 2.47597E-1 2.01014E-1 1.58722E-1
-9999 -9999 -9999 -9999 -9999 -9999 -9999 -9999 -9999 -9999 -9999 -9999 -9999 -9999 -9999 -9999 -9999 -9999 -9999 -9999 -9999 3.23105E-3 2.83567E-3 3.00293E-3 1.26985E-3 7.14733E-2 6.7884E-2 7.65115E-2 1.32741E-1 1.04211E-1 5.28033E-2 8.76953E-2 1.01848E-1 1.40757E-1 1.7353E-1 1.54473E-1 1.31785E-1 1.44756E-1 1.51955E-1 1.70072E-1 1.70104E-1 1.68018E-1 1.75259E-1 1.71897E-1 1.76188E-1 1.76336E-1 1.88853E-1 1.96409E-1 1.97147E-1 2.13425E-1 2.26711E-1 2.34352E-1 2.498E-1 2.52974E-1 2.63821E-1 2.17703E-1 2.03197E-1 2.09623E-1 2.19175E-1 2.34782E-1 2.45767E-1 2.40814E-1 2.09875E-1 1.89489E-1 1.46013E-1 1.28384E-1
-9999 -9999 -9999 -9999 -9999 -9999 -9999 -9999 -9999 -9999 -9999 -9999 -9999 -9999 -9999 -9999 -9999 -9999 -9999 -9999 -9999 -9999 4.4869E-3 3.54028E-3 3.96641E-3 7.65213E-3 2.05238E-2 7.92565E-2 1.01855E-1 6.30089E-2 3.26388E-2 2.80998E-2 5.6493E-2 1.00089E-1 1.10849E-1 1.09915E-1 1.18423E-1 1.40133E-1 1.46809E-1 1.60421E-1 1.61846E-1 1.69371E-1 1.66483E-1 1.76431E-1 1.67971E-1 1.55218E-1 1.65031E-1 1.77832E-1 1.77766E-1 1.90945E-1 2.03143E-1 2.09653E-1 2.0863E-1 2.11633E-1 2.15935E-1 1.9673E-1 1.81013E-1 1.73273E-1 1.74342E-1 1.86013E-1 2.01421E-1 1.94319E-1 1.71418E-1 1.37196E-1 1.07693E-1 9.38478E-2
-9999 -9999 -9999 -9999 -9999 -9999 -9999 -9999 -9999 -9999 -9999 -9999 -9999 -9999 -9999 -9999 -9999 -9999 -9999 -9999 -9999 -9999 -9999 -9999 3.86305E-3 2.39862E-3 2.21651E-2 4.23707E-2 7.34892E-2 7.31701E-2 5.42393E-2 3.99316E-2 5.64747E-2 8.08783E-2 7.58356E-2 9.53651E-2 1.12431E-1 1.3231E-1 1.43286E-1 1.51629E-1 1.49866E-1 1.53426E-1 1.65918E-1 1.73574E-1 1.62125E-1 1.4606E-1 1.46521E-1 1.50606E-1 1.59443E-1 1.72386E-1 1.87383E-1 1.84618E-1 1.68367E-1 1.61155E-1 1.75311E-1 1.69987E-1 1.54927E-1 1.38841E-1 1.32494E-1 1.38192E-1 1.45985E-1 1.47491E-1 1.3274E-1 1.0335E-1 7.75332E-2 6.53898E-2
-9999 -9999 -9999 -9999 -9999 -9999 -9999 -9999 -9999 -9999 -9999 -9999 -9999 -9999 -9999 -9999 -9999 -9999 -9999 -9999 -9999 -9999 -9999 -9999 7.80595E-3 8.53049E-3 3.7725E-2 2.00107E-2 4.10804E-2 6.30922E-2 7.05077E-2 4.86875E-2 6.0401E-2 8.2285E-2 8.14162E-2 9.24906E-2 1.03688E-1 1.21433E-1 1.29866E-1 1.32381E-1 1.32317E-1 1.36107E-1 1.57741E-1 1.63708E-1 1.44222E-1 1.29308E-1 1.22729E-1 1.23689E-1 1.39488E-1 1.52011E-1 1.64709E-1 1.73348E-1 1.55183E-1 1.40896E-1 1.59291E-1 1.49989E-1 1.3896E-1 1.15271E-1 1.04471E-1 1.02666E-1 1.08998E-1 1.10543E-1 1.05192E-1 8.58196E-2 6.29365E-2 4.79168E-2
-9999 -9999 -9999 -9999 -9999 -9999 -9999 -9999 -9999 -9999 -9999 -9999 -9999 -9999 -9999 -9999 -9999 -9999 -9999 -9999 -9999 -9999 -9999 -9999 -9999 1.68349E-2 3.13604E-2 2.82074E-3 4.9229E-3 2.70651E-2 8.6354E-2 7.08378E-2 5.61682E-2 8.5092E-2 8.27231E-2 8.1109E-2 9.2193E-2 1.06492E-1 1.22037E-1 1.21138E-1 1.22011E-1 1.3309E-1 1.42523E-1 1.35837E-1 1.27151E-1 1.06213E-1 9.41733E-2 9.84674E-2 1.12566E-1 1.31164E-1 1.34491E-1 1.45025E-1 1.5045E-1 1.44163E-1 1.4288E-1 1.35772E-1 1.32185E-1 1.17294E-1 9.54332E-2 9.07272E-2 8.58972E-2 7.60996E-2 6.77816E-2 5.84938E-2 4.67855E-2 3.65868E-2
-9999 -9999 -9999 -9999 -9999 -9999 -9999 -9999 -9999 -9999 -9999 -9999 -9999 -9999 -9999 -9999 -9999 -9999 -9999 -9999 -9999 -9999 -9999 -9999 -9999 -9999 1.67371E-2 3.03057E-2 2.19863E-3 1.29883E-2 3.35164E-2 7.61579E-2 6.7696E-2 1.16752E-1 9.17726E-2 7.70168E-2 8.28646E-2 9.27135E-2 9.75851E-2 1.01087E-1 1.07253E-1 1.15783E-1 1.21939E-1 1.11631E-1 9.68054E-2 8.57909E-2 6.75505E-2 7.72021E-2 9.71407E-2 1.16158E-1 1.19864E-1 1.16967E-1 1.26123E-1 1.31018E-1 1.31431E-1 1.19738E-1 1.19149E-1 1.11805E-1 8.90615E-2 7.36655E-2 5.90418E-2 5.47601E-2 4.79381E-2 3.90063E-2 3.31842E-2 2.81491E-2
-9999 -9999 -9999 -9999 -9999 -9999 -9999 -9999 -9999 -9999 -9999 -9999 -9999 -9999 -9999 -9999 -9999 -9999 -9999 -9999 -9999 -9999 -9999 -9999 -9999 -9999 1.49622E-2 1.99322E-2 1.56922E-3 7.67092E-3 1.84881E-2 6.32147E-2 7.94106E-2 1.33699E-1 6.4224E-2 8.44083E-2 8.36467E-2 8.44779E-2 9.42366E-2 9.2788E-2 9.06058E-2 9.35386E-2 9.47252E-2 9.25804E-2 8.0927E-2 6.84008E-2 5.70836E-2 7.26983E-2 9.82004E-2 1.08019E-1 1.11168E-1 1.05747E-1 9.50653E-2 1.07682E-1 1.1916E-1 1.1688E-1 1.13852E-1 9.89148E-2 7.84156E-2 5.48431E-2 4.04733E-2 2.83464E-2 2.70254E-2 2.58794E-2 2.33959E-2 2.0833E-2
-9999 -9999 -9999 -9999 -9999 -9999 -9999 -9999 -9999 -9999 -9999 -9999 -9999 -9999 -9999 -9999 -9999 -9999 -9999 -9999 -9999 -9999 -9999 -9999 -9999 -9999 -9999 1.6366E-2 2.62664E-2 1.38129E-3 1.39639E-2 2.40223E-2 3.81933E-2 1.11061E-1 6.9389E-2 8.11081E-2 8.98241E-2 8.62633E-2 9.19722E-2 8.38916E-2 7.95563E-2 8.36256E-2 8.01702E-2 7.46921E-2 6.56887E-2 6.19861E-2 6.59536E-2 8.8502E-2 1.02068E-1 1.04556E-1 9.95758E-2 9.60205E-2 7.23363E-2 8.23182E-2 1.00002E-1 1.06024E-1 9.81952E-2 7.47906E-2 5.0734E-2 2.54691E-2 1.76277E-2 1.46934E-2 1.5655E-2 1.79385E-2 1.84644E-2 1.70135E-2
-9999 -9999 -9999 -9999 -9999 -9999 -9999 -9999 -9999 -9999 -9999 -9999 -9999 -9999 -9999 -9999 -9999 -9999 -9999 -9999 -9999 -9999 -9999 -9999 -9999 -9999 -9999 1.51091E-2 2.81165E-2 2.40938E-2 3.58279E-3 3.42986E-2 4.52945E-2 9.64134E-2 8.76842E-2 6.89071E-2 8.81221E-2 7.76293E-2 7.96136E-2 7.37848E-2 7.58979E-2 7.55536E-2 6.68923E-2 5.94769E-2 5.08873E-2 5.30815E-2 6.7159E-2 9.40122E-2 9.76486E-2 9.61451E-2 8.46923E-2 7.52988E-2 6.47168E-2 6.3618E-2 7.52268E-2 8.6154E-2 7.80305E-2 5.90166E-2 3.58089E-2 1.31628E-2 1.01542E-2 1.34859E-2 1.42395E-2 1.59618E-2 1.74134E-2 1.5151E-2
-9999 -9999 -9999 -9999 -9999 -9999 -9999 -9999 -9999 -9999 -9999 -9999 -9999 -9999 -9999 -9999 -9999 -9999 -9999 -9999 -9999 -9999 -9999 -9999 -9999 -9999 -9999 -9999 1.67136E-2 3.49066E-2 4.49134E-2 1.08131E-2 4.87783E-2 1.36417E-1 1.01697E-1 8.20609E-2 6.20928E-2 7.21344E-2 7.35761E-2 6.82817E-2 7.35857E-2 7.01868E-2 6.43747E-2 5.44318E-2 4.09721E-2 3.6638E-2 4.84107E-2 7.88265E-2 8.20005E-2 7.20577E-2 5.89807E-2 4.63632E-2 5.28094E-2 3.8609E-2 5.26366E-2 6.19699E-2 4.95138E-2 4.07394E-2 2.41795E-2 1.68916E-2 1.28386E-2 1.52249E-2 1.63054E-2 1.82383E-2 1.75265E-2 1.46845E-2
-9999 -9999 -9999 -9999 -9999 -9999 -9999 -9999 -9999 -9999 -9999 -9999 -9999 -9999 -9999 -9999 -9999 -9999 -9999 -9999 -9999 -9999 -9999 -9999 -9999 -9999 -9999 -9999 1.39911E-2 1.77815E-2 3.81451E-2 6.17297E-3 2.30672E-2 7.25847E-2 1.16662E-1 6.15242E-2 4.29403E-2 5.75141E-2 7.34871E-2 6.52376E-2 6.83312E-2 7.4681E-2 6.72568E-2 5.47219E-2 4.12415E-2 3.38608E-2 3.70654E-2 5.16597E-2 6.01162E-2 5.01673E-2 3.81524E-2 3.07064E-2 3.74885E-2 3.38765E-2 3.56757E-2 4.16806E-2 3.59308E-2 2.72204E-2 2.11887E-2 1.95425E-2 1.92572E-2 2.00542E-2 2.30127E-2 2.28119E-2 2.09799E-2 1.64124E-2
-9999 -9999 -9999 -9999 -9999 -9999 -9999 -9999 -9999 -9999 -9999 -9999 -9999 -9999 -9999 -9999 -9999 -9999 -9999 -9999 -9999 -9999 -9999 -9999 -9999 -9999 -9999 -9999 1.42657E-2 1.16618E-2 2.47336E-2 2.45269E-3 1.10712E-2 5.29467E-3 3.27726E-2 5.00185E-2 5.56021E-2 3.50483E-2 6.04805E-2 6.41432E-2 8.60976E-2 9.07296E-2 8.77093E-2 6.40012E-2 4.8853E-2 3.87744E-2 4.11408E-2 4.55592E-2 4.65862E-2 1.16288E-2 3.15659E-2 8.26752E-3 2.97267E-2 2.75491E-2 2.42445E-2 2.65434E-2 2.43343E-2 1.99547E-2 1.76224E-2 2.06646E-2 2.12059E-2 2.30247E-2 2.98571E-2 2.91543E-2 7.87327E-3 6.54151E-3
-9999 -9999 -9999 -9999 -9999 -9999 -9999 -9999 -9999 -9999 -9999 -9999 -9999 -9999 -9999 -9999 -9999 -9999 -9999 -9999 -9999 -9999 -9999 -9999 -9999 -9999 -9999 -9999 -9999 1.16863E-2 1.02502E-2 2.65208E-2 2.4465E-3 1.15377E-2 1.99314E-2 3.83191E-2 3.98482E-2 3.43252E-2 3.10435E-2 4.66833E-2 7.25485E-2 1.15925E-1 1.22261E-1 1.05084E-1 7.61051E-2 5.52332E-2 5.21475E-2 5.03296E-2 1.41278E-2 1.13223E-2 9.26589E-3 2.78642E-2 7.61187E-3 2.18716E-2 1.74707E-2 1.53944E-2 1.57868E-2 1.46987E-2 1.41085E-2 1.90288E-2 2.23084E-2 2.13786E-2 3.03356E-2 1.20028E-2 1.01218E-2 7.88577E-3
-9999 -9999 -9999 -9999 -9999 -9999 -9999 -9999 -9999 -9999 -9999 -9999 -9999 -9999 -9999 -9999 -9999 -9999 -9999 -9999 -9999 -9999 -9999 -9999 -9999 -9999 -9999 -9999 -9999 -9999 7.41695E-3 1.74064E-2 2.57351E-2 1.89497E-3 1.01749E-2 1.14425E-2 2.83482E-2 2.05742E-2 2.38181E-2 2.58215E-2 8.78702E-2 1.13691E-1 1.60963E-1 1.56187E-1 1.26346E-1 8.9425E-2 2.20117E-2 1.95858E-2 1.52253E-2 3.94003E-2 3.06471E-2 7.82615E-3 6.3123E-3 5.91518E-3 4.27045E-3 3.578E-3 1.25871E-2 1.21465E-2 1.17466E-2 1.42897E-2 1.69893E-2 2.34828E-2 3.85051E-2 1.81916E-2 1.40206E-2 1.07782E-2
-9999 -9999 -9999 -9999 -9999 -9999 -9999 -9999 -9999 -9999 -9999 -9999 -9999 -9999 -9999 -9999 -9999 -9999 -9999 -9999 -9999 -9999 -9999 -9999 -9999 -9999 -9999 -9999 -9999 -9999 7.20615E-3 6.862E-3 1.52379E-2 1.5154E-3 1.5331E-3 6.40805E-3 9.6271E-3 1.33233E-2 2.52074E-3 3.05407E-3 1.13888E-3 7.40983E-2 1.88567E-1 1.27168E-1 1.43522E-1 1.19537E-1 9.34364E-2 7.2559E-2 5.96211E-2 4.20811E-2 9.88801E-3 7.62673E-3 6.09696E-3 1.75499E-2 5.00661E-3 4.18766E-3 4.18957E-3 3.77923E-3 1.29922E-2 4.47953E-3 1.82064E-2 2.36377E-2 3.97437E-2 4.58332E-2 5.31397E-2 1.2976E-2
-9999 -9999 -9999 -9999 -9999 -9999 -9999 -9999 -9999 -9999 -9999 -9999 -9999 -9999 -9999 -9999 -9999 -9999 -9999 -9999 -9999 -9999 -9999 -9999 -9999 -9999 -9999 -9999 -9999 -9999 -9999 6.96227E-3 5.19913E-3 1.39475E-2 1.06431E-3 1.17319E-3 4.87538E-3 1.24629E-3 9.70234E-4 2.60499E-3 4.49614E-4 1.0388E-4 1.54607E-4 4.0555E-2 2.53965E-1 1.74707E-1 8.99011E-2 7.57416E-2 6.1137E-2 4.34384E-2 1.01411E-2 8.26959E-3 6.63458E-3 2.02221E-2 5.6987E-3 5.27628E-3 1.57259E-2 3.98219E-3 3.97933E-3 1.55741E-2 1.7405E-2 2.20117E-2 1.0501E-2 3.55645E-2 5.04752E-2 1.40204E-2
-9999 -9999 -9999 -9999 -9999 -9999 -9999 -9999 -9999 -9999 -9999 -9999 -9999 -9999 -9999 -9999 -9999 -9999 -9999 -9999 -9999 -9999 -9999 -9999 -9999 -9999 -9999 -9999 -9999 -9999 -9999 5.92871E-3 2.88074E-3 3.98083E-3 9.507E-3 7.60148E-4 9.72592E-4 2.92548E-3 3.7705E-4 9.1807E-4 1.67283E-4 2.06855E-4 3.21896E-5 7.24506E-5 1.06567E-3 2.54165E-1 2.38977E-1 1.28017E-1 5.01041E-2 1.202E-2 9.77019E-3 8.52081E-3 7.50074E-3 6.96898E-3 6.73235E-3 1.98081E-2 4.74086E-3 1.2572E-2 3.45887E-3 1.25947E-2 1.4369E-2 1.55133E-2 8.2282E-3 2.38298E-2 2.74221E-2 1.30553E-2
-9999 -9999 -9999 -9999 -9999 -9999 -9999 -9999 -9999 -9999 -9999 -9999 -9999 -9999 -9999 -9999 -9999 -9999 -9999 -9999 -9999 -9999 -9999 -9999 -9999 -9999 -9999 -9999 -9999 -9999 -9999 -9999 5.34896E-3 2.51692E-3 4.82877E-3 9.81905E-3 7.86684E-4 6.3969E-3 1.17014E-4 8.63036E-5 6.28517E-5 3.66398E-5 1.73143E-5 7.96422E-5 3.24436E-4 8.47676E-4 1.95551E-1 1.39927E-1 5.35458E-2 3.71387E-2 1.00774E-2 9.42981E-3 9.49227E-3 8.46818E-3 8.16713E-3 2.22108E-2 1.62982E-2 1.22905E-2 1.06315E-2 1.01677E-2 1.09613E-2 1.09645E-2 1.42832E-2 1.84629E-2 5.8764E-3 2.8048E-2
-9999 -9999 -9999 -9999 -9999 -9999 -9999 -9999 -9999 -9999 -9999 -9999 -9999 -9999 -9999 -9999 -9999 -9999 -9999 -9999 -9999 -9999 -9999 -9999 -9999 -9999 -9999 -9999 -9999 -9999 -9999 -9999 -9999 5.11274E-3 4.32347E-3 7.46563E-3 1.08556E-2 6.91279E-3 1.34068E-4 6.59063E-5 4.33176E-5 3.24237E-5 4.0438E-5 2.68783E-4 2.35949E-3 2.49927E-3 6.90187E-2 7.86637E-2 6.11319E-2 5.36065E-2 3.64133E-2 3.6058E-2 1.07399E-2 1.10856E-2 9.42464E-3 8.07001E-3 1.84806E-2 1.11817E-2 9.54533E-3 8.80461E-3 8.65466E-3 8.57821E-3 9.05126E-3 1.16403E-2 1.30812E-2 1.75773E-2
-9999 -9999 -9999 -9999 -9999 -9999 -9999 -9999 -9999 -9999 -9999 -9999 -9999 -9999 -9999 -9999 -9999 -9999 -9999 -9999 -9999 -9999 -9999 -9999 -9999 -9999 -9999 -9999 -9999 -9999 -9999 -9999 -9999 -9999 1.00731E-2 1.1727E-2 9.78507E-3 1.18729E-2 4.22819E-3 3.61299E-3 5.32542E-5 4.31905E-5 9.22871E-5 5.18503E-4 7.58762E-3 7.28423E-3 1.31276E-2 1.79619E-2 5.77763E-2 6.76727E-2 5.95616E-2 4.30662E-2 1.31212E-2 1.31312E-2 4.08586E-2 3.45372E-2 2.29846E-2 1.05341E-2 8.40665E-3 9.62675E-3 8.04245E-3 6.93533E-3 2.078E-2 2.75743E-2 4.01427E-3 5.9946E-3
-9999 -9999 -9999 -9999 -9999 -9999 -9999 -9999 -9999 -9999 -9999 -9999 -9999 -9999 -9999 -9999 -9999 -9999 -9999 -9999 -9999 -9999 -9999 -9999 -9999 -9999 -9999 -9999 -9999 -9999 -9999 -9999 -9999 -9999 -9999 1.43496E-2 1.66738E-2 1.75546E-2 1.57918E-2 1.30746E-2 6.12506E-3 8.37882E-5 1.76595E-3 3.54134E-4 2.63685E-3 4.05443E-3 1.02237E-3 9.0226E-4 4.86254E-2 6.1022E-2 7.76015E-2 6.20694E-2 5.02755E-2 5.2092E-2 4.91951E-2 4.20239E-2 3.07351E-2 1.31825E-2 1.08121E-2 1.09583E-2 7.67849E-3 5.5217E-3 6.00073E-3 2.93731E-2 4.41024E-3 4.66898E-3
-9999 -9999 -9999 -9999 -9999 -9999 -9999 -9999 -9999 -9999 -9999 -9999 -9999 -9999 -9999 -9999 -9999 -9999 -9999 -9999 -9999 -9999 -9999 -9999 -9999 -9999 -9999 -9999 -9999 -9999 -9999 -9999 -9999 -9999 -9999 -9999 -9999 1.51918E-2 1.57728E-2 1.57486E-2 1.28952E-2 8.22431E-3 3.8397E-3 1.26147E-4 3.43341E-4 6.67125E-4 3.08845E-4 1.98319E-4 2.75519E-3 1.10121E-2 1.80325E-2 4.15523E-2 6.12206E-2 5.78661E-2 5.47315E-2 4.69893E-2 3.58388E-2 1.6409E-2 1.02393E-2 8.39049E-3 6.94269E-3 6.14306E-3 7.80401E-3 1.36606E-2 1.75701E-2 4.07316E-2
-9999 -9999 -9999 -9999 -9999 -9999 -9999 -9999 -9999 -9999 -9999 -9999 -9999 -9999 -9999 -9999 -9999 -9999 -9999 -9999 -9999 -9999 -9999 -9999 -9999 -9999 -9999 -9999 -9999 -9999 -9999 -9999 -9999 -9999 -9999 -9999 -9999 -9999 -9999 1.43747E-2 1.45507E-2 1.22675E-2 7.67683E-3 2.54981E-3 7.98369E-5 1.16735E-4 9.39588E-5 5.75081E-5 7.62744E-5 1.37622E-4 7.14536E-4 3.38049E-3 1.91104E-2 5.80625E-2 5.46338E-2 4.60364E-2 3.42823E-2 1.48601E-2 8.18887E-3 6.27811E-3 5.17766E-3 5.20599E-3 7.7362E-3 1.80272E-2 2.31894E-2 1.41723E-2
-9999 -9999 -9999 -9999 -9999 -9999 -9999 -9999 -9999 -9999 -9999 -9999 -9999 -9999 -9999 -9999 -9999 -9999 -9999 -9999 -9999 -9999 -9999 -9999 -9999 -9999 -9999 -9999 -9999 -9999 -9999 -9999 -9999 -9999 -9999 -9999 -9999 -9999 -9999 -9999 -9999 1.30434E-2 8.50616E-3 6.15808E-3 5.19154E-5 4.32627E-5 4.18257E-5 3.69406E-5 4.70095E-5 3.66671E-5 7.12865E-5 7.94022E-4 3.30142E-4 4.10057E-4 1.87807E-2 3.89544E-2 3.08046E-2 1.58354E-2 5.27982E-3 4.30119E-3 3.78122E-3 3.947E-3 5.42935E-3 1.04354E-2 1.24064E-2 1.27388E-2
