final project/Practice/maxentOut/species_2_maxentOut.asc
ncols         186
nrows         192
xllcorner     -125.0
yllcorner     -56.0
cellsize      0.5
NODATA_value  -9999
[rows 87 to 115 of 192, columns 66 to 131 of 186]
-9999 -9999 -9999 -9999 -9999 -9999 -9999 -9999 -9999 -9999 -9999 -9999 -9999 -9999 -9999 -9999 -9999 -9999 -9999 -9999 -9999 -9999 1.40936E-4 7.68722E-4 1.78192E-2 4.31501E-2 6.39324E-2 4.17063E-2 4.47741E-2 4.89815E-2 4.80983E-2 4.86464E-2 5.56892E-2 5.60505E-2 5.00901E-2 5.0332E-2 5.70402E-2 6.13271E-2 7.17702E-2 7.85528E-2 8.17096E-2 8.09905E-2 8.753E-2 8.82922E-2 9.30539E-2 9.54885E-2 9.45273E-2 8.86561E-2 8.8545E-2 9.46599E-2 9.89548E-2 1.04808E-1 1.05759E-1 1.09353E-1 1.14599E-1 1.02446E-1 9.46452E-2 9.5699E-2 1.03268E-1 1.22557E-1 1.27257E-1 1.17154E-1 1.41249E-1 1.44338E-1 1.33766E-1 1.25049E-1
-9999 -9999 -9999 -9999 -9999 -9999 -9999 -9999 -9999 -9999 -9999 -9999 -9999 -9999 -9999 -9999 -9999 -9999 -9999 -9999 -9999 6.62839E-5 2.0922E-4 1.96976E-3 1.15046E-2 4.09671E-2 6.25021E-2 3.72616E-2 4.64874E-2 5.34398E-2 5.58408E-2 5.54228E-2 5.70181E-2 5.79382E-2 5.88311E-2 5.57893E-2 5.87572E-2 7.0916E-2 7.49456E-2 7.86293E-2 7.81194E-2 6.9254E-2 7.35193E-2 8.66385E-2 9.60285E-2 9.75813E-2 9.37869E-2 9.24462E-2 9.05608E-2 9.67451E-2 1.01708E-1 1.11738E-1 1.13749E-1 1.12738E-1 1.08663E-1 1.04909E-1 9.9768E-2 1.04581E-1 1.0588E-1 1.13758E-1 1.09657E-1 1.09566E-1 1.16805E-1 1.15507E-1 9.41103E-2 9.71425E-2
-9999 -9999 -9999 -9999 -9999 -9999 -9999 -9999 -9999 -9999 -9999 -9999 -9999 -9999 -9999 -9999 -9999 -9999 -9999 -9999 -9999 4.05588E-5 4.09578E-5 9.55218E-5 1.39843E-2 4.47115E-2 6.0688E-2 4.32405E-2 4.99046E-2 6.03608E-2 6.4918E-2 6.11072E-2 5.77202E-2 5.99622E-2 6.8471E-2 7.05154E-2 6.63211E-2 6.98472E-2 7.65578E-2 7.87954E-2 7.67766E-2 7.1385E-2 7.25677E-2 8.81194E-2 9.83054E-2 1.05415E-1 1.02594E-1 1.00284E-1 9.76212E-2 1.00926E-1 1.10999E-1 1.19312E-1 1.21804E-1 1.20936E-1 1.17049E-1 1.16444E-1 1.16903E-1 1.11469E-1 1.06667E-1 1.03991E-1 1.07783E-1 1.28829E-1 1.20891E-1 1.13172E-1 8.78397E-2 8.69702E-2
-9999 -9999 -9999 -9999 -9999 -9999 -9999 -9999 -9999 -9999 -9999 -9999 -9999 -9999 -9999 -9999 -9999 -9999 -9999 -9999 -9999 2.93462E-5 2.14397E-5 3.93306E-5 1.0945E-3 2.62143E-2 1.81187E-2 1.52552E-2 4.36801E-2 5.59254E-2 6.46157E-2 6.47868E-2 6.06978E-2 5.80868E-2 6.7156E-2 7.17992E-2 6.50977E-2 6.22473E-2 7.82008E-2 7.87456E-2 8.08638E-2 7.72813E-2 8.15906E-2 9.08675E-2 1.04428E-1 1.18955E-1 1.20471E-1 1.07865E-1 1.06481E-1 1.04852E-1 1.19405E-1 1.27522E-1 1.28029E-1 1.25208E-1 1.22326E-1 1.18989E-1 1.13703E-1 1.13781E-1 1.15437E-1 1.13748E-1 1.1742E-1 1.24077E-1 1.2012E-1 1.12801E-1 9.11737E-2 8.27233E-2
-9999 -9999 -9999 -9999 -9999 -9999 -9999 -9999 -9999 -9999 -9999 -9999 -9999 -9999 -9999 -9999 -9999 -9999 -9999 -9999 -9999 5.33867E-4 3.75063E-4 3.72163E-5 2.77646E-4 1.96612E-2 6.48597E-3 6.61594E-3 3.68182E-2 2.71441E-2 4.96697E-2 6.45676E-2 5.47447E-2 6.24208E-2 7.71903E-2 6.71348E-2 6.46903E-2 6.50821E-2 7.56925E-2 8.36158E-2 8.48152E-2 8.52979E-2 8.68315E-2 9.59169E-2 1.07697E-1 1.17245E-1 1.21605E-1 1.1273E-1 1.10339E-1 1.15368E-1 1.19885E-1 1.29713E-1 1.31118E-1 1.278E-1 1.21316E-1 1.0429E-1 1.03806E-1 1.13214E-1 1.20562E-1 1.28156E-1 1.27348E-1 1.26854E-1 1.12216E-1 1.07816E-1 8.73798E-2 7.25462E-2
-9999 -9999 -9999 -9999 -9999 -9999 -9999 -9999 -9999 -9999 -9999 -9999 -9999 -9999 -9999 -9999 -9999 -9999 -9999 -9999 -9999 6.27815E-4 5.46462E-4 5.70822E-4 9.74286E-5 5.39676E-3 1.78342E-2 6.8832E-3 4.28178E-2 3.71879E-2 2.31385E-2 4.74713E-2 4.46108E-2 5.48191E-2 6.44708E-2 6.02379E-2 5.85624E-2 7.07432E-2 7.83179E-2 8.88377E-2 8.97049E-2 8.85396E-2 9.54529E-2 9.78277E-2 1.03442E-1 1.04968E-1 1.12274E-1 1.15288E-1 1.12172E-1 1.18294E-1 1.2227E-1 1.24449E-1 1.28032E-1 1.26638E-1 1.27812E-1 1.03071E-1 1.00398E-1 1.01758E-1 1.07613E-1 1.12848E-1 1.16448E-1 1.13342E-1 1.03401E-1 9.37822E-2 7.36825E-2 6.83903E-2
-9999 -9999 -9999 -9999 -9999 -9999 -9999 -9999 -9999 -9999 -9999 -9999 -9999 -9999 -9999 -9999 -9999 -9999 -9999 -9999 -9999 -9999 9.67134E-4 6.9871E-4 8.05028E-4 5.94706E-4 6.06614E-3 2.76752E-2 4.08763E-2 2.17487E-2 1.16027E-2 9.16628E-3 3.11359E-2 4.25478E-2 4.70418E-2 5.10825E-2 5.92566E-2 7.66279E-2 8.45715E-2 9.23784E-2 9.15465E-2 9.42962E-2 9.42309E-2 1.05148E-1 1.0328E-1 9.54441E-2 1.0628E-1 1.19441E-1 1.15341E-1 1.17916E-1 1.18851E-1 1.18191E-1 1.12769E-1 1.12127E-1 1.15007E-1 1.0576E-1 9.62013E-2 8.92925E-2 8.88484E-2 9.46862E-2 1.02612E-1 1.01263E-1 9.23428E-2 7.5774E-2 6.41793E-2 5.71037E-2
-9999 -9999 -9999 -9999 -9999 -9999 -9999 -9999 -9999 -9999 -9999 -9999 -9999 -9999 -9999 -9999 -9999 -9999 -9999 -9999 -9999 -9999 -9999 -9999 7.6353E-4 1.74183E-4 6.50819E-3 1.59551E-2 2.92311E-2 3.08575E-2 2.4305E-2 1.82499E-2 2.8142E-2 3.17793E-2 3.72896E-2 4.90174E-2 6.42493E-2 8.09962E-2 9.01625E-2 9.61394E-2 8.97382E-2 9.01642E-2 1.01038E-1 1.14596E-1 1.09452E-1 1.01032E-1 1.09624E-1 1.16702E-1 1.17234E-1 1.15893E-1 1.16449E-1 1.13037E-1 9.97521E-2 8.89307E-2 1.00681E-1 1.00602E-1 8.96379E-2 7.56598E-2 7.31047E-2 7.92357E-2 8.6048E-2 8.99604E-2 8.13919E-2 6.70849E-2 5.00092E-2 4.46983E-2
-9999 -9999 -9999 -9999 -9999 -9999 -9999 -9999 -9999 -9999 -9999 -9999 -9999 -9999 -9999 -9999 -9999 -9999 -9999 -9999 -9999 -9999 -9999 -9999 1.56998E-3 1.75642E-3 7.9506E-3 7.88236E-3 5.04958E-3 2.26264E-2 5.84681E-2 3.60332E-2 3.49402E-2 3.76935E-2 3.83907E-2 4.86655E-2 6.16552E-2 7.94014E-2 9.06784E-2 9.12005E-2 8.51137E-2 8.33606E-2 1.00826E-1 1.09325E-1 1.08134E-1 1.03601E-1 1.04898E-1 1.0773E-1 1.13478E-1 1.11547E-1 1.09616E-1 1.12479E-1 9.62302E-2 8.17898E-2 9.51018E-2 9.36299E-2 8.61307E-2 6.85737E-2 6.23232E-2 6.40623E-2 7.35666E-2 7.51678E-2 7.69871E-2 6.20146E-2 4.49515E-2 3.50299E-2
-9999 -9999 -9999 -9999 -9999 -9999 -9999 -9999 -9999 -9999 -9999 -9999 -9999 -9999 -9999 -9999 -9999 -9999 -9999 -9999 -9999 -9999 -9999 -9999 -9999 3.17263E-3 6.1849E-3 6.5174E-4 1.60979E-3 9.33567E-3 5.00765E-2 6.01073E-2 4.25229E-2 4.50385E-2 4.00261E-2 4.03608E-2 5.57297E-2 7.11045E-2 8.6122E-2 8.71732E-2 8.69898E-2 9.15186E-2 9.82E-2 1.00235E-1 1.06034E-1 9.79066E-2 9.02744E-2 9.21301E-2 1.00034E-1 1.03892E-1 9.62361E-2 9.80862E-2 1.01632E-1 9.00416E-2 8.71698E-2 8.6762E-2 8.78338E-2 7.86E-2 6.44326E-2 6.20428E-2 5.7755E-2 5.23621E-2 4.8018E-2 4.41589E-2 3.37508E-2 2.63605E-2
-9999 -9999 -9999 -9999 -9999 -9999 -9999 -9999 -9999 -9999 -9999 -9999 -9999 -9999 -9999 -9999 -9999 -9999 -9999 -9999 -9999 -9999 -9999 -9999 -9999 -9999 3.15844E-3 5.70713E-3 6.91391E-4 4.38685E-3 9.11251E-3 6.8297E-2 6.1911E-2 7.28467E-2 4.82003E-2 3.39094E-2 4.31199E-2 5.86449E-2 6.71856E-2 7.66043E-2 8.15E-2 8.6999E-2 9.61131E-2 9.68293E-2 9.41483E-2 8.8538E-2 7.16416E-2 7.7682E-2 8.81914E-2 9.27257E-2 8.67415E-2 7.70299E-2 7.94811E-2 8.25072E-2 8.27136E-2 8.22307E-2 8.48051E-2 8.16978E-2 6.52763E-2 5.4418E-2 4.00551E-2 3.35606E-2 3.00254E-2 2.54634E-2 2.17891E-2 1.81027E-2
-9999 -9999 -9999 -9999 -9999 -9999 -9999 -9999 -9999 -9999 -9999 -9999 -9999 -9999 -9999 -9999 -9999 -9999 -9999 -9999 -9999 -9999 -9999 -9999 -9999 -9999 2.96734E-3 3.86295E-3 5.26782E-4 4.27528E-3 5.88241E-3 3.37901E-2 7.09265E-2 8.42521E-2 4.75156E-2 4.13003E-2 4.52492E-2 5.15184E-2 6.68912E-2 7.04637E-2 7.12905E-2 7.4846E-2 8.40715E-2 8.77436E-2 8.42126E-2 7.5807E-2 6.43798E-2 7.27837E-2 8.70087E-2 8.62542E-2 8.30315E-2 6.57559E-2 4.68009E-2 6.0815E-2 7.36956E-2 8.02743E-2 8.11775E-2 7.14284E-2 5.55923E-2 3.51855E-2 2.56256E-2 1.93425E-2 1.80012E-2 1.61923E-2 1.45022E-2 1.22018E-2
-9999 -9999 -9999 -9999 -9999 -9999 -9999 -9999 -9999 -9999 -9999 -9999 -9999 -9999 -9999 -9999 -9999 -9999 -9999 -9999 -9999 -9999 -9999 -9999 -9999 -9999 -9999 3.0834E-3 9.07777E-3 6.04439E-4 6.55964E-3 5.98257E-3 1.13801E-2 7.62062E-2 5.37474E-2 5.32389E-2 5.4105E-2 5.88632E-2 6.44942E-2 6.67338E-2 6.46719E-2 7.22183E-2 7.42405E-2 7.35296E-2 6.5626E-2 6.5546E-2 7.06023E-2 8.09365E-2 8.33095E-2 8.30902E-2 6.9357E-2 5.18094E-2 2.9438E-2 3.55029E-2 6.12386E-2 7.2891E-2 7.03234E-2 5.10103E-2 3.13333E-2 1.81826E-2 1.30795E-2 1.15499E-2 1.15485E-2 1.23644E-2 1.19543E-2 1.04579E-2
-9999 -9999 -9999 -9999 -9999 -9999 -9999 -9999 -9999 -9999 -9999 -9999 -9999 -9999 -9999 -9999 -9999 -9999 -9999 -9999 -9999 -9999 -9999 -9999 -9999 -9999 -9999 2.21219E-3 5.18274E-3 1.28897E-2 1.36269E-3 1.48603E-2 1.68066E-2 9.56673E-2 6.89629E-2 6.47648E-2 5.61743E-2 5.32203E-2 5.64726E-2 5.91452E-2 6.40662E-2 6.74551E-2 6.38718E-2 5.91997E-2 4.33625E-2 4.63228E-2 6.55942E-2 7.77194E-2 7.48178E-2 7.13559E-2 5.80124E-2 3.99786E-2 2.59268E-2 2.33754E-2 3.85605E-2 5.6367E-2 6.12438E-2 4.40141E-2 2.24468E-2 1.04623E-2 7.63005E-3 1.06675E-2 1.0559E-2 1.14244E-2 1.22031E-2 1.06772E-2
-9999 -9999 -9999 -9999 -9999 -9999 -9999 -9999 -9999 -9999 -9999 -9999 -9999 -9999 -9999 -9999 -9999 -9999 -9999 -9999 -9999 -9999 -9999 -9999 -9999 -9999 -9999 -9999 2.15032E-3 1.17313E-2 2.82925E-2 3.99471E-3 2.56773E-2 1.18878E-1 9.99109E-2 7.34025E-2 3.99708E-2 4.36858E-2 5.21553E-2 5.3271E-2 6.11709E-2 6.38674E-2 6.34248E-2 5.76966E-2 3.26217E-2 2.76335E-2 3.95889E-2 6.63689E-2 6.43015E-2 5.42979E-2 4.15741E-2 2.50237E-2 2.0629E-2 1.31075E-2 2.26173E-2 4.12718E-2 4.31155E-2 3.51733E-2 1.65449E-2 1.14405E-2 9.34293E-3 1.11873E-2 1.18774E-2 1.36196E-2 1.31513E-2 1.18018E-2
-9999 -9999 -9999 -9999 -9999 -9999 -9999 -9999 -9999 -9999 -9999 -9999 -9999 -9999 -9999 -9999 -9999 -9999 -9999 -9999 -9999 -9999 -9999 -9999 -9999 -9999 -9999 -9999 1.33066E-3 2.36951E-3 2.1851E-2 2.68078E-3 9.73009E-3 3.80474E-2 9.51442E-2 5.50254E-2 3.35312E-2 3.55851E-2 4.96482E-2 4.84016E-2 5.51473E-2 6.5754E-2 6.75184E-2 5.90386E-2 4.21098E-2 3.20106E-2 3.43764E-2 4.47496E-2 4.64554E-2 3.41834E-2 2.35992E-2 1.67409E-2 1.54201E-2 1.25696E-2 1.475E-2 1.97178E-2 2.40061E-2 2.00382E-2 1.39986E-2 1.18413E-2 1.16625E-2 1.36824E-2 1.62242E-2 1.72135E-2 1.64504E-2 1.34208E-2
-9999 -9999 -9999 -9999 -9999 -9999 -9999 -9999 -9999 -9999 -9999 -9999 -9999 -9999 -9999 -9999 -9999 -9999 -9999 -9999 -9999 -9999 -9999 -9999 -9999 -9999 -9999 -9999 8.61989E-4 1.03072E-3 7.00581E-3 1.37397E-3 6.42041E-3 1.62433E-3 1.5756E-2 3.41328E-2 3.44887E-2 2.73252E-2 4.23073E-2 4.73544E-2 6.41667E-2 7.74597E-2 8.43392E-2 6.68034E-2 5.1032E-2 4.03E-2 4.02393E-2 3.85932E-2 3.4091E-2 5.0945E-3 1.78476E-2 2.8722E-3 1.16569E-2 9.79344E-3 9.49059E-3 1.08056E-2 1.12274E-2 1.07182E-2 1.00444E-2 1.24338E-2 1.29898E-2 1.50278E-2 1.97164E-2 2.15137E-2 4.12465E-3 3.47623E-3
-9999 -9999 -9999 -9999 -9999 -9999 -9999 -9999 -9999 -9999 -9999 -9999 -9999 -9999 -9999 -9999 -9999 -9999 -9999 -9999 -9999 -9999 -9999 -9999 -9999 -9999 -9999 -9999 -9999 6.65308E-4 1.24546E-3 1.52274E-2 1.36918E-3 5.61198E-3 5.94696E-3 1.58774E-2 1.94662E-2 1.86605E-2 2.25436E-2 2.53296E-2 6.8069E-2 9.55562E-2 1.10402E-1 1.05238E-1 7.88679E-2 5.4154E-2 4.83472E-2 4.33819E-2 7.18394E-3 4.90239E-3 3.4111E-3 1.33484E-2 1.87617E-3 7.08444E-3 6.57935E-3 6.51672E-3 6.95439E-3 7.01127E-3 7.45328E-3 1.07709E-2 1.32734E-2 1.28399E-2 2.0978E-2 5.89393E-3 5.29933E-3 4.15795E-3
-9999 -9999 -9999 -9999 -9999 -9999 -9999 -9999 -9999 -9999 -9999 -9999 -9999 -9999 -9999 -9999 -9999 -9999 -9999 -9999 -9999 -9999 -9999 -9999 -9999 -9999 -9999 -9999 -9999 -9999 4.91509E-4 4.27374E-3 1.74164E-2 8.33152E-4 4.36122E-3 3.53108E-3 9.14711E-3 7.80127E-3 9.16376E-3 8.38163E-3 6.12406E-2 1.08856E-1 1.59274E-1 1.5736E-1 1.23199E-1 8.34852E-2 1.35647E-2 1.15489E-2 8.02447E-3 2.51841E-2 1.70149E-2 2.57391E-3 1.60796E-3 1.22833E-3 9.64185E-4 9.07198E-4 5.33089E-3 5.9263E-3 6.11815E-3 7.57836E-3 9.43009E-3 1.39967E-2 2.49164E-2 8.27508E-3 7.01114E-3 5.22397E-3
-9999 -9999 -9999 -9999 -9999 -9999 -9999 -9999 -9999 -9999 -9999 -9999 -9999 -9999 -9999 -9999 -9999 -9999 -9999 -9999 -9999 -9999 -9999 -9999 -9999 -9999 -9999 -9999 -9999 -9999 3.72282E-4 6.47369E-4 5.89339E-3 7.88622E-4 7.14569E-4 2.70832E-3 2.69978E-3 3.14206E-3 6.63802E-4 1.53289E-3 3.23995E-4 6.74708E-2 2.87987E-1 2.19421E-1 1.57412E-1 1.16369E-1 8.58841E-2 6.29532E-2 4.82619E-2 2.81503E-2 3.86556E-3 2.69743E-3 1.76238E-3 6.33101E-3 1.14504E-3 1.00041E-3 1.16331E-3 1.20018E-3 6.53333E-3 1.57043E-3 9.81745E-3 5.16119E-3 1.04725E-2 1.18578E-2 1.35842E-2 6.06336E-3
-9999 -9999 -9999 -9999 -9999 -9999 -9999 -9999 -9999 -9999 -9999 -9999 -9999 -9999 -9999 -9999 -9999 -9999 -9999 -9999 -9999 -9999 -9999 -9999 -9999 -9999 -9999 -9999 -9999 -9999 -9999 9.99185E-4 7.9662E-4 7.67045E-3 5.67987E-4 4.86334E-4 1.876E-3 3.41348E-4 2.94537E-4 1.42633E-3 1.90599E-4 6.36905E-5 8.73706E-5 6.44668E-2 2.95758E-1 2.21786E-1 1.04879E-1 7.66886E-2 5.22244E-2 2.89126E-2 4.2882E-3 3.47652E-3 2.70205E-3 1.10076E-2 1.91977E-3 1.66169E-3 7.03429E-3 1.23148E-3 1.25929E-3 7.61905E-3 8.95438E-3 4.65973E-3 4.75945E-3 9.1575E-3 1.27594E-2 6.6256E-3
-9999 -9999 -9999 -9999 -9999 -9999 -9999 -9999 -9999 -9999 -9999 -9999 -9999 -9999 -9999 -9999 -9999 -9999 -9999 -9999 -9999 -9999 -9999 -9999 -9999 -9999 -9999 -9999 -9999 -9999 -9999 1.11093E-3 4.26195E-4 7.1916E-4 5.81496E-3 4.2719E-4 4.23917E-4 1.70212E-3 1.8323E-4 7.6583E-4 1.09661E-4 2.14661E-4 2.46772E-5 4.46371E-5 4.87069E-4 2.62347E-1 2.70255E-1 1.5006E-1 5.14226E-2 5.78564E-3 4.78418E-3 4.76637E-3 4.48023E-3 3.93824E-3 3.479E-3 1.42283E-2 2.00939E-3 6.89715E-3 1.1134E-3 5.79258E-3 2.4551E-3 2.84633E-3 2.95414E-3 4.89506E-3 6.22292E-3 5.73622E-3
-9999 -9999 -9999 -9999 -9999 -9999 -9999 -9999 -9999 -9999 -9999 -9999 -9999 -9999 -9999 -9999 -9999 -9999 -9999 -9999 -9999 -9999 -9999 -9999 -9999 -9999 -9999 -9999 -9999 -9999 -9999 -9999 9.68304E-4 3.61845E-4 1.13428E-3 6.91314E-3 5.51268E-4 5.89137E-3 7.92703E-5 6.10763E-5 4.90245E-5 2.95031E-5 1.3892E-5 4.58762E-5 1.59366E-4 3.67562E-4 1.37502E-1 1.11781E-1 6.44873E-2 3.73892E-2 6.18538E-3 6.92625E-3 7.22923E-3 6.25565E-3 5.70803E-3 2.10067E-2 1.2339E-2 7.78971E-3 5.19814E-3 1.60369E-3 1.66643E-3 1.68583E-3 2.3079E-3 3.10061E-3 2.1267E-3 5.65686E-3
-9999 -9999 -9999 -9999 -9999 -9999 -9999 -9999 -9999 -9999 -9999 -9999 -9999 -9999 -9999 -9999 -9999 -9999 -9999 -9999 -9999 -9999 -9999 -9999 -9999 -9999 -9999 -9999 -9999 -9999 -9999 -9999 -9999 5.05129E-4 6.0669E-4 1.69391E-3 6.60544E-3 3.92691E-3 7.65081E-5 4.21093E-5 3.33455E-5 2.78383E-5 3.73325E-5 1.22499E-4 9.62582E-4 9.98435E-4 1.01584E-2 6.37017E-2 6.38772E-2 6.42692E-2 4.16437E-2 4.0755E-2 8.34598E-3 8.907E-3 7.20396E-3 6.0241E-3 1.59614E-2 6.86343E-3 1.62656E-3 1.2965E-3 1.18572E-3 1.14904E-3 1.26127E-3 1.7891E-3 2.28589E-3 3.53667E-3
-9999 -9999 -9999 -9999 -9999 -9999 -9999 -9999 -9999 -9999 -9999 -9999 -9999 -9999 -9999 -9999 -9999 -9999 -9999 -9999 -9999 -9999 -9999 -9999 -9999 -9999 -9999 -9999 -9999 -9999 -9999 -9999 -9999 -9999 1.78069E-3 2.03508E-3 2.15247E-3 2.18248E-3 1.55575E-3 1.25213E-3 2.89279E-5 2.83155E-5 6.97192E-5 2.52708E-4 3.51874E-3 2.70331E-3 2.32109E-3 4.35733E-3 5.02921E-2 7.57933E-2 7.3986E-2 5.0957E-2 1.062E-2 1.08353E-2 4.94165E-2 4.06445E-2 2.29433E-2 5.97563E-3 3.81192E-3 1.45439E-3 1.02625E-3 7.94391E-4 6.2522E-3 1.05808E-2 1.51233E-3 2.48422E-3
-9999 -9999 -9999 -9999 -9999 -9999 -9999 -9999 -9999 -9999 -9999 -9999 -9999 -9999 -9999 -9999 -9999 -9999 -9999 -9999 -9999 -9999 -9999 -9999 -9999 -9999 -9999 -9999 -9999 -9999 -9999 -9999 -9999 -9999 -9999 3.06442E-3 2.9312E-3 2.8263E-3 2.17698E-3 1.68229E-3 1.20904E-3 3.57521E-5 1.42206E-3 2.06872E-4 1.17854E-3 1.76052E-3 4.50804E-4 3.40943E-4 1.51697E-2 1.45064E-2 8.17191E-2 7.33624E-2 6.30754E-2 6.66609E-2 6.38058E-2 5.32517E-2 3.62685E-2 2.98498E-3 1.93096E-3 1.85796E-3 9.76252E-4 5.82961E-4 7.10744E-4 1.38793E-2 2.28641E-3 2.36488E-3
-9999 -9999 -9999 -9999 -9999 -9999 -9999 -9999 -9999 -9999 -9999 -9999 -9999 -9999 -9999 -9999 -9999 -9999 -9999 -9999 -9999 -9999 -9999 -9999 -9999 -9999 -9999 -9999 -9999 -9999 -9999 -9999 -9999 -9999 -9999 -9999 -9999 3.06903E-3 2.23569E-3 1.83164E-3 1.63443E-3 1.61738E-3 1.74849E-3 7.81204E-5 1.88928E-4 3.50484E-4 1.47292E-4 7.37088E-5 3.90324E-4 4.41175E-3 9.36757E-3 3.7416E-2 7.28516E-2 7.9399E-2 7.60161E-2 6.27669E-2 4.51991E-2 1.15571E-2 1.76109E-3 1.31478E-3 9.41118E-4 7.56611E-4 1.3179E-3 3.52959E-3 5.44751E-3 2.77046E-2
-9999 -9999 -9999 -9999 -9999 -9999 -9999 -9999 -9999 -9999 -9999 -9999 -9999 -9999 -9999 -9999 -9999 -9999 -9999 -9999 -9999 -9999 -9999 -9999 -9999 -9999 -9999 -9999 -9999 -9999 -9999 -9999 -9999 -9999 -9999 -9999 -9999 -9999 -9999 9.59845E-4 1.1358E-3 1.56729E-3 1.62238E-3 1.24445E-3 4.3959E-5 5.40979E-5 3.97102E-5 2.26962E-5 2.56956E-5 5.42698E-5 2.57087E-4 5.51821E-4 1.36762E-2 6.30105E-2 7.3446E-2 6.38827E-2 4.23474E-2 3.59103E-3 1.23695E-3 8.34168E-4 6.45361E-4 6.89653E-4 1.41907E-3 5.4647E-3 8.4217E-3 4.06287E-3
-9999 -9999 -9999 -9999 -9999 -9999 -9999 -9999 -9999 -9999 -9999 -9999 -9999 -9999 -9999 -9999 -9999 -9999 -9999 -9999 -9999 -9999 -9999 -9999 -9999 -9999 -9999 -9999 -9999 -9999 -9999 -9999 -9999 -9999 -9999 -9999 -9999 -9999 -9999 -9999 -9999 1.04226E-3 5.43923E-4 6.78619E-4 2.04757E-5 1.92147E-5 1.90258E-5 1.42855E-5 1.58646E-5 1.44223E-5 3.37474E-5 1.1089E-4 7.06957E-5 8.23564E-5 5.55834E-3 1.98122E-2 2.19022E-2 3.70247E-3 6.9093E-4 4.58211E-4 3.60851E-4 3.96382E-4 7.37543E-4 2.28888E-3 3.13601E-3 3.13924E-3
