final project/Practice/maxentOut/species_4_maxentOut.asc
ncols         186
nrows         192
xllcorner     -125.0
yllcorner     -56.0
cellsize      0.5
NODATA_value  -9999
[rows 58 to 86 of 192, columns 66 to 131 of 186]
-9999 -9999 -9999 -9999 -9999 -9999 -9999 -9999 -9999 -9999 -9999 -9999 2.6283E-2 1.20361E-1 2.32964E-1 3.53226E-1 4.01323E-1 2.84984E-1 -9999 -9999 -9999 -9999 -9999 -9999 -9999 -9999 -9999 -9999 -9999 -9999 -9999 -9999 4.61585E-1 5.10646E-1 5.11096E-1 7.27742E-2 2.79657E-1 1.4275E-1 6.09456E-2 7.90015E-2 4.13985E-1 1.53776E-1 5.42561E-2 2.07696E-2 1.27602E-2 3.23882E-2 8.07436E-2 5.4891E-1 8.15196E-2 1.42494E-1 5.77635E-2 7.85799E-2 -9999 3.58199E-1 -9999 2.43163E-1 2.49961E-1 3.18966E-1 5.59244E-1 4.12028E-1 1.87796E-1 2.697E-1 3.14583E-1 -9999 -9999 -9999
-9999 -9999 -9999 -9999 -9999 -9999 -9999 -9999 -9999 -9999 -9999 -9999 2.56699E-2 4.84495E-2 1.71937E-1 2.23535E-1 2.11376E-1 1.88568E-1 -9999 -9999 -9999 -9999 -9999 -9999 -9999 -9999 -9999 -9999 -9999 -9999 -9999 -9999 4.58564E-1 5.62192E-1 1.67577E-1 1.75194E-1 5.68752E-2 2.20141E-1 3.3428E-1 2.2E-1 1.64195E-1 2.43154E-1 8.08867E-2 3.9737E-2 7.17442E-2 1.2865E-2 1.60667E-1 3.40923E-2 7.45665E-2 6.38503E-2 1.46824E-1 1.14828E-1 3.1137E-1 6.28037E-2 1.07272E-1 3.49214E-1 2.57881E-1 4.35566E-1 5.25881E-1 1.33149E-1 1.9354E-1 2.69511E-1 2.83294E-1 -9999 -9999 -9999
-9999 -9999 -9999 -9999 -9999 -9999 -9999 -9999 -9999 -9999 -9999 -9999 3.39556E-2 5.29654E-2 1.0694E-1 1.51705E-1 6.02609E-1 1.45075E-1 1.537E-1 2.1133E-1 -9999 -9999 -9999 -9999 5.56569E-1 4.43222E-1 4.71595E-1 -9999 -9999 -9999 -9999 -9999 5.14492E-1 2.75756E-1 9.44595E-2 1.48176E-1 2.87248E-1 9.19069E-2 1.53343E-1 4.54928E-1 5.58237E-1 4.80434E-1 9.43658E-2 4.91594E-2 2.02688E-1 3.1912E-2 6.46915E-3 7.48475E-2 4.86966E-2 4.70347E-2 8.5893E-2 8.97334E-2 7.17968E-2 8.35825E-2 1.2537E-1 1.51464E-1 1.16485E-2 2.1807E-2 3.86909E-1 1.20874E-1 1.23376E-1 2.81185E-1 3.00146E-1 -9999 -9999 -9999
-9999 -9999 -9999 -9999 -9999 -9999 -9999 -9999 -9999 -9999 -9999 -9999 -9999 -9999 -9999 2.73709E-1 1.47281E-1 4.25827E-1 3.15233E-1 2.74468E-1 2.56053E-1 -9999 4.34721E-1 5.68808E-1 4.66099E-1 4.01494E-1 3.91989E-1 3.47824E-1 3.34562E-1 -9999 -9999 2.55001E-1 2.63852E-1 1.09087E-1 2.98941E-1 4.91807E-1 5.58461E-1 1.40828E-1 6.81531E-1 7.32475E-1 6.13525E-1 5.47109E-2 4.69163E-2 1.28195E-1 1.19172E-1 2.85157E-2 1.92199E-2 8.64689E-3 7.43267E-3 1.02202E-1 6.87269E-2 6.31754E-2 5.36161E-2 1.28444E-1 1.19298E-1 6.73917E-3 1.11037E-2 1.99352E-2 2.47069E-2 1.07452E-1 1.98488E-1 2.97756E-1 3.13251E-1 -9999 -9999 -9999
-9999 -9999 -9999 -9999 -9999 -9999 -9999 -9999 -9999 -9999 -9999 -9999 -9999 -9999 -9999 -9999 3.04174E-1 2.28731E-1 2.55914E-1 2.29132E-1 2.3328E-1 2.76826E-1 3.56924E-1 4.49374E-1 3.5619E-1 2.61263E-1 2.99261E-1 3.06961E-1 2.91427E-1 3.58903E-1 3.35938E-1 2.21268E-1 2.97326E-1 4.18818E-1 7.59116E-1 8.17575E-1 5.15228E-1 1.17306E-1 6.42786E-1 7.2306E-1 2.81762E-1 5.32826E-2 7.08561E-2 1.42502E-1 1.30114E-1 1.24841E-1 8.50216E-2 1.67542E-2 1.4641E-2 1.62569E-2 9.53604E-3 7.08524E-3 5.72312E-3 1.74156E-1 1.01996E-2 7.42561E-3 9.58524E-3 1.6114E-2 1.78435E-2 2.38459E-2 1.63555E-1 2.79466E-1 1.8348E-1 3.24482E-1 3.30681E-1 -9999
-9999 -9999 -9999 -9999 -9999 -9999 -9999 -9999 -9999 -9999 -9999 -9999 -9999 -9999 -9999 -9999 2.42639E-1 2.06655E-1 1.9749E-1 2.64056E-1 2.79485E-1 2.07527E-1 1.07606E-1 1.42775E-1 1.55009E-1 2.23098E-1 2.43482E-1 2.76694E-1 3.47252E-1 3.04219E-1 3.34785E-1 2.5806E-1 2.98118E-1 6.27165E-1 9.62186E-1 2.89428E-1 5.37562E-1 1.11554E-1 1.17162E-1 1.02178E-1 1.36096E-1 1.66737E-1 1.08767E-1 1.968E-1 1.56797E-1 1.42714E-1 3.01559E-2 2.43354E-2 2.45209E-2 1.94713E-2 2.25334E-2 2.38836E-2 1.97059E-2 2.83839E-2 2.69489E-2 2.92506E-2 3.28004E-2 2.04326E-2 1.41871E-2 6.29763E-2 1.12678E-1 2.25089E-1 2.79194E-1 3.17117E-1 3.34216E-1 3.19921E-1
-9999 -9999 -9999 -9999 -9999 -9999 -9999 -9999 -9999 -9999 -9999 -9999 -9999 -9999 -9999 -9999 -9999 -9999 -9999 2.68823E-1 2.39354E-1 1.98219E-1 1.04324E-1 5.30441E-2 8.52776E-2 -9999 -9999 4.61469E-1 4.3413E-1 4.11703E-1 4.62312E-1 2.88486E-1 2.69516E-1 7.52671E-1 9.1327E-1 2.84653E-1 8.8652E-1 1.595E-1 1.72089E-1 1.19865E-1 1.26129E-1 1.27593E-1 2.57789E-1 3.14788E-1 2.28667E-1 4.26752E-2 3.18899E-2 2.9764E-2 4.24489E-2 3.39649E-2 3.84188E-2 5.77291E-2 8.28459E-2 8.93131E-2 9.81155E-2 6.1938E-2 4.15234E-2 2.11005E-2 1.8579E-2 1.84449E-2 7.53118E-2 1.28302E-1 2.22858E-1 2.77563E-1 3.08299E-1 3.00932E-1
-9999 -9999 -9999 -9999 -9999 -9999 -9999 -9999 -9999 -9999 -9999 -9999 -9999 -9999 -9999 -9999 -9999 -9999 -9999 2.20181E-1 2.42884E-1 2.45418E-1 1.56916E-1 1.02302E-1 -9999 -9999 -9999 6.89191E-1 6.16356E-1 5.00659E-1 7.56653E-1 1.84084E-1 3.3949E-1 3.06292E-1 3.98591E-1 3.71458E-1 9.26354E-1 1.80672E-1 2.84931E-1 4.40498E-1 1.84241E-1 1.36068E-1 1.59382E-1 6.62478E-2 5.57453E-2 5.53366E-2 5.1463E-2 5.03719E-2 7.3494E-2 6.26026E-2 4.8004E-2 3.17896E-2 6.2493E-2 1.14215E-1 3.80922E-1 1.86005E-1 1.0837E-1 2.55959E-2 7.99523E-2 2.61422E-2 7.0173E-2 8.77616E-2 1.62433E-1 2.24976E-1 2.51632E-1 2.57215E-1
-9999 -9999 -9999 -9999 -9999 -9999 -9999 -9999 -9999 -9999 -9999 -9999 -9999 -9999 -9999 -9999 -9999 -9999 -9999 -9999 -9999 -9999 -9999 -9999 -9999 -9999 -9999 -9999 6.50171E-1 4.5346E-1 2.91067E-1 1.84916E-1 3.68701E-1 4.36287E-1 2.75752E-1 8.58936E-1 5.6808E-1 1.28342E-1 3.54199E-1 6.37845E-1 2.03779E-1 1.62009E-1 6.73749E-2 6.59926E-2 6.65738E-2 9.18221E-2 9.53879E-2 1.18317E-1 1.28024E-1 1.03107E-1 3.07473E-2 8.86005E-2 1.3033E-1 1.71176E-1 4.1078E-1 2.02845E-1 5.72419E-2 1.52152E-1 1.74392E-1 1.57686E-1 1.16717E-1 1.02789E-1 1.25847E-1 1.81832E-1 2.23045E-1 2.35182E-1
-9999 -9999 -9999 -9999 -9999 -9999 -9999 -9999 -9999 -9999 -9999 -9999 -9999 -9999 -9999 -9999 -9999 -9999 -9999 -9999 -9999 -9999 -9999 -9999 -9999 -9999 -9999 -9999 -9999 2.41245E-1 6.49168E-2 2.0995E-1 1.7728E-1 4.01661E-1 2.43954E-1 5.15571E-1 1.70546E-1 2.67561E-1 1.20743E-1 5.67774E-1 2.1849E-1 6.07404E-2 7.36078E-2 8.85968E-2 1.05129E-1 1.2302E-1 1.71257E-1 2.46813E-1 2.59744E-1 1.75668E-1 9.91205E-2 9.7132E-2 1.21736E-1 1.50828E-1 3.12799E-1 2.88378E-1 9.59389E-2 9.03147E-2 2.54631E-1 2.12386E-1 1.89977E-1 1.45296E-1 7.92386E-2 1.74703E-1 2.4512E-1 2.44577E-1
-9999 -9999 -9999 -9999 -9999 -9999 -9999 -9999 -9999 -9999 -9999 -9999 -9999 -9999 -9999 -9999 -9999 -9999 -9999 -9999 -9999 -9999 -9999 -9999 -9999 -9999 -9999 -9999 1.88786E-1 4.70559E-2 2.72319E-2 7.77905E-2 1.86533E-1 2.94969E-1 2.04469E-1 1.96711E-1 3.50784E-1 2.5496E-1 1.08632E-1 1.51893E-1 6.52193E-2 6.19914E-2 8.02658E-2 1.00835E-1 1.25436E-1 1.77169E-1 2.72835E-1 3.16347E-1 2.48943E-1 1.77044E-1 1.17804E-1 1.00694E-1 1.11161E-1 2.11758E-1 2.67328E-1 3.15443E-1 3.04498E-1 3.80765E-1 2.79489E-1 2.08957E-1 6.78939E-2 4.78448E-2 8.42567E-2 1.27759E-1 2.39156E-1 2.99375E-1
-9999 -9999 -9999 -9999 -9999 -9999 -9999 -9999 -9999 -9999 -9999 -9999 -9999 -9999 -9999 -9999 -9999 -9999 -9999 -9999 -9999 -9999 -9999 -9999 -9999 -9999 -9999 -9999 1.74211E-1 4.15385E-2 5.45073E-2 5.11456E-2 1.72453E-1 4.58949E-1 1.67144E-1 2.46325E-1 1.8379E-1 3.2766E-1 2.98526E-1 7.09149E-2 6.35073E-2 5.95636E-2 7.61647E-2 9.7222E-2 1.66016E-1 2.75333E-1 3.62962E-1 3.36462E-1 2.10017E-1 1.63006E-1 1.35946E-1 1.47898E-1 1.25661E-1 1.69335E-1 2.88231E-1 3.26981E-1 3.62683E-1 4.10491E-1 3.56498E-1 2.75633E-1 1.98645E-1 5.35474E-2 1.17424E-1 1.10164E-1 1.82636E-1 3.05505E-1
-9999 -9999 -9999 -9999 -9999 -9999 -9999 -9999 -9999 -9999 -9999 -9999 -9999 -9999 -9999 -9999 -9999 -9999 -9999 -9999 -9999 -9999 -9999 -9999 -9999 -9999 -9999 -9999 -9999 6.06211E-2 1.78035E-2 1.11262E-1 1.54113E-1 5.73502E-1 8.74609E-2 1.86219E-1 1.41912E-1 2.68401E-1 7.78901E-2 6.36334E-2 6.92334E-2 5.67911E-2 6.6898E-2 9.61438E-2 1.49146E-1 2.10483E-1 2.88281E-1 6.79842E-1 6.01308E-1 1.87006E-1 1.4563E-1 2.83642E-1 1.30205E-1 1.70803E-1 2.23757E-1 2.0688E-1 2.48676E-1 2.40928E-1 2.01831E-1 1.38533E-1 1.06354E-1 3.54638E-2 2.32664E-2 1.86676E-2 1.46786E-1 2.39171E-1
-9999 -9999 -9999 -9999 -9999 -9999 -9999 -9999 -9999 -9999 -9999 -9999 -9999 -9999 -9999 -9999 -9999 -9999 -9999 -9999 -9999 -9999 -9999 -9999 -9999 -9999 -9999 -9999 2.84344E-1 1.31852E-1 1.26486E-1 7.34851E-2 3.51874E-1 9.02345E-2 8.59294E-2 1.25524E-1 4.71359E-1 9.50689E-2 8.79604E-2 5.84887E-2 5.7057E-2 5.89845E-2 6.4217E-2 9.15232E-2 3.30784E-1 4.09591E-1 4.77348E-1 5.48657E-1 5.78339E-1 3.22784E-1 3.89445E-1 3.60835E-1 1.63648E-1 1.94072E-1 2.05584E-1 1.69062E-1 1.49778E-1 1.24674E-1 1.22128E-1 1.11217E-1 1.01638E-1 9.9873E-2 2.14115E-2 1.51038E-2 2.20788E-2 1.61496E-1
-9999 -9999 -9999 -9999 -9999 -9999 -9999 -9999 -9999 -9999 -9999 -9999 -9999 -9999 -9999 -9999 -9999 -9999 -9999 -9999 2.57663E-1 -9999 -9999 -9999 -9999 -9999 -9999 -9999 -9999 5.68417E-1 1.54139E-1 1.13619E-1 5.26068E-1 1.23801E-1 1.25092E-1 2.42008E-1 9.33596E-2 8.78632E-2 8.27884E-2 7.42996E-2 6.86002E-2 6.33292E-2 2.23372E-1 2.50467E-1 2.97825E-1 3.38795E-1 3.65487E-1 4.04289E-1 4.29782E-1 4.51465E-1 3.89856E-1 2.06144E-1 1.67793E-1 1.48175E-1 1.38112E-1 1.25413E-1 1.18022E-1 1.0942E-1 1.10308E-1 1.37845E-1 4.71873E-2 5.26627E-2 5.22707E-2 5.50991E-2 6.95595E-2 2.48991E-1
-9999 -9999 -9999 -9999 -9999 -9999 -9999 -9999 -9999 -9999 -9999 -9999 -9999 -9999 -9999 -9999 -9999 -9999 -9999 -9999 -9999 -9999 -9999 -9999 -9999 -9999 -9999 1.25243E-1 8.30548E-2 4.9469E-2 1.58441E-1 2.30445E-1 4.19446E-1 1.01155E-1 2.18085E-1 1.9954E-1 2.15762E-1 8.65351E-2 1.15216E-1 1.10239E-1 2.80903E-1 2.15966E-1 2.17405E-1 2.34475E-1 2.41032E-1 2.49405E-1 2.45876E-1 2.81406E-1 3.08533E-1 2.8376E-1 2.84288E-1 1.93678E-1 1.63831E-1 1.95169E-1 1.30915E-1 1.06046E-1 1.13306E-1 1.22559E-1 1.38902E-1 1.51107E-1 1.70986E-1 6.26835E-2 7.80905E-2 1.08384E-1 1.83841E-1 1.34918E-1
-9999 -9999 -9999 -9999 -9999 -9999 -9999 -9999 -9999 -9999 -9999 -9999 -9999 -9999 -9999 -9999 -9999 -9999 -9999 -9999 -9999 -9999 -9999 -9999 -9999 -9999 1.50138E-1 1.40231E-1 2.05406E-2 1.14052E-2 2.68283E-1 4.84415E-1 3.17082E-1 8.64363E-2 2.81769E-1 1.80842E-1 1.97489E-1 2.81603E-1 1.58468E-1 4.39461E-1 3.33158E-1 2.82021E-1 2.26571E-1 2.27222E-1 2.25628E-1 2.18393E-1 2.06151E-1 1.88985E-1 1.68592E-1 1.73143E-1 1.74563E-1 1.76486E-1 1.79643E-1 2.12606E-1 1.62462E-1 9.79539E-2 1.02907E-1 1.33852E-1 1.55874E-1 1.67286E-1 5.72938E-2 8.64695E-2 8.38197E-2 3.02771E-1 9.77798E-2 6.45369E-2
-9999 -9999 -9999 -9999 -9999 -9999 -9999 -9999 -9999 -9999 -9999 -9999 -9999 -9999 -9999 -9999 -9999 -9999 -9999 -9999 -9999 -9999 -9999 -9999 -9999 -9999 2.39552E-1 1.06444E-1 8.35068E-2 3.5677E-1 3.51187E-1 4.76572E-1 9.23373E-2 2.92742E-1 1.10517E-1 1.72728E-1 1.75307E-1 2.37887E-1 3.62294E-1 4.03883E-1 3.45058E-1 2.38601E-1 2.18083E-1 2.26877E-1 2.18786E-1 1.96227E-1 1.76982E-1 1.42734E-1 1.14206E-1 9.23365E-2 1.001E-1 1.50005E-1 1.6493E-1 1.65998E-1 1.61409E-1 1.53698E-1 1.36538E-1 1.4447E-1 1.74309E-1 1.77534E-1 2.06811E-1 6.80282E-2 2.65857E-1 1.92983E-1 2.55652E-1 1.54718E-1
1.43108E-1 -9999 -9999 -9999 -9999 -9999 -9999 -9999 -9999 -9999 -9999 -9999 -9999 -9999 -9999 -9999 -9999 -9999 -9999 -9999 -9999 -9999 -9999 -9999 -9999 3.13125E-1 1.99747E-1 8.26366E-2 1.71422E-1 9.9574E-2 4.85744E-1 3.42716E-1 1.33603E-1 1.90094E-1 1.84483E-1 1.73436E-1 1.75085E-1 1.78196E-1 2.55175E-1 2.82286E-1 2.55436E-1 2.15506E-1 2.23003E-1 2.19883E-1 1.97112E-1 1.72746E-1 1.46742E-1 1.18351E-1 9.51E-2 7.1812E-2 9.4818E-2 1.34552E-1 1.38306E-1 1.49968E-1 1.52513E-1 1.62569E-1 2.11351E-1 2.19549E-1 2.00682E-1 1.90658E-1 1.88542E-1 3.54482E-1 3.33641E-1 2.71367E-1 2.01535E-1 1.77155E-1
1.37802E-1 -9999 -9999 -9999 -9999 -9999 -9999 -9999 -9999 -9999 -9999 -9999 -9999 -9999 -9999 -9999 -9999 -9999 -9999 -9999 -9999 -9999 -9999 -9999 9.03895E-2 2.7392E-1 2.73117E-1 9.50959E-2 4.31705E-1 4.17772E-1 3.06566E-1 1.40128E-1 2.23458E-1 2.51279E-1 2.29825E-1 2.15792E-1 2.06108E-1 1.99423E-1 2.05669E-1 2.38596E-1 2.25408E-1 2.18164E-1 2.10905E-1 2.08284E-1 1.69517E-1 1.46697E-1 1.2595E-1 1.03006E-1 9.15732E-2 1.00903E-1 1.5438E-1 1.55529E-1 1.20761E-1 1.43252E-1 1.70371E-1 2.05911E-1 2.11607E-1 2.08423E-1 2.56161E-1 2.12926E-1 3.57691E-1 4.28679E-1 4.58669E-1 3.25558E-1 2.58364E-1 1.83418E-1
-9999 -9999 1.27145E-1 -9999 -9999 -9999 -9999 -9999 -9999 -9999 -9999 -9999 -9999 -9999 -9999 -9999 -9999 -9999 -9999 -9999 -9999 -9999 -9999 2.27312E-1 1.52889E-1 2.72885E-1 2.2677E-1 3.13928E-1 2.76622E-1 3.75083E-1 9.26388E-2 1.43786E-1 2.11968E-1 2.28817E-1 2.4682E-1 2.43064E-1 2.38785E-1 2.31315E-1 2.34526E-1 2.3642E-1 2.27018E-1 2.09811E-1 1.93911E-1 1.70111E-1 1.44955E-1 1.25659E-1 1.15633E-1 1.13395E-1 1.21872E-1 1.69491E-1 1.85781E-1 1.1676E-1 1.18491E-1 1.47751E-1 2.25181E-1 2.84168E-1 3.00279E-1 2.07331E-1 3.23008E-1 3.62822E-1 4.23094E-1 4.57723E-1 4.21951E-1 3.65552E-1 2.7245E-1 2.65499E-1
1.45668E-1 1.66238E-1 9.97773E-2 9.98659E-2 9.43036E-2 -9999 -9999 -9999 -9999 -9999 -9999 -9999 -9999 -9999 -9999 -9999 -9999 -9999 -9999 -9999 -9999 -9999 -9999 1.29424E-1 2.71596E-1 3.54922E-1 3.51613E-1 1.87596E-1 2.73848E-1 1.03208E-1 1.12221E-1 1.43548E-1 1.94132E-1 2.20708E-1 2.66822E-1 2.7032E-1 2.67688E-1 2.54711E-1 2.51167E-1 2.53248E-1 2.23655E-1 2.07447E-1 1.76867E-1 1.43327E-1 1.41641E-1 1.33278E-1 1.26227E-1 1.27694E-1 1.54405E-1 1.99531E-1 2.38799E-1 1.92929E-1 1.57209E-1 1.57135E-1 2.0867E-1 2.72578E-1 3.21255E-1 3.11179E-1 3.36027E-1 3.81294E-1 3.85151E-1 4.19842E-1 3.99463E-1 2.91362E-1 2.92313E-1 2.77287E-1
1.24592E-1 1.21691E-1 7.6883E-2 2.40665E-2 -9999 -9999 -9999 -9999 -9999 -9999 -9999 -9999 -9999 -9999 -9999 -9999 -9999 -9999 -9999 -9999 -9999 -9999 -9999 3.26944E-2 2.03559E-1 2.82017E-1 4.77107E-1 7.45628E-2 3.48619E-1 8.12967E-2 9.02788E-2 1.30964E-1 1.81362E-1 1.97356E-1 2.29302E-1 2.68554E-1 2.65335E-1 2.59253E-1 2.48653E-1 2.33706E-1 2.11652E-1 1.83681E-1 1.56711E-1 1.35501E-1 1.41977E-1 1.37071E-1 1.32438E-1 1.42715E-1 1.72331E-1 1.9814E-1 2.14454E-1 2.17598E-1 2.03486E-1 2.11179E-1 2.05777E-1 2.43126E-1 2.66607E-1 2.92877E-1 3.02434E-1 3.26223E-1 3.71993E-1 3.99465E-1 3.96812E-1 3.29858E-1 3.19801E-1 3.62614E-1
6.80474E-2 8.47332E-2 5.32344E-2 7.61874E-2 1.21145E-1 1.36931E-1 -9999 -9999 -9999 -9999 -9999 -9999 -9999 -9999 -9999 -9999 -9999 -9999 -9999 -9999 -9999 -9999 9.36156E-3 1.25529E-2 2.08742E-1 2.57349E-1 1.88504E-1 8.53669E-2 2.00077E-1 9.77784E-2 9.08797E-2 1.28435E-1 1.65283E-1 1.75069E-1 2.01543E-1 2.23545E-1 2.37499E-1 2.3863E-1 2.18627E-1 2.02495E-1 1.89855E-1 1.67716E-1 1.35684E-1 1.59445E-1 1.71038E-1 1.51645E-1 1.45572E-1 1.49027E-1 1.64902E-1 1.91336E-1 1.99677E-1 2.04978E-1 1.93696E-1 1.95571E-1 1.96566E-1 2.01574E-1 2.60566E-1 2.82824E-1 3.57553E-1 3.21597E-1 3.11137E-1 3.52729E-1 3.84108E-1 3.4368E-1 3.15273E-1 3.56181E-1
-9999 5.31584E-2 2.93851E-2 5.00033E-2 8.49964E-2 -9999 -9999 -9999 -9999 -9999 -9999 -9999 -9999 -9999 -9999 -9999 -9999 -9999 -9999 -9999 -9999 9.59393E-3 1.17257E-2 3.05964E-2 8.32526E-2 2.36586E-1 3.91493E-2 3.58866E-1 8.27667E-2 1.15215E-1 1.15864E-1 1.31602E-1 1.55183E-1 1.63622E-1 1.80155E-1 1.9077E-1 1.94233E-1 1.9953E-1 1.90809E-1 1.83939E-1 1.64176E-1 1.43046E-1 1.39837E-1 1.777E-1 1.9001E-1 1.86958E-1 1.56366E-1 1.39064E-1 1.51941E-1 1.75771E-1 1.76419E-1 1.82413E-1 1.887E-1 1.88875E-1 1.95837E-1 2.12193E-1 2.34616E-1 2.94484E-1 3.46869E-1 3.46366E-1 3.24461E-1 3.39693E-1 3.79651E-1 4.49251E-1 4.47411E-1 3.68992E-1
-9999 -9999 -9999 -9999 -9999 -9999 -9999 -9999 -9999 -9999 -9999 -9999 -9999 -9999 -9999 -9999 -9999 -9999 -9999 -9999 -9999 -9999 1.41572E-2 1.69226E-2 9.26917E-2 1.23122E-1 1.38604E-1 3.43059E-1 6.27455E-2 1.01889E-1 1.1239E-1 1.23235E-1 1.42559E-1 1.57713E-1 1.68187E-1 1.66057E-1 1.50296E-1 1.49695E-1 1.52377E-1 1.59576E-1 1.46568E-1 1.29416E-1 1.50714E-1 1.83779E-1 2.05757E-1 2.36392E-1 1.41437E-1 1.26934E-1 1.42611E-1 1.55134E-1 1.6209E-1 1.72419E-1 1.79035E-1 1.77901E-1 1.83745E-1 1.98558E-1 2.30331E-1 2.39712E-1 2.83581E-1 3.04628E-1 3.57217E-1 4.27525E-1 4.14733E-1 4.20177E-1 4.67783E-1 3.74135E-1
-9999 -9999 -9999 -9999 -9999 -9999 -9999 -9999 -9999 -9999 -9999 -9999 -9999 -9999 -9999 -9999 -9999 -9999 -9999 -9999 -9999 6.93223E-3 6.93737E-3 1.1294E-2 1.14805E-2 1.07013E-1 1.3989E-1 2.79077E-1 7.69674E-2 9.21869E-2 1.04429E-1 1.13234E-1 1.19791E-1 1.31564E-1 1.36681E-1 1.2886E-1 1.00029E-1 1.11247E-1 1.15171E-1 1.28108E-1 1.29034E-1 1.3836E-1 1.61059E-1 1.88131E-1 2.06814E-1 1.88354E-1 1.30809E-1 1.21412E-1 1.38862E-1 1.45039E-1 1.57773E-1 1.72473E-1 1.73482E-1 1.59639E-1 1.78465E-1 2.17709E-1 2.26043E-1 2.37104E-1 2.52136E-1 2.90563E-1 3.53366E-1 4.32795E-1 5.00185E-1 4.22597E-1 3.78454E-1 4.12141E-1
-9999 -9999 -9999 -9999 -9999 -9999 -9999 -9999 -9999 -9999 -9999 -9999 -9999 -9999 -9999 -9999 -9999 -9999 -9999 -9999 -9999 -9999 4.96456E-3 3.44478E-3 1.53784E-2 7.39477E-2 1.77242E-1 1.02296E-1 9.81638E-2 9.81197E-2 9.8434E-2 1.00877E-1 1.04042E-1 1.05129E-1 1.00511E-1 8.937E-2 9.14801E-2 1.07032E-1 1.20652E-1 1.32562E-1 1.38519E-1 1.50808E-1 1.7627E-1 1.9919E-1 2.11041E-1 1.77338E-1 1.25531E-1 1.45428E-1 1.64696E-1 1.72817E-1 1.76812E-1 1.8581E-1 2.03896E-1 2.1123E-1 2.55679E-1 2.46053E-1 2.50327E-1 2.5756E-1 2.61227E-1 2.99919E-1 3.96165E-1 4.6433E-1 5.969E-1 5.33809E-1 4.59045E-1 4.21187E-1
-9999 -9999 -9999 -9999 -9999 -9999 -9999 -9999 -9999 -9999 -9999 -9999 -9999 -9999 -9999 -9999 -9999 -9999 -9999 -9999 -9999 -9999 -9999 6.31891E-3 3.13236E-2 1.45076E-1 1.99493E-1 8.04397E-2 1.05221E-1 1.17366E-1 1.17346E-1 1.19335E-1 1.08968E-1 1.01832E-1 9.04728E-2 8.84801E-2 1.07557E-1 1.24338E-1 1.47211E-1 1.58498E-1 1.64739E-1 1.648E-1 1.82486E-1 1.96168E-1 2.06424E-1 2.07377E-1 1.93037E-1 1.96341E-1 1.93676E-1 1.96736E-1 2.01297E-1 2.09821E-1 2.38353E-1 2.71484E-1 3.55728E-1 3.21355E-1 2.90367E-1 2.79235E-1 2.86593E-1 3.41855E-1 3.73819E-1 4.94208E-1 5.71218E-1 6.42648E-1 6.09378E-1 4.64203E-1
