final project/Practice/maxentOut/species_4_maxentOut_novel.asc
ncols         186
nrows         192
xllcorner     -125.0
yllcorner     -56.0
cellsize      0.5
NODATA_value  -9999
[rows 0 to 28 of 192, columns 0 to 65 of 186]
-9999 1.36643E1 1.18588E1 8.86336E0 8.00164E0 1.00533E0 1.82602E0 4.43168E0 1.53878E0 7.18096E-1 9.43783E-1 1.27206E0 1.6824E0 2.09274E0 3.30324E0 1.04432E1 9.56094E0 9.84817E0 9.56094E0 8.59663E0 8.86336E0 1.10792E1 5.5396E0 2.72876E0 2.83135E0 5.88839E0 1.18999E0 1.43619E-1 5.25236E0 7.11941E0 4.06237E0 5.58063E0 7.4682E0 5.02667E0 3.52893E0 8.00164E-1 1.43619E0 5.12926E-1 1.84653E-1 9.643E0 1.89577E1 1.04432E1 7.67337E0 9.49938E0 5.5396E0 5.12926E0 4.22651E0 4.22651E0 3.63151E0 3.50841E0 3.50841E0 3.03652E0 2.83135E0 3.50841E0 3.63151E0 3.50841E0 3.69307E0 5.12926E0 5.5396E0 6.85269E0 9.49938E0 1.30283E1 1.04432E1 1.04432E1 1.41978E1 1.15101E1
-9999 -9999 1.70291E1 1.28231E1 6.48338E0 1.37464E0 9.02749E-1 2.72876E0 5.47805E0 5.12926E-1 8.20681E-1 3.69307E0 2.19532E0 3.93927E0 8.18629E0 8.59663E0 9.56094E0 7.32458E0 9.84817E0 6.27821E0 5.27288E0 1.12844E1 2.72876E0 3.03652E0 1.47723E0 6.48338E0 9.31473E0 3.36479E0 7.7144E0 4.51375E0 1.06689E1 6.85269E0 5.5396E0 1.27E1 2.0517E0 1.10792E0 2.25687E-1 1.02585E-1 5.94994E-1 2.58515E0 1.13254E1 1.43209E1 1.30693E1 1.09561E1 6.48338E0 5.88839E0 3.63151E0 3.50841E0 3.15962E0 2.72876E0 3.15962E0 2.50308E0 2.09274E0 1.55929E0 2.19532E0 2.50308E0 3.69307E0 4.51375E0 5.12926E0 5.5396E0 6.48338E0 8.69922E0 7.67337E0 8.69922E0 1.04432E1 1.04432E1
-9999 -9999 1.9245E1 1.73984E1 1.15101E1 1.6824E0 9.643E-1 1.47723E0 3.93927E0 1.18999E0 7.38613E-1 7.5913E-1 5.80632E0 3.93927E0 6.27821E0 9.25318E0 2.37998E0 1.05868E1 9.643E0 1.04637E1 9.31473E0 1.37669E1 5.88839E0 2.37998E0 3.93927E0 9.93024E0 4.37013E0 9.54042E0 7.7144E0 9.643E-1 1.37464E0 6.48338E0 9.93024E0 1.36233E1 1.05868E1 7.38613E-1 2.87238E-1 5.12926E-1 9.43783E-1 1.99015E0 1.33976E1 1.40336E1 7.4682E0 4.22651E0 3.93927E0 4.22651E0 2.37998E0 2.19532E0 2.01067E0 2.09274E0 2.50308E0 2.09274E0 2.09274E0 2.09274E0 2.09274E0 2.37998E0 3.93927E0 5.12926E0 5.12926E0 5.5396E0 6.48338E0 6.48338E0 6.85269E0 7.67337E0 6.85269E0 7.67337E0
-9999 -9999 -9999 2.09069E1 1.98195E1 1.42388E1 4.22651E0 2.50308E0 1.45671E0 4.88305E0 4.51375E-1 2.66721E-1 3.69307E-1 5.68322E0 4.34961E0 5.21133E0 7.24251E0 3.22117E0 3.36479E0 3.75462E0 1.15101E1 1.40747E1 1.28437E1 5.12926E0 1.16947E1 3.52893E0 2.72876E0 1.19409E1 2.37998E0 2.19532E0 2.01067E0 1.40747E1 1.15716E1 6.68855E0 2.93394E0 6.56545E-1 5.94994E-1 1.02585E0 2.72876E0 8.59663E0 6.85269E0 2.72876E0 2.19532E0 2.09274E0 2.19532E0 2.50308E0 2.37998E0 2.37998E0 2.37998E0 2.19532E0 2.01067E0 1.6824E0 1.53878E0 1.82602E0 2.37998E0 2.72876E0 3.15962E0 3.63151E0 3.69307E0 3.69307E0 3.93927E0 4.22651E0 4.75995E0 6.48338E0 5.5396E0 5.88839E0
-9999 -9999 -9999 2.25277E1 2.13377E1 1.42388E1 1.04432E1 1.53878E0 9.02749E-1 1.55929E0 2.37998E0 2.87238E-1 3.89824E-1 6.36028E-1 4.71892E0 4.71892E0 5.5396E0 1.96963E0 2.99549E0 3.22117E0 3.22117E0 4.88305E0 1.49979E1 1.69881E1 5.02667E0 5.49856E0 8.59663E0 6.48338E0 1.82602E0 2.19532E0 1.62085E1 1.5039E1 1.20845E1 2.0517E0 2.46204E-1 1.23102E-1 3.89824E-1 3.11859E0 5.02667E0 2.46204E0 1.82602E1 4.22651E0 2.19532E0 2.37998E0 3.03652E0 2.19532E0 1.55929E0 1.6824E0 2.09274E0 2.37998E0 2.09274E0 1.6824E0 1.53878E0 1.47723E0 1.55929E0 2.37998E0 3.15962E0 2.83135E0 3.03652E0 3.30324E0 3.30324E0 4.22651E0 4.51375E0 5.5396E0 5.88839E0 6.48338E0
-9999 -9999 -9999 -9999 -9999 1.83012E1 1.42388E1 2.09274E0 8.82232E-1 6.77062E-1 1.53878E0 2.25687E0 2.25687E-1 1.06689E0 3.15962E0 2.01067E0 2.37998E0 3.95979E0 3.50841E0 1.53878E0 1.53878E0 1.31309E0 2.01067E0 3.69307E0 1.27206E0 1.63521E1 3.63151E0 2.01067E0 9.643E-1 1.53878E0 1.55929E0 1.31309E0 6.48338E0 1.06689E1 7.98112E0 3.52893E0 9.43783E-1 1.72343E0 4.63685E0 1.62085E0 1.20845E1 1.90603E1 8.69922E0 8.69922E0 3.69307E0 2.37998E0 1.55929E0 1.55929E0 1.53878E0 1.47723E0 1.45671E0 1.47723E0 1.37464E0 1.37464E0 1.31309E0 1.55929E0 2.37998E0 2.19532E0 2.37998E0 3.03652E0 3.63151E0 4.75995E0 6.85269E0 7.67337E0 8.69922E0 8.69922E0
-9999 -9999 -9999 -9999 -9999 1.69676E1 1.30283E1 6.85269E0 9.02749E-1 6.15511E-1 4.51375E-1 1.45671E0 1.27206E0 8.00164E-1 1.6824E0 2.0517E-2 2.0517E-2 6.15511E-1 8.82232E-1 2.50308E0 -1.66205E0 -1.38504E0 1.02585E0 2.01067E0 2.01067E0 7.61182E0 3.63151E0 2.83135E0 7.67337E0 5.12926E0 2.01067E0 6.85269E0 2.72876E0 3.93927E0 9.49938E0 1.05868E1 5.68322E0 1.84653E0 6.68855E0 1.62085E0 1.27E1 1.51416E1 2.09274E1 8.69922E0 3.63151E0 2.72876E0 1.82602E0 1.37464E0 1.37464E0 1.31309E0 1.0874E0 9.643E-1 9.02749E-1 9.643E-1 1.00533E0 1.2105E0 1.82602E0 2.01067E0 1.82602E0 2.50308E0 3.50841E0 6.85269E0 9.49938E0 5.88839E0 3.93927E0 4.22651E0
-9999 -9999 -9999 -9999 -9999 -9999 1.42388E1 1.10792E1 2.37998E0 3.28272E-1 3.28272E-1 5.5396E-1 8.59663E0 8.82232E-1 3.30324E0 7.38613E-1 -5.81717E0 -1.38504E0 5.12926E0 1.84653E-1 -3.3241E0 -4.43213E0 1.45671E0 3.50841E0 2.83135E0 1.69471E1 5.88839E0 3.15962E0 5.12926E0 1.29873E1 5.88839E0 1.6229E1 1.2105E1 4.75995E0 1.11407E1 1.3213E1 6.68855E0 1.3213E1 1.06689E1 4.04185E0 1.80755E1 1.99426E1 1.73164E1 6.48338E0 3.93927E0 3.30324E0 2.09274E0 1.47723E0 1.47723E0 1.45671E0 1.47723E0 1.0874E0 1.00533E0 1.02585E0 1.37464E0 1.31309E0 1.45671E0 1.55929E0 1.82602E0 2.37998E0 3.50841E0 5.88839E0 6.48338E0 6.48338E0 3.30324E0 3.15962E0
-9999 -9999 -9999 -9999 -9999 -9999 -9999 9.37628E0 6.85269E0 7.5913E-1 3.28272E-1 2.87238E-1 2.50308E0 6.64752E0 2.87238E-1 -8.31025E-1 -5.26316E0 -6.37119E0 3.89824E-1 5.5396E-1 -1.93906E0 2.87238E-1 1.55929E0 3.69307E0 1.55314E1 1.89372E1 1.78703E1 1.0874E0 3.03652E0 6.85269E0 1.28437E1 1.55929E1 1.389E1 1.2105E1 1.10997E1 1.29052E1 1.43209E1 1.94296E1 7.98112E0 1.43209E1 1.99836E1 7.67337E0 3.93927E0 3.63151E0 3.03652E0 3.03652E0 2.09274E0 1.55929E0 1.6824E0 1.45671E0 1.37464E0 1.00533E0 1.02585E0 1.31309E0 1.37464E0 1.47723E0 1.45671E0 1.55929E0 1.82602E0 1.82602E0 3.03652E0 4.51375E0 6.85269E0 6.48338E0 5.12926E0 3.69307E0
-9999 -9999 -9999 -9999 -9999 -9999 -9999 7.3451E0 1.10792E1 1.10792E1 2.83135E0 6.36028E-1 1.31309E0 5.5396E0 8.20681E-2 2.0517E-2 -2.77008E-1 -7.20222E0 1.84653E-1 1.0874E0 -3.3241E0 5.5396E-1 1.53878E0 5.88839E0 6.48338E0 2.09274E1 1.23923E1 5.88839E0 1.55929E0 3.30324E0 4.22651E0 1.37874E1 1.65367E1 1.3213E1 1.54904E1 1.47107E1 3.50841E0 1.81165E1 1.87115E1 1.8055E1 5.12926E0 2.83135E0 2.09274E0 2.01067E0 3.30324E0 3.30324E0 3.03652E0 2.72876E0 1.55929E0 1.02585E0 9.643E-1 1.02585E0 9.643E-1 1.2105E0 1.37464E0 1.53878E0 1.45671E0 1.6824E0 1.55929E0 1.53878E0 1.47723E0 1.6824E0 2.19532E0 2.09274E0 2.01067E0 2.83135E0
-9999 -9999 -9999 -9999 -9999 -9999 -9999 -9999 7.3451E0 7.3451E0 1.10792E1 1.04637E1 1.33566E1 1.47723E0 6.15511E-1 2.87238E-1 8.20681E-2 -4.15512E0 -3.60111E0 -1.93906E0 -6.37119E0 -3.87812E0 5.5396E-1 2.37998E0 5.5396E0 3.03652E0 3.15962E0 1.77677E1 1.30283E1 3.63151E0 3.63151E0 1.30283E1 1.59828E1 1.47517E1 1.58391E1 5.5396E0 2.50308E0 1.90808E1 1.68445E1 1.30283E1 3.63151E0 3.69307E0 3.69307E0 4.51375E0 4.22651E0 4.22651E0 3.30324E0 1.6824E0 9.643E-1 6.77062E-1 6.77062E-1 7.18096E-1 9.02749E-1 1.00533E0 1.0874E0 1.31309E0 1.6824E0 1.55929E0 1.82602E0 2.01067E0 2.37998E0 3.30324E0 3.15962E0 2.83135E0 2.19532E0 2.50308E0
-9999 -9999 -9999 -9999 -9999 -9999 -9999 -9999 -9999 7.3451E0 7.3451E0 7.3451E0 1.10792E1 1.42388E1 1.30283E1 2.50308E0 9.56094E0 2.0517E-2 -6.6482E0 -8.31025E0 -7.20222E0 -8.58726E0 -5.26316E0 2.0517E-2 1.0874E0 1.55929E0 1.2105E0 8.69922E0 1.99836E1 2.16249E1 1.69471E1 1.65367E1 1.40747E1 1.27E1 1.55929E1 1.43824E1 3.50841E0 1.30283E1 1.85269E1 8.69922E0 2.83135E0 2.09274E0 3.15962E0 3.63151E0 3.30324E0 3.69307E0 3.15962E0 2.72876E0 9.02749E-1 6.77062E-1 6.36028E-1 6.15511E-1 5.5396E-1 6.77062E-1 9.02749E-1 1.2105E0 1.45671E0 1.47723E0 1.55929E0 1.6824E0 2.37998E0 3.30324E0 3.30324E0 2.50308E0 2.37998E0 2.50308E0
-9999 -9999 -9999 -9999 -9999 -9999 -9999 -9999 -9999 5.6627E0 5.6627E0 -9999 -9999 1.10792E1 1.69676E1 2.72876E0 2.01067E0 -1.66205E0 -2.49307E0 -6.6482E0 -9.41828E0 -8.58726E0 -5.81717E0 -2.77008E0 -2.77008E0 -4.43213E0 -8.31025E-1 7.38613E-1 2.72876E0 7.67337E0 1.65367E1 1.06689E1 1.33976E1 1.28437E1 1.55929E1 1.59828E1 2.01067E0 5.88839E0 1.87115E1 1.41978E1 1.6824E0 1.47723E0 3.50841E0 4.22651E0 3.63151E0 3.30324E0 2.72876E0 2.09274E0 1.0874E0 6.77062E-1 5.5396E-1 6.15511E-1 5.5396E-1 6.77062E-1 7.5913E-1 1.00533E0 1.31309E0 1.53878E0 1.47723E0 1.47723E0 1.6824E0 2.09274E0 2.37998E0 2.19532E0 2.37998E0 2.72876E0
-9999 -9999 -9999 -9999 -9999 -9999 -9999 -9999 -9999 -9999 1.6824E0 2.46204E0 3.40583E0 9.37628E0 1.42799E1 1.5675E1 6.85269E0 -8.31025E-1 -9.14127E0 -7.47922E0 -8.86427E0 -5.81717E0 -5.54017E0 -7.47922E0 -8.03324E0 -6.37119E0 -6.37119E0 2.0517E-2 7.5913E-1 9.643E-1 6.85269E0 8.69922E0 2.09274E1 1.69471E1 1.90193E1 2.83135E0 4.51375E0 1.47723E0 2.09274E1 1.95527E1 2.19532E0 1.37464E0 3.15962E0 3.50841E0 3.03652E0 2.50308E0 2.37998E0 1.37464E0 8.82232E-1 6.77062E-1 6.15511E-1 7.18096E-1 6.77062E-1 7.5913E-1 7.18096E-1 1.00533E0 1.02585E0 1.37464E0 1.37464E0 1.37464E0 1.47723E0 2.01067E0 2.01067E0 2.37998E0 2.37998E0 2.37998E0
-9999 -9999 -9999 -9999 -9999 -9999 -9999 -9999 -9999 -9999 -9999 -9999 6.15511E-1 6.15511E-1 -9999 1.10792E1 1.04432E1 1.02585E0 -6.92521E0 -1.10803E1 -9.14127E0 -7.47922E0 -7.47922E0 -7.75623E0 -6.37119E0 -3.3241E0 -6.92521E0 -1.66205E0 6.36028E-1 2.50308E0 1.0874E0 9.02749E-1 3.30324E0 2.08248E1 1.73164E1 2.19532E0 2.72876E0 9.643E-1 2.30611E1 1.90808E1 3.30324E0 1.37464E0 1.82602E0 2.37998E0 1.55929E0 1.45671E0 1.47723E0 1.37464E0 1.0874E0 8.00164E-1 8.00164E-1 9.02749E-1 8.00164E-1 7.38613E-1 8.82232E-1 8.82232E-1 8.82232E-1 9.643E-1 1.02585E0 1.31309E0 1.47723E0 1.6824E0 2.01067E0 2.37998E0 2.19532E0 2.09274E0
-9999 -9999 -9999 -9999 -9999 -9999 -9999 -9999 -9999 -9999 -9999 -9999 -9999 -9999 -9999 7.3451E0 1.42388E1 1.70291E1 6.77062E-1 -6.6482E0 -6.92521E0 -3.60111E0 -1.38504E0 -2.77008E0 -1.66205E0 -1.66205E0 -1.10803E0 2.0517E-2 1.0874E0 1.82602E0 1.55929E0 1.2105E0 1.37464E0 1.82602E0 1.37464E0 1.45671E0 1.55929E0 1.02585E0 3.15962E0 2.72876E0 1.28437E1 1.02585E0 1.0874E0 1.31309E0 1.45671E0 1.31309E0 1.31309E0 1.37464E0 1.31309E0 1.45671E0 1.37464E0 1.2105E0 1.2105E0 1.0874E0 7.18096E-1 7.38613E-1 8.00164E-1 7.5913E-1 9.643E-1 1.31309E0 1.55929E0 1.55929E0 1.82602E0 2.01067E0 2.09274E0 2.09274E0
-9999 -9999 -9999 -9999 -9999 -9999 -9999 -9999 -9999 -9999 -9999 -9999 -9999 -9999 -9999 -9999 1.10792E1 1.47107E1 1.19409E1 1.02585E-1 -1.66205E0 2.0517E-2 1.64136E-1 8.20681E-2 2.0517E-2 -2.77008E-1 6.77062E-1 1.02585E0 2.83135E0 2.19532E0 2.01067E0 5.5396E0 2.09274E0 1.00533E0 6.77062E-1 6.77062E-1 7.38613E-1 8.00164E-1 2.01067E0 1.0874E0 3.15962E0 1.2105E0 6.36028E-1 6.77062E-1 9.643E-1 1.0874E0 1.37464E0 1.47723E0 1.31309E0 9.643E-1 1.00533E0 1.00533E0 1.2105E0 1.0874E0 8.82232E-1 7.38613E-1 7.5913E-1 7.5913E-1 9.02749E-1 1.2105E0 1.47723E0 1.55929E0 1.82602E0 1.82602E0 2.01067E0 2.19532E0
-9999 -9999 -9999 -9999 -9999 -9999 -9999 -9999 -9999 -9999 -9999 -9999 -9999 -9999 -9999 -9999 9.37628E0 1.12844E1 1.52031E1 2.50308E0 3.28272E-1 2.0517E-1 8.82232E-1 6.15511E-1 1.02585E-1 1.43619E-1 6.36028E-1 1.55929E0 3.30324E0 3.15962E0 1.55929E0 9.02749E-1 2.37998E0 3.89824E-1 2.87238E-1 1.64136E-1 1.84653E-1 6.77062E-1 9.643E-1 2.50308E0 2.37998E0 1.6824E0 6.77062E-1 5.5396E-1 6.36028E-1 8.00164E-1 1.45671E0 1.45671E0 1.2105E0 1.00533E0 9.643E-1 9.643E-1 1.00533E0 1.2105E0 9.643E-1 7.5913E-1 7.38613E-1 8.00164E-1 9.02749E-1 1.2105E0 1.45671E0 1.53878E0 2.01067E0 2.37998E0 2.37998E0 2.50308E0
-9999 -9999 -9999 -9999 -9999 -9999 -9999 -9999 -9999 -9999 -9999 -9999 -9999 -9999 -9999 -9999 -9999 6.93476E0 1.03406E1 1.34797E1 7.5913E-1 -9999 -9999 3.28272E-1 1.02585E-1 2.0517E-2 2.0517E-2 4.51375E-1 1.31309E0 1.53878E0 1.37464E0 6.77062E-1 1.31309E0 6.77062E-1 8.00164E-1 2.0517E-1 1.64136E-1 8.82232E-1 2.83135E0 2.83135E0 1.53878E0 7.67337E0 3.50841E0 1.45671E0 1.45671E0 1.45671E0 1.37464E0 1.53878E0 1.37464E0 1.37464E0 1.2105E0 1.31309E0 1.00533E0 1.2105E0 1.02585E0 8.00164E-1 8.00164E-1 8.00164E-1 9.643E-1 1.2105E0 1.55929E0 1.82602E0 2.09274E0 2.50308E0 2.50308E0 2.72876E0
-9999 -9999 -9999 -9999 -9999 -9999 -9999 -9999 -9999 -9999 -9999 -9999 -9999 -9999 -9999 -9999 -9999 5.12926E0 3.15962E0 3.69307E0 1.0874E0 -9999 -9999 -9999 2.87238E-1 5.5396E-1 6.77062E-1 6.77062E-1 9.02749E-1 9.643E-1 9.643E-1 5.5396E-1 2.37998E0 7.67337E0 1.53878E0 7.38613E-1 7.38613E-1 1.0874E0 2.37998E0 2.83135E0 2.83135E0 4.22651E0 6.48338E0 4.75995E0 3.93927E0 1.55929E0 1.0874E0 1.2105E0 1.2105E0 1.55929E0 1.82602E0 2.19532E0 1.6824E0 1.31309E0 9.02749E-1 8.82232E-1 8.00164E-1 7.38613E-1 1.2105E0 1.53878E0 1.82602E0 2.19532E0 2.83135E0 3.15962E0 3.30324E0 3.63151E0
-9999 -9999 -9999 -9999 -9999 -9999 -9999 -9999 -9999 -9999 -9999 -9999 -9999 -9999 -9999 -9999 -9999 -9999 1.6824E0 1.53878E0 2.19532E0 9.02749E-1 6.36028E-1 6.15511E-1 1.64136E-1 4.51375E-1 8.82232E-1 7.38613E-1 4.51375E-1 2.87238E-1 4.10341E-2 2.0517E-2 3.03652E0 2.86007E1 1.73164E1 3.50841E0 3.63151E0 3.15962E0 2.19532E0 2.19532E0 4.51375E-1 6.77062E-1 1.45671E0 1.37464E0 1.0874E0 9.643E-1 7.38613E-1 7.38613E-1 1.02585E0 1.6824E0 2.19532E0 1.6824E0 1.47723E0 1.0874E0 7.5913E-1 8.82232E-1 9.02749E-1 1.00533E0 1.55929E0 2.72876E0 2.83135E0 3.30324E0 3.93927E0 4.51375E0 4.51375E0 4.75995E0
-9999 -9999 -9999 -9999 -9999 -9999 -9999 -9999 -9999 -9999 -9999 -9999 -9999 7.38613E-1 -9999 -9999 -9999 -9999 -9999 9.643E-1 1.0874E0 2.50308E0 1.02585E0 6.77062E-1 4.10341E-2 1.84653E-1 2.0517E-2 4.10341E-2 2.0517E-2 2.0517E-2 -1.93906E0 -1.38504E0 1.00533E0 3.29093E1 2.86007E1 1.73164E1 2.67747E1 4.51375E0 1.53878E0 1.53878E0 8.00164E-1 7.38613E-1 6.36028E-1 8.00164E-1 2.37998E0 4.22651E0 1.53878E0 6.77062E-1 6.77062E-1 8.82232E-1 8.00164E-1 7.5913E-1 7.5913E-1 7.5913E-1 7.5913E-1 8.82232E-1 1.0874E0 1.45671E0 2.19532E0 3.50841E0 4.75995E0 -9999 -9999 -9999 -9999 -9999
-9999 -9999 -9999 -9999 -9999 -9999 -9999 -9999 -9999 -9999 -9999 -9999 -9999 8.61715E-1 -9999 -9999 -9999 -9999 -9999 -9999 7.5913E-1 9.02749E-1 2.50308E0 6.77062E-1 2.87238E-1 2.0517E-1 2.0517E-2 2.0517E-2 8.20681E-2 2.0517E-2 -2.49307E0 5.5396E-1 3.50841E0 3.70948E1 2.68773E1 2.47846E1 2.49692E1 8.69922E0 1.37464E0 1.31309E0 1.31309E0 2.83135E0 2.72876E0 7.38613E-1 3.15962E0 8.69922E0 2.50308E0 7.5913E-1 3.28272E-1 4.51375E-1 5.5396E-1 5.5396E-1 5.5396E-1 6.36028E-1 7.5913E-1 1.02585E0 2.01067E0 2.83135E0 3.03652E0 3.30324E0 -9999 -9999 -9999 -9999 -9999 -9999
-9999 -9999 -9999 -9999 -9999 -9999 -9999 -9999 -9999 -9999 -9999 -9999 -9999 -9999 -9999 -9999 -9999 -9999 2.56463E0 2.85187E0 -9999 7.5913E-1 1.45671E0 1.6824E0 5.5396E-1 4.10341E-2 4.10341E-2 5.33443E-1 6.15511E-1 1.02585E-1 -2.21607E0 6.36028E-1 3.63151E0 4.01108E1 3.016E1 3.06319E1 2.26508E1 5.88839E0 1.6824E0 1.0874E0 2.50308E0 2.50308E0 2.83135E0 3.30324E0 4.22651E0 1.30283E1 1.02585E0 4.51375E-1 1.64136E-1 8.20681E-2 1.02585E-1 1.02585E-1 2.87238E-1 6.36028E-1 8.00164E-1 1.6824E0 3.63151E0 3.69307E0 -9999 -9999 -9999 -9999 -9999 -9999 -9999 -9999
-9999 -9999 -9999 -9999 -9999 -9999 -9999 -9999 -9999 -9999 -9999 -9999 -9999 -9999 -9999 -9999 -9999 -9999 -9999 2.50308E0 2.72876E0 1.31309E0 8.00164E-1 1.02585E0 7.18096E-1 2.0517E-1 -9999 3.69307E-1 2.87238E-1 1.02585E-1 -1.38504E0 2.0517E-2 7.18096E-1 6.85269E0 3.12885E1 3.29093E1 2.08248E1 3.69307E0 3.03652E0 1.55929E0 2.01067E0 2.50308E0 3.93927E0 3.15962E0 8.69922E0 9.49938E0 2.09274E0 2.0517E-2 2.0517E-2 4.10341E-2 2.0517E-2 1.02585E-1 5.5396E-1 6.77062E-1 1.00533E0 2.72876E0 3.93927E0 -9999 -9999 -9999 -9999 -9999 -9999 -9999 -9999 -9999
-9999 -9999 -9999 -9999 -9999 -9999 -9999 -9999 -9999 -9999 -9999 -9999 -9999 -9999 -9999 -9999 -9999 -9999 -9999 -9999 3.15962E0 1.82602E0 1.45671E0 6.77062E-1 9.643E-1 6.15511E-1 1.02585E-1 -9999 1.43619E-1 2.0517E-2 -8.31025E-1 -3.04709E0 1.64136E-1 2.09274E0 1.30283E1 3.62946E1 3.04883E1 3.69307E0 3.69307E0 2.09274E0 1.6824E0 3.63151E0 5.88839E0 3.93927E0 1.04432E1 4.75995E0 1.45671E0 1.02585E-1 4.10341E-2 4.10341E-2 2.0517E-2 8.20681E-2 6.15511E-1 6.36028E-1 1.31309E0 2.83135E0 -9999 -9999 -9999 -9999 -9999 -9999 -9999 -9999 -9999 -9999
-9999 -9999 -9999 -9999 -9999 -9999 -9999 -9999 -9999 -9999 -9999 -9999 -9999 -9999 -9999 -9999 -9999 -9999 -9999 -9999 -9999 1.31309E0 1.31309E0 7.5913E-1 1.45671E0 2.19532E0 6.77062E-1 5.5396E-1 -9999 -9999 1.64136E-1 2.0517E-2 -1.10803E0 2.0517E-2 1.37464E0 4.83997E1 4.05211E1 2.91752E1 9.49938E0 2.83135E0 1.6824E0 1.47723E0 2.50308E0 3.30324E0 3.63151E0 2.19532E0 2.19532E0 1.6824E0 8.00164E-1 5.5396E-1 2.0517E-2 1.43619E-1 4.51375E-1 6.77062E-1 1.45671E0 3.93927E0 -9999 -9999 -9999 -9999 -9999 -9999 -9999 -9999 -9999 -9999
-9999 -9999 -9999 -9999 -9999 -9999 -9999 -9999 -9999 -9999 -9999 -9999 -9999 -9999 -9999 -9999 -9999 -9999 -9999 -9999 -9999 -9999 -9999 -9999 1.00533E0 1.45671E0 1.37464E0 6.77062E-1 -9999 -9999 -9999 2.0517E-2 2.0517E-2 1.84653E-1 1.31309E0 2.26508E1 3.86541E1 3.06114E1 2.48872E1 6.48338E0 2.37998E0 1.2105E0 1.2105E0 1.45671E0 1.55929E0 4.22651E0 6.48338E0 3.50841E0 2.83135E0 1.47723E0 5.5396E-1 2.0517E-2 1.43619E-1 6.77062E-1 1.37464E0 3.63151E0 -9999 -9999 -9999 -9999 -9999 -9999 -9999 -9999 -9999 -9999
-9999 -9999 -9999 -9999 -9999 -9999 -9999 -9999 -9999 -9999 -9999 -9999 -9999 -9999 -9999 -9999 -9999 -9999 -9999 -9999 -9999 -9999 -9999 -9999 -9999 8.82232E-1 1.00533E0 8.82232E-1 5.5396E-1 -9999 -9999 1.64136E-1 1.64136E-1 2.0517E-2 6.77062E-1 3.50841E0 4.52811E1 3.43045E1 3.32786E1 4.22651E0 3.15962E0 1.6824E0 1.0874E0 6.77062E-1 1.00533E0 1.53878E0 3.15962E0 4.22651E0 1.41978E1 1.82602E0 2.87238E-1 4.10341E-2 4.51375E-1 7.18096E-1 1.2105E0 2.50308E0 -9999 -9999 -9999 -9999 -9999 -9999 -9999 -9999 -9999 -9999
