final project/Practice/maxentOut/species_maxentOut_avg.asc
ncols         186
nrows         192
xllcorner     -125.0
yllcorner     -56.0
cellsize      0.5
NODATA_value  -9999
[rows 87 to 115 of 192, columns 66 to 131 of 186]
-9999 -9999 -9999 -9999 -9999 -9999 -9999 -9999 -9999 -9999 -9999 -9999 -9999 -9999 -9999 -9999 -9999 -9999 -9999 -9999 -9999 -9999 1.08065E-3 4.0976E-3 3.67119E-2 3.19846E-1 9.03568E-2 3.91257E-2 4.47763E-2 5.64073E-2 5.66087E-2 5.55301E-2 5.87411E-2 5.5331E-2 5.01206E-2 5.04843E-2 5.97645E-2 6.52406E-2 7.17468E-2 7.76836E-2 8.06488E-2 8.01422E-2 8.39911E-2 8.39944E-2 9.06728E-2 9.58338E-2 9.72069E-2 9.05572E-2 9.07741E-2 9.5539E-2 1.00363E-1 1.0936E-1 1.13926E-1 1.36958E-1 1.54198E-1 1.34774E-1 1.21211E-1 1.19662E-1 1.28862E-1 1.51211E-1 1.73966E-1 1.87407E-1 2.2614E-1 2.39078E-1 2.24604E-1 1.94877E-1
-9999 -9999 -9999 -9999 -9999 -9999 -9999 -9999 -9999 -9999 -9999 -9999 -9999 -9999 -9999 -9999 -9999 -9999 -9999 -9999 -9999 7.95422E-4 1.84667E-3 4.08031E-3 3.44859E-2 2.74721E-1 8.77184E-2 3.38016E-2 4.68376E-2 6.64449E-2 6.7228E-2 6.651E-2 6.35829E-2 6.23241E-2 6.34189E-2 6.07235E-2 6.46055E-2 7.72414E-2 7.54595E-2 7.75092E-2 7.68275E-2 6.8409E-2 7.03178E-2 8.15021E-2 9.0344E-2 9.37565E-2 9.18362E-2 9.10874E-2 9.11036E-2 9.84454E-2 1.04347E-1 1.16532E-1 1.22216E-1 1.30894E-1 1.30489E-1 1.29955E-1 1.18235E-1 1.22915E-1 1.24678E-1 1.41096E-1 1.44912E-1 1.51885E-1 1.67172E-1 1.74146E-1 1.45129E-1 1.43881E-1
-9999 -9999 -9999 -9999 -9999 -9999 -9999 -9999 -9999 -9999 -9999 -9999 -9999 -9999 -9999 -9999 -9999 -9999 -9999 -9999 -9999 5.59453E-4 4.45373E-4 7.41315E-4 1.43667E-1 2.68085E-1 9.99649E-2 4.08385E-2 4.99224E-2 7.27392E-2 7.77652E-2 7.43118E-2 7.02298E-2 7.16983E-2 8.0159E-2 8.63662E-2 7.63415E-2 7.10679E-2 7.42498E-2 7.66564E-2 7.4468E-2 6.93383E-2 6.90973E-2 8.07802E-2 8.89281E-2 9.65801E-2 9.58208E-2 9.64532E-2 9.6112E-2 1.0259E-1 1.15007E-1 1.21064E-1 1.27004E-1 1.31427E-1 1.31023E-1 1.31403E-1 1.30374E-1 1.23611E-1 1.22608E-1 1.24966E-1 1.31194E-1 1.57028E-1 1.53156E-1 1.50775E-1 1.21318E-1 1.15082E-1
-9999 -9999 -9999 -9999 -9999 -9999 -9999 -9999 -9999 -9999 -9999 -9999 -9999 -9999 -9999 -9999 -9999 -9999 -9999 -9999 -9999 3.95442E-4 2.43802E-4 3.50338E-4 2.39091E-2 1.92885E-1 3.43069E-2 3.15744E-2 4.31656E-2 5.51617E-2 6.71058E-2 7.79918E-2 7.73749E-2 7.10821E-2 8.20076E-2 9.54192E-2 8.04093E-2 6.47473E-2 7.43582E-2 7.33251E-2 7.48819E-2 7.25955E-2 7.54903E-2 8.2971E-2 9.21437E-2 1.03991E-1 1.05159E-1 9.86271E-2 1.00156E-1 1.04366E-1 1.15665E-1 1.23044E-1 1.28018E-1 1.28611E-1 1.26481E-1 1.24356E-1 1.20334E-1 1.21242E-1 1.235E-1 1.23661E-1 1.30416E-1 1.39796E-1 1.36243E-1 1.32725E-1 1.07479E-1 9.55317E-2
-9999 -9999 -9999 -9999 -9999 -9999 -9999 -9999 -9999 -9999 -9999 -9999 -9999 -9999 -9999 -9999 -9999 -9999 -9999 -9999 -9999 1.8633E-3 1.04007E-3 3.61914E-4 2.97593E-3 1.71744E-1 1.87018E-2 9.88258E-2 2.01901E-1 3.72049E-2 4.95986E-2 7.0519E-2 6.26619E-2 7.4635E-2 9.79394E-2 8.77342E-2 7.36486E-2 6.42726E-2 6.89607E-2 7.56256E-2 7.6765E-2 7.71407E-2 7.77359E-2 8.37081E-2 9.16428E-2 9.85114E-2 1.01469E-1 9.74458E-2 9.84905E-2 1.0457E-1 1.10806E-1 1.20598E-1 1.24421E-1 1.23463E-1 1.20804E-1 1.08487E-1 1.03173E-1 1.11545E-1 1.16651E-1 1.26271E-1 1.31941E-1 1.35158E-1 1.16642E-1 1.12938E-1 9.05798E-2 7.12615E-2
-9999 -9999 -9999 -9999 -9999 -9999 -9999 -9999 -9999 -9999 -9999 -9999 -9999 -9999 -9999 -9999 -9999 -9999 -9999 -9999 -9999 2.30008E-3 1.58837E-3 1.46685E-3 9.29958E-4 1.1835E-1 1.4836E-1 1.11873E-1 2.02776E-1 1.93454E-1 3.93446E-2 4.16192E-2 4.38853E-2 6.0712E-2 7.52988E-2 6.70842E-2 5.75967E-2 6.40439E-2 6.82196E-2 7.73098E-2 7.78738E-2 7.71959E-2 8.14434E-2 8.18829E-2 8.45708E-2 8.56255E-2 9.14688E-2 9.41638E-2 9.31985E-2 1.00026E-1 1.05339E-1 1.08284E-1 1.14304E-1 1.14417E-1 1.19055E-1 9.79205E-2 9.34226E-2 9.55637E-2 9.91116E-2 1.05581E-1 1.09608E-1 1.09125E-1 9.63507E-2 8.83187E-2 6.69637E-2 5.98106E-2
-9999 -9999 -9999 -9999 -9999 -9999 -9999 -9999 -9999 -9999 -9999 -9999 -9999 -9999 -9999 -9999 -9999 -9999 -9999 -9999 -9999 -9999 3.27088E-3 1.89614E-3 2.15612E-3 1.4949E-2 2.72926E-2 1.48123E-1 1.72847E-1 1.25404E-1 1.75998E-2 1.27576E-2 2.66936E-2 4.37339E-2 4.84696E-2 4.77873E-2 5.19286E-2 6.39002E-2 6.90599E-2 7.64711E-2 7.6347E-2 7.90339E-2 7.83013E-2 8.48453E-2 8.17162E-2 7.61207E-2 8.24288E-2 9.03992E-2 8.86974E-2 9.2981E-2 9.6942E-2 9.8856E-2 9.71469E-2 9.79045E-2 1.00745E-1 9.29182E-2 8.44736E-2 8.00006E-2 7.96045E-2 8.44624E-2 9.12645E-2 8.89967E-2 7.95523E-2 6.37842E-2 5.18231E-2 4.59271E-2
-9999 -9999 -9999 -9999 -9999 -9999 -9999 -9999 -9999 -9999 -9999 -9999 -9999 -9999 -9999 -9999 -9999 -9999 -9999 -9999 -9999 -9999 -9999 -9999 2.17539E-3 4.02321E-3 5.69447E-2 9.88125E-2 1.43007E-1 1.38051E-1 2.58884E-2 1.89015E-2 2.50226E-2 3.49125E-2 3.33723E-2 4.22882E-2 5.20429E-2 6.36259E-2 7.10023E-2 7.55938E-2 7.21765E-2 7.33994E-2 8.09257E-2 8.71774E-2 8.22916E-2 7.53964E-2 7.87373E-2 8.18366E-2 8.4228E-2 8.72511E-2 9.1467E-2 8.96836E-2 8.13642E-2 7.61606E-2 8.45426E-2 8.27732E-2 7.45408E-2 6.50994E-2 6.21597E-2 6.52918E-2 6.91403E-2 7.09983E-2 6.39127E-2 5.13673E-2 3.92185E-2 3.39562E-2
-9999 -9999 -9999 -9999 -9999 -9999 -9999 -9999 -9999 -9999 -9999 -9999 -9999 -9999 -9999 -9999 -9999 -9999 -9999 -9999 -9999 -9999 -9999 -9999 6.01101E-3 7.86506E-3 4.07006E-2 5.49012E-2 6.94671E-2 1.21213E-1 5.23172E-2 2.87935E-2 2.8782E-2 3.64014E-2 3.61728E-2 4.18711E-2 4.91286E-2 6.04448E-2 6.79576E-2 6.91256E-2 6.67469E-2 6.69948E-2 7.85103E-2 8.2685E-2 7.73009E-2 7.16111E-2 7.05158E-2 7.14386E-2 7.76936E-2 8.01995E-2 8.28251E-2 8.67689E-2 7.71916E-2 6.86418E-2 7.77977E-2 7.41483E-2 6.82407E-2 5.60228E-2 5.07465E-2 5.10552E-2 5.58869E-2 5.71038E-2 5.53987E-2 4.48793E-2 3.36226E-2 2.6374E-2
-9999 -9999 -9999 -9999 -9999 -9999 -9999 -9999 -9999 -9999 -9999 -9999 -9999 -9999 -9999 -9999 -9999 -9999 -9999 -9999 -9999 -9999 -9999 -9999 -9999 1.58229E-2 3.85151E-2 4.495E-3 8.69485E-3 6.86954E-2 1.34395E-1 5.40405E-2 3.18791E-2 3.74808E-2 3.66639E-2 3.71067E-2 4.44541E-2 5.40878E-2 6.3771E-2 6.45994E-2 6.47853E-2 6.86371E-2 7.30041E-2 7.22644E-2 7.20823E-2 6.40298E-2 5.85562E-2 6.03188E-2 6.62864E-2 7.26449E-2 7.06296E-2 7.44934E-2 7.79163E-2 7.26869E-2 7.08632E-2 6.79764E-2 6.70061E-2 6.01635E-2 4.93881E-2 4.77523E-2 4.56568E-2 4.16197E-2 3.72069E-2 3.24367E-2 2.564E-2 2.06678E-2
-9999 -9999 -9999 -9999 -9999 -9999 -9999 -9999 -9999 -9999 -9999 -9999 -9999 -9999 -9999 -9999 -9999 -9999 -9999 -9999 -9999 -9999 -9999 -9999 -9999 -9999 2.13083E-2 3.07292E-2 3.85977E-3 3.57216E-2 7.22027E-2 6.03775E-2 4.28842E-2 5.42028E-2 4.15336E-2 3.46517E-2 3.87452E-2 4.67649E-2 5.17112E-2 5.56171E-2 5.90243E-2 6.2862E-2 6.75692E-2 6.53437E-2 6.07198E-2 5.59001E-2 4.5477E-2 5.02158E-2 5.83567E-2 6.43862E-2 6.36601E-2 5.9875E-2 6.43345E-2 6.66912E-2 6.6123E-2 6.21544E-2 6.28455E-2 6.0205E-2 4.86651E-2 4.03962E-2 3.29113E-2 3.05258E-2 2.69743E-2 2.21782E-2 1.87279E-2 1.58513E-2
-9999 -9999 -9999 -9999 -9999 -9999 -9999 -9999 -9999 -9999 -9999 -9999 -9999 -9999 -9999 -9999 -9999 -9999 -9999 -9999 -9999 -9999 -9999 -9999 -9999 -9999 1.69624E-2 2.35533E-2 2.75729E-3 2.67874E-2 4.90624E-2 1.09205E-1 6.86589E-2 6.28373E-2 3.57286E-2 3.94483E-2 4.01277E-2 4.22455E-2 4.95446E-2 5.1316E-2 5.1743E-2 5.34712E-2 5.73146E-2 5.82151E-2 5.41573E-2 4.77024E-2 4.04524E-2 4.73803E-2 5.79083E-2 5.98978E-2 6.01739E-2 5.45834E-2 4.7028E-2 5.35851E-2 5.9602E-2 6.07147E-2 6.08688E-2 5.48581E-2 4.441E-2 3.11556E-2 2.37384E-2 1.72051E-2 1.64054E-2 1.53371E-2 1.38117E-2 1.19024E-2
-9999 -9999 -9999 -9999 -9999 -9999 -9999 -9999 -9999 -9999 -9999 -9999 -9999 -9999 -9999 -9999 -9999 -9999 -9999 -9999 -9999 -9999 -9999 -9999 -9999 -9999 -9999 1.97809E-2 3.08139E-2 3.13821E-3 4.62495E-2 5.74202E-2 6.64127E-2 5.69608E-2 3.97699E-2 4.11192E-2 4.38169E-2 4.44176E-2 4.78803E-2 4.74851E-2 4.61013E-2 5.00217E-2 5.03835E-2 4.95156E-2 4.5043E-2 4.35569E-2 4.52912E-2 5.39725E-2 5.72444E-2 5.8184E-2 5.31742E-2 4.86813E-2 3.60233E-2 3.99861E-2 5.01031E-2 5.53903E-2 5.3445E-2 4.19024E-2 2.9114E-2 1.57549E-2 1.12224E-2 9.6604E-3 1.01686E-2 1.17876E-2 1.21011E-2 1.06291E-2
-9999 -9999 -9999 -9999 -9999 -9999 -9999 -9999 -9999 -9999 -9999 -9999 -9999 -9999 -9999 -9999 -9999 -9999 -9999 -9999 -9999 -9999 -9999 -9999 -9999 -9999 -9999 1.65494E-2 3.09881E-2 3.64557E-2 8.1888E-3 8.90911E-2 9.57444E-2 7.94844E-2 4.9983E-2 5.35886E-2 4.37526E-2 4.0047E-2 4.18021E-2 4.20944E-2 4.46124E-2 4.60261E-2 4.32793E-2 4.05265E-2 3.43194E-2 3.59601E-2 4.39485E-2 5.34803E-2 5.31894E-2 5.21809E-2 4.52389E-2 3.87972E-2 3.22295E-2 3.10537E-2 3.73445E-2 4.52248E-2 4.46396E-2 3.45272E-2 2.13562E-2 8.63125E-3 7.15682E-3 9.9131E-3 1.0037E-2 1.15723E-2 1.30764E-2 1.11938E-2
-9999 -9999 -9999 -9999 -9999 -9999 -9999 -9999 -9999 -9999 -9999 -9999 -9999 -9999 -9999 -9999 -9999 -9999 -9999 -9999 -9999 -9999 -9999 -9999 -9999 -9999 -9999 -9999 1.94007E-2 3.97304E-2 8.04249E-2 2.1288E-2 1.22275E-1 2.04681E-1 1.05236E-1 9.06704E-2 3.3614E-2 3.62497E-2 3.88328E-2 3.84026E-2 4.28073E-2 4.35895E-2 4.22641E-2 3.82263E-2 2.86784E-2 2.51417E-2 3.08028E-2 4.5422E-2 4.54203E-2 3.94966E-2 3.25718E-2 2.48986E-2 2.73973E-2 1.97404E-2 2.63888E-2 3.45893E-2 3.24457E-2 2.58999E-2 1.54023E-2 1.20545E-2 9.56811E-3 1.20494E-2 1.2947E-2 1.55361E-2 1.56772E-2 1.28565E-2
-9999 -9999 -9999 -9999 -9999 -9999 -9999 -9999 -9999 -9999 -9999 -9999 -9999 -9999 -9999 -9999 -9999 -9999 -9999 -9999 -9999 -9999 -9999 -9999 -9999 -9999 -9999 -9999 1.33238E-2 2.00366E-2 5.96447E-2 1.57244E-2 7.57587E-2 1.38052E-1 1.74036E-1 5.65907E-2 3.34927E-2 3.02255E-2 3.77578E-2 3.59944E-2 3.97769E-2 4.54324E-2 4.40601E-2 3.90286E-2 3.14688E-2 2.51139E-2 2.45827E-2 3.14268E-2 3.38798E-2 2.75716E-2 2.11627E-2 1.71594E-2 1.98524E-2 1.75195E-2 1.81058E-2 2.20032E-2 2.11738E-2 1.7387E-2 1.42706E-2 1.38667E-2 1.54399E-2 1.78335E-2 2.27446E-2 2.32693E-2 2.24057E-2 1.63733E-2
-9999 -9999 -9999 -9999 -9999 -9999 -9999 -9999 -9999 -9999 -9999 -9999 -9999 -9999 -9999 -9999 -9999 -9999 -9999 -9999 -9999 -9999 -9999 -9999 -9999 -9999 -9999 -9999 1.45661E-2 1.24735E-2 2.86645E-2 7.40724E-3 4.54825E-2 1.05116E-2 7.97258E-2 7.61104E-2 8.41988E-2 2.27946E-2 3.25817E-2 3.56091E-2 4.65443E-2 5.29574E-2 5.47955E-2 4.24388E-2 3.43675E-2 2.66516E-2 2.66692E-2 2.71395E-2 2.6187E-2 5.01263E-3 1.76312E-2 3.59846E-3 1.57764E-2 1.45552E-2 1.24956E-2 1.42194E-2 1.39433E-2 1.21512E-2 1.15198E-2 1.62663E-2 1.80471E-2 2.10543E-2 3.17978E-2 3.56949E-2 6.46374E-3 5.13079E-3
-9999 -9999 -9999 -9999 -9999 -9999 -9999 -9999 -9999 -9999 -9999 -9999 -9999 -9999 -9999 -9999 -9999 -9999 -9999 -9999 -9999 -9999 -9999 -9999 -9999 -9999 -9999 -9999 -9999 1.02284E-2 1.06418E-2 3.94784E-2 6.7096E-3 4.17E-2 5.35541E-2 6.94171E-2 6.43827E-2 5.37413E-2 2.47945E-2 6.91536E-2 6.63029E-2 6.54366E-2 7.1882E-2 6.55171E-2 4.86403E-2 3.47492E-2 3.18933E-2 2.9371E-2 6.15512E-3 4.89199E-3 3.99265E-3 1.53421E-2 3.19236E-3 1.1629E-2 9.19466E-3 8.2905E-3 8.99109E-3 8.86628E-3 9.39968E-3 1.62304E-2 2.40933E-2 2.35661E-2 3.55699E-2 1.18081E-2 9.98557E-3 6.75143E-3
-9999 -9999 -9999 -9999 -9999 -9999 -9999 -9999 -9999 -9999 -9999 -9999 -9999 -9999 -9999 -9999 -9999 -9999 -9999 -9999 -9999 -9999 -9999 -9999 -9999 -9999 -9999 -9999 -9999 -9999 7.16123E-3 1.9719E-2 4.42957E-2 5.34734E-3 3.75154E-2 3.58724E-2 5.26868E-2 3.61955E-2 4.08868E-2 5.62111E-2 1.25554E-1 7.29861E-2 1.04303E-1 9.95499E-2 7.62172E-2 5.29369E-2 9.96864E-3 8.69841E-3 6.62151E-3 2.15945E-2 1.68206E-2 3.34316E-3 2.6641E-3 2.48149E-3 1.73129E-3 1.44363E-3 7.20537E-3 7.55457E-3 7.89097E-3 1.10402E-2 1.57309E-2 2.74055E-2 5.1857E-2 1.98261E-2 1.48746E-2 1.05882E-2
-9999 -9999 -9999 -9999 -9999 -9999 -9999 -9999 -9999 -9999 -9999 -9999 -9999 -9999 -9999 -9999 -9999 -9999 -9999 -9999 -9999 -9999 -9999 -9999 -9999 -9999 -9999 -9999 -9999 -9999 6.69908E-3 6.25651E-3 1.97383E-2 3.9015E-3 4.39189E-3 2.37387E-2 3.01543E-2 3.77303E-2 4.81749E-3 1.14495E-2 2.3774E-3 1.22704E-1 3.04033E-1 1.32087E-1 9.7258E-2 7.25786E-2 5.50602E-2 4.17506E-2 3.3394E-2 2.32844E-2 4.26148E-3 3.28188E-3 2.60632E-3 9.57295E-3 2.11933E-3 1.76041E-3 1.84794E-3 1.76982E-3 9.41627E-3 2.55365E-3 1.59847E-2 1.76989E-2 3.56095E-2 4.64697E-2 6.01259E-2 1.34144E-2
-9999 -9999 -9999 -9999 -9999 -9999 -9999 -9999 -9999 -9999 -9999 -9999 -9999 -9999 -9999 -9999 -9999 -9999 -9999 -9999 -9999 -9999 -9999 -9999 -9999 -9999 -9999 -9999 -9999 -9999 -9999 7.11687E-3 4.36502E-3 2.23175E-2 2.8424E-3 2.85501E-3 1.81778E-2 2.66176E-3 2.0209E-3 9.64947E-3 1.01665E-3 4.2322E-4 5.87175E-4 8.46659E-2 3.82983E-1 1.99543E-1 6.83059E-2 4.95054E-2 3.50325E-2 2.38792E-2 4.41397E-3 3.64515E-3 2.93817E-3 1.141E-2 2.48821E-3 2.34145E-3 9.49536E-3 1.93989E-3 2.12578E-3 1.38605E-2 1.62812E-2 1.80607E-2 1.01818E-2 3.15811E-2 5.66009E-2 1.50449E-2
-9999 -9999 -9999 -9999 -9999 -9999 -9999 -9999 -9999 -9999 -9999 -9999 -9999 -9999 -9999 -9999 -9999 -9999 -9999 -9999 -9999 -9999 -9999 -9999 -9999 -9999 -9999 -9999 -9999 -9999 -9999 5.9629E-3 2.24808E-3 3.6065E-3 1.6936E-2 2.27755E-3 2.84229E-3 1.45981E-2 1.20769E-3 5.12194E-3 5.41579E-4 1.47691E-3 1.78716E-4 2.98364E-4 2.78094E-3 3.61973E-1 4.10026E-1 1.50625E-1 3.29437E-2 5.25614E-3 4.38072E-3 4.03394E-3 3.629E-3 3.2875E-3 3.10704E-3 1.219E-2 2.32533E-3 8.95048E-3 2.01093E-3 1.12739E-2 1.1834E-2 1.33422E-2 1.02509E-2 2.2798E-2 2.55917E-2 1.45482E-2
-9999 -9999 -9999 -9999 -9999 -9999 -9999 -9999 -9999 -9999 -9999 -9999 -9999 -9999 -9999 -9999 -9999 -9999 -9999 -9999 -9999 -9999 -9999 -9999 -9999 -9999 -9999 -9999 -9999 -9999 -9999 -9999 4.91522E-3 1.77161E-3 5.63854E-3 1.94875E-2 2.96789E-3 2.11646E-2 6.47028E-4 4.41436E-4 2.93343E-4 1.55188E-4 7.62571E-5 2.52501E-4 9.65239E-4 2.43929E-3 3.73605E-1 2.96405E-1 4.20235E-2 2.40837E-2 4.84837E-3 5.00262E-3 5.55448E-3 4.53711E-3 4.0251E-3 1.4406E-2 1.08099E-2 9.31305E-3 8.79915E-3 7.66875E-3 9.8407E-3 1.0373E-2 1.6392E-2 2.4306E-2 6.04146E-3 3.31033E-2
-9999 -9999 -9999 -9999 -9999 -9999 -9999 -9999 -9999 -9999 -9999 -9999 -9999 -9999 -9999 -9999 -9999 -9999 -9999 -9999 -9999 -9999 -9999 -9999 -9999 -9999 -9999 -9999 -9999 -9999 -9999 -9999 -9999 4.07284E-3 3.23013E-3 8.75927E-3 2.15793E-2 1.46136E-2 5.7387E-4 3.29576E-4 2.43916E-4 1.77581E-4 2.3234E-4 6.59566E-4 4.70703E-3 5.68591E-3 1.22377E-1 1.17287E-1 5.82511E-2 4.54203E-2 2.55845E-2 2.63964E-2 6.45276E-3 6.4377E-3 4.93685E-3 4.12451E-3 1.2576E-2 8.35535E-3 6.79542E-3 7.51252E-3 8.64501E-3 9.46075E-3 9.78563E-3 1.19619E-2 1.14721E-2 1.44382E-2
-9999 -9999 -9999 -9999 -9999 -9999 -9999 -9999 -9999 -9999 -9999 -9999 -9999 -9999 -9999 -9999 -9999 -9999 -9999 -9999 -9999 -9999 -9999 -9999 -9999 -9999 -9999 -9999 -9999 -9999 -9999 -9999 -9999 -9999 1.0954E-2 1.18584E-2 1.13524E-2 1.29018E-2 6.88799E-3 5.71511E-3 2.19475E-4 2.04436E-4 3.99862E-4 1.29265E-3 1.47005E-2 1.3514E-2 3.03579E-2 2.87657E-2 8.6468E-2 8.87384E-2 6.55182E-2 3.31474E-2 7.59408E-3 7.56609E-3 2.95602E-2 2.43632E-2 1.61657E-2 7.72632E-3 7.86613E-3 9.96284E-3 1.01137E-2 9.69727E-3 2.7049E-2 2.90464E-2 3.52538E-3 5.96154E-3
-9999 -9999 -9999 -9999 -9999 -9999 -9999 -9999 -9999 -9999 -9999 -9999 -9999 -9999 -9999 -9999 -9999 -9999 -9999 -9999 -9999 -9999 -9999 -9999 -9999 -9999 -9999 -9999 -9999 -9999 -9999 -9999 -9999 -9999 -9999 1.42606E-2 1.8502E-2 1.84336E-2 1.51592E-2 1.18892E-2 7.35186E-3 2.70648E-4 5.19772E-3 1.20871E-3 5.69509E-3 8.38929E-3 2.44953E-3 2.45344E-3 1.15138E-1 8.8382E-2 1.16055E-1 8.17831E-2 3.90935E-2 4.03775E-2 3.79989E-2 3.18506E-2 2.27867E-2 7.83892E-3 8.56247E-3 1.29275E-2 1.07408E-2 8.38184E-3 8.79061E-3 3.34344E-2 3.84436E-3 3.35198E-3
-9999 -9999 -9999 -9999 -9999 -9999 -9999 -9999 -9999 -9999 -9999 -9999 -9999 -9999 -9999 -9999 -9999 -9999 -9999 -9999 -9999 -9999 -9999 -9999 -9999 -9999 -9999 -9999 -9999 -9999 -9999 -9999 -9999 -9999 -9999 -9999 -9999 1.29184E-2 1.45272E-2 1.64029E-2 1.20239E-2 9.49417E-3 6.91955E-3 5.50689E-4 1.0692E-3 1.63153E-3 8.20258E-4 5.17444E-4 6.97566E-3 3.41749E-2 5.23772E-2 7.62031E-2 8.93596E-2 4.87223E-2 4.66139E-2 3.80176E-2 2.86082E-2 1.3966E-2 6.47307E-3 7.12865E-3 8.23572E-3 9.23704E-3 1.15097E-2 1.32863E-2 1.20348E-2 2.78567E-2
-9999 -9999 -9999 -9999 -9999 -9999 -9999 -9999 -9999 -9999 -9999 -9999 -9999 -9999 -9999 -9999 -9999 -9999 -9999 -9999 -9999 -9999 -9999 -9999 -9999 -9999 -9999 -9999 -9999 -9999 -9999 -9999 -9999 -9999 -9999 -9999 -9999 -9999 -9999 1.13385E-2 1.4229E-2 1.18919E-2 9.07783E-3 5.05295E-3 3.17223E-4 3.29517E-4 2.43582E-4 1.67255E-4 1.99347E-4 3.95556E-4 1.62054E-3 9.8235E-3 4.78894E-2 7.86315E-2 6.34103E-2 4.17063E-2 3.13561E-2 1.06461E-2 5.27911E-3 4.29889E-3 4.28897E-3 5.27168E-3 7.92367E-3 1.5764E-2 1.58335E-2 8.18418E-3
-9999 -9999 -9999 -9999 -9999 -9999 -9999 -9999 -9999 -9999 -9999 -9999 -9999 -9999 -9999 -9999 -9999 -9999 -9999 -9999 -9999 -9999 -9999 -9999 -9999 -9999 -9999 -9999 -9999 -9999 -9999 -9999 -9999 -9999 -9999 -9999 -9999 -9999 -9999 -9999 -9999 1.34112E-2 7.54275E-3 6.26412E-3 1.67889E-4 1.4687E-4 1.32633E-4 1.06187E-4 1.22536E-4 1.03383E-4 2.12647E-4 1.6193E-3 5.36727E-4 5.61354E-4 4.48614E-2 8.84263E-2 5.92506E-2 1.13496E-2 3.15613E-3 2.7763E-3 2.78027E-3 3.18383E-3 4.71535E-3 8.47892E-3 8.43345E-3 9.61935E-3
