final project/Practice/maxentOut/species_3_maxentOut_clamping.asc
ncols         186
nrows         192
xllcorner     -125.0
yllcorner     -56.0
cellsize      0.5
NODATA_value  -9999
[rows 64 to 95 of 192, columns 72 to 143 of 186]
-9999 -9999 -9999 -9999 -9999 -9999 -9999 -9999 -9999 -9999 -9999 -9999 -9999 3.37789E-2 2.03242E-2 1.75302E-2 7.61721E-3 3.51751E-3 5.97809E-3 -9999 -9999 1.06252E-1 8.926E-2 6.46377E-2 1.06201E-1 3.53468E-2 2.7635E-2 2.5283E-1 4.08223E-1 3.8533E-2 4.75895E-1 0E0 0E0 0E0 2.23848E-3 5.68879E-3 2.54009E-2 3.0262E-2 2.03504E-2 3.54926E-3 2.37881E-3 1.63897E-3 2.03311E-3 1.79329E-3 2.58961E-3 5.57411E-3 1.29402E-2 1.60916E-2 2.20986E-2 1.2397E-2 7.30202E-3 2.85362E-3 1.51454E-3 1.80212E-3 1.20023E-2 1.56044E-2 2.65566E-2 3.78599E-2 5.32081E-2 6.19036E-2 7.92652E-2 -9999 -9999 -9999 -9999 -9999 -9999 -9999 -9999 -9999 -9999 -9999
-9999 -9999 -9999 -9999 -9999 -9999 -9999 -9999 -9999 -9999 -9999 -9999 -9999 1.96916E-2 2.11098E-2 2.3623E-2 1.55103E-2 9.29271E-3 -9999 -9999 -9999 1.83511E-1 1.31378E-1 1.01305E-1 2.27807E-1 0E0 0E0 3.37311E-2 5.18322E-2 4.50415E-2 5.30447E-1 2.67837E-2 0E0 0E0 6.71275E-3 6.25068E-3 1.17338E-2 5.14157E-3 3.85835E-3 3.3523E-3 3.12986E-3 2.89429E-3 4.22721E-3 2.98913E-3 2.69859E-3 2.21481E-3 5.34356E-3 1.16196E-2 9.56432E-2 3.402E-2 2.01089E-2 1.92914E-3 1.09804E-2 2.28842E-3 1.30996E-2 1.28575E-2 1.54503E-2 2.50569E-2 3.43832E-2 3.98022E-2 7.74507E-2 1.33423E-1 -9999 -9999 -9999 -9999 -9999 -9999 -9999 -9999 -9999 -9999
-9999 -9999 -9999 -9999 -9999 -9999 -9999 -9999 -9999 -9999 -9999 -9999 -9999 -9999 -9999 -9999 -9999 -9999 -9999 -9999 -9999 -9999 1.14887E-1 6.84751E-2 5.53142E-2 0E0 0E0 0E0 4.07462E-2 3.85203E-1 1.43691E-1 0E0 0E0 0E0 9.20168E-3 6.93994E-3 4.54149E-3 4.77088E-3 4.36495E-3 5.96109E-3 7.26838E-3 1.00825E-2 1.21346E-2 8.60571E-3 1.50292E-3 6.29188E-3 1.36527E-2 1.8026E-2 8.88055E-2 2.37537E-2 3.40299E-3 1.53892E-2 1.73342E-2 1.94766E-2 1.99438E-2 1.26397E-2 1.19642E-2 1.73309E-2 2.55157E-2 2.97581E-2 4.29614E-2 6.66625E-2 8.85253E-2 -9999 -9999 -9999 -9999 -9999 -9999 -9999 -9999 -9999
-9999 -9999 -9999 -9999 -9999 -9999 -9999 -9999 -9999 -9999 -9999 -9999 -9999 -9999 -9999 -9999 -9999 -9999 -9999 -9999 -9999 -9999 -9999 6.30997E-2 6.13643E-2 0E0 0E0 0E0 2.70131E-2 1.23215E-1 1.99619E-2 0E0 0E0 0E0 9.28068E-3 3.38862E-3 4.59843E-3 5.87866E-3 7.23662E-3 8.76574E-3 1.50581E-2 2.73298E-2 3.01016E-2 1.52431E-2 5.9055E-3 5.78076E-3 8.22037E-3 1.25424E-2 4.88186E-2 3.29507E-2 6.14298E-3 5.9435E-3 3.71204E-2 2.66045E-2 1.64579E-2 1.25098E-2 1.15899E-2 1.66211E-2 2.69037E-2 2.87343E-2 2.87367E-2 3.47608E-2 7.09823E-2 1.68151E-1 1.70595E-1 -9999 -9999 5.01577E-2 -9999 -9999 -9999 -9999
-9999 -9999 -9999 -9999 -9999 -9999 -9999 -9999 -9999 -9999 -9999 -9999 -9999 -9999 -9999 -9999 -9999 -9999 -9999 -9999 -9999 -9999 7.24933E-2 2.40069E-2 1.1198E-1 1.1087E-2 0E0 6.955E-2 2.55355E-2 2.39295E-2 0E0 0E0 0E0 8.21388E-3 3.85315E-3 3.45877E-3 4.85499E-3 6.64602E-3 9.01254E-3 1.48583E-2 3.02509E-2 3.79266E-2 2.60971E-2 1.50867E-2 7.9893E-3 4.89348E-3 7.38884E-3 0E0 2.55243E-2 3.5476E-2 4.43058E-2 5.70196E-2 4.29273E-2 2.13423E-2 0E0 0E0 1.25943E-2 1.61345E-2 2.83174E-2 4.55923E-2 4.48549E-2 4.00324E-2 4.75702E-2 1.18822E-1 1.54519E-1 9.32268E-2 5.45424E-2 3.99884E-2 3.92423E-2 4.48193E-2 5.86298E-2 6.341E-2
-9999 -9999 -9999 -9999 -9999 -9999 -9999 -9999 -9999 -9999 -9999 -9999 -9999 -9999 -9999 -9999 -9999 -9999 -9999 -9999 -9999 -9999 7.37872E-2 5.90261E-2 2.8586E-1 1.76113E-2 0E0 8.31192E-2 7.48386E-3 0E0 0E0 0E0 0E0 4.23363E-3 3.44418E-3 3.17937E-3 4.25193E-3 5.77277E-3 1.25894E-2 2.81499E-2 4.48607E-2 3.8549E-2 1.74204E-2 1.00304E-2 8.96514E-3 1.25851E-2 1.12289E-2 0E0 2.75631E-2 3.6083E-2 4.21931E-2 4.96119E-2 4.11206E-2 0E0 0E0 0E0 0E0 4.06773E-3 2.64168E-2 4.22444E-2 5.6513E-2 3.8578E-2 3.38087E-2 6.59132E-2 9.03336E-2 7.764E-2 4.40216E-2 3.59312E-2 3.27471E-2 3.09437E-2 3.22964E-2 4.69782E-2
-9999 -9999 -9999 -9999 -9999 -9999 -9999 -9999 -9999 -9999 -9999 -9999 -9999 -9999 -9999 -9999 -9999 -9999 -9999 -9999 -9999 -9999 -9999 7.19897E-2 4.67421E-2 0E0 0E0 5.79728E-2 4.79044E-3 0E0 0E0 1.00542E-2 3.60506E-3 3.36144E-3 3.75626E-3 3.12809E-3 3.39233E-3 5.34238E-3 1.01868E-2 1.69785E-2 2.86241E-2 1.55988E-1 1.12284E-1 1.20864E-2 5.84715E-3 3.38797E-2 1.06958E-2 1.34175E-2 1.76692E-2 0E0 2.91916E-2 2.48974E-2 1.84936E-2 1.08265E-2 0E0 0E0 0E0 1.83467E-3 1.94211E-2 2.85608E-2 5.50911E-2 4.16104E-2 4.28157E-2 4.53065E-2 3.81652E-2 6.12197E-2 4.09706E-2 3.69742E-2 3.32628E-2 2.62768E-2 2.59772E-2 3.56691E-2
-9999 -9999 -9999 -9999 -9999 -9999 -9999 -9999 -9999 -9999 -9999 -9999 -9999 -9999 -9999 -9999 -9999 -9999 -9999 -9999 -9999 -9999 1.49891E-1 1.13405E-1 4.04712E-2 0E0 0E0 0E0 3.83112E-3 0E0 0E0 4.47868E-3 4.78938E-3 2.75411E-3 2.85189E-3 3.22439E-3 3.27666E-3 4.74193E-3 3.77008E-2 5.58336E-2 7.33294E-2 9.8673E-2 1.08317E-1 3.50798E-2 5.06697E-2 4.73249E-2 1.22332E-2 0E0 0E0 1.47178E-2 1.58168E-2 1.23348E-2 1.06113E-2 8.75455E-3 7.56143E-3 1.00611E-2 2.22073E-3 2.02437E-3 2.78599E-3 1.92676E-2 4.19634E-2 4.47219E-2 4.05027E-2 2.79106E-2 3.03569E-2 4.05222E-2 3.76885E-2 3.37376E-2 2.59878E-2 2.13978E-2 2.38258E-2 3.0111E-2
-9999 -9999 -9999 -9999 -9999 -9999 -9999 -9999 -9999 -9999 -9999 -9999 -9999 -9999 3.45292E-2 -9999 -9999 -9999 -9999 -9999 -9999 -9999 -9999 2.2128E-1 1.94332E-2 0E0 2.43796E-2 3.87761E-3 0E0 4.24778E-2 5.70922E-3 6.03962E-3 4.64331E-3 3.88087E-3 3.50911E-3 3.23679E-3 2.16744E-2 2.46339E-2 3.17929E-2 4.08644E-2 4.68035E-2 5.61381E-2 6.33073E-2 6.53813E-2 4.87642E-2 1.75161E-2 1.41384E-2 1.17501E-2 0E0 1.04238E-2 1.16927E-2 9.99122E-3 9.98921E-3 1.01303E-2 2.40165E-3 6.11995E-3 8.97362E-3 1.09006E-2 1.371E-2 8.18936E-2 5.69342E-2 4.05921E-2 3.1267E-2 2.08593E-2 2.01433E-2 2.57449E-2 3.74685E-2 2.67462E-2 2.31528E-2 2.13142E-2 2.1275E-2 2.00206E-2
-9999 -9999 -9999 -9999 -9999 -9999 -9999 -9999 -9999 -9999 -9999 -9999 -9999 -9999 -9999 -9999 -9999 -9999 -9999 -9999 -9999 2.72669E-2 1.08672E-1 6.02871E-2 0E0 0E0 0E0 4.21276E-3 5.38016E-2 2.51707E-2 8.30769E-3 5.04949E-3 7.12589E-3 6.79563E-3 3.05896E-2 2.07778E-2 2.15254E-2 2.35887E-2 2.48587E-2 2.60402E-2 2.70269E-2 3.04225E-2 3.55341E-2 2.97471E-2 2.94933E-2 1.92101E-2 1.32881E-2 2.22314E-2 1.3451E-2 9.42085E-3 1.1485E-2 1.10381E-2 1.14268E-2 1.24895E-2 2.07754E-2 6.37146E-3 1.16643E-2 1.85101E-2 4.00376E-2 2.05531E-2 4.08458E-2 2.67066E-2 2.03504E-2 2.06582E-2 1.97967E-2 1.93447E-2 2.47541E-2 2.12058E-2 2.08903E-2 2.153E-2 1.90532E-2 1.53873E-2
-9999 -9999 -9999 -9999 -9999 -9999 -9999 -9999 -9999 -9999 -9999 -9999 -9999 -9999 -9999 -9999 -9999 -9999 -9999 -9999 3.88583E-2 4.05825E-2 2.29515E-2 2.20811E-2 0E0 0E0 0E0 0E0 0E0 6.50639E-3 6.87094E-3 1.52645E-2 1.19978E-2 6.75718E-2 4.13247E-2 3.11607E-2 2.32199E-2 2.16726E-2 2.06012E-2 2.00671E-2 1.97219E-2 1.85972E-2 1.56573E-2 1.49082E-2 1.52465E-2 1.76407E-2 1.97821E-2 2.59218E-2 1.39917E-2 4.49842E-3 9.43337E-3 1.28992E-2 1.34274E-2 1.47692E-2 4.09192E-3 7.41016E-3 1.02323E-2 8.33377E-2 1.41736E-2 7.92917E-3 2.94714E-2 1.67215E-2 1.64488E-2 1.91056E-2 1.67574E-2 1.43157E-2 1.59004E-2 1.68262E-2 1.88839E-2 1.8248E-2 1.64055E-2 1.47095E-2
-9999 -9999 -9999 -9999 -9999 -9999 -9999 -9999 -9999 -9999 -9999 -9999 -9999 -9999 -9999 -9999 -9999 -9999 -9999 -9999 5.03828E-2 3.77228E-2 2.48121E-2 0E0 0E0 0E0 0E0 0E0 8.29532E-3 1.21402E-2 1.42987E-2 2.55174E-2 5.01929E-2 5.95955E-2 4.39642E-2 2.49332E-2 2.17018E-2 2.17302E-2 1.9439E-2 1.65892E-2 1.59043E-2 1.2061E-2 9.45364E-3 6.74831E-3 8.00564E-3 1.53712E-2 1.87721E-2 1.51673E-2 1.40165E-2 1.47807E-2 1.53645E-2 1.58045E-2 1.59187E-2 2.03043E-2 2.91192E-2 5.66626E-3 5.62178E-2 3.46762E-2 5.15098E-2 2.47088E-2 2.21087E-2 1.79375E-2 1.78421E-2 1.43631E-2 1.27799E-2 7.24947E-3 9.65331E-3 1.35707E-2 1.61177E-2 1.71879E-2 1.66236E-2 1.58702E-2
-9999 -9999 -9999 -9999 -9999 -9999 -9999 -9999 -9999 -9999 -9999 -9999 -9999 -9999 -9999 -9999 -9999 -9999 -9999 5.55734E-2 2.60782E-2 4.0647E-2 3.14928E-2 0E0 0E0 0E0 0E0 2.30552E-2 1.42878E-2 1.30343E-2 1.40864E-2 1.76414E-2 2.85901E-2 3.26633E-2 2.70559E-2 2.09504E-2 2.18864E-2 1.89478E-2 1.72776E-2 1.5479E-2 1.35925E-2 1.17994E-2 9.90083E-3 6.09177E-3 9.02744E-3 1.58856E-2 1.13807E-2 1.45129E-2 1.68078E-2 1.83387E-2 2.3213E-2 3.27216E-2 2.81834E-2 2.28705E-2 1.8148E-2 7.21889E-2 6.63947E-2 4.43833E-2 2.69376E-2 1.80513E-2 1.92906E-2 1.40595E-2 1.54235E-2 1.17604E-2 1.0283E-2 5.33227E-3 1.1343E-3 1.06366E-2 1.36993E-2 1.572E-2 1.70184E-2 1.81327E-2
-9999 -9999 -9999 -9999 -9999 -9999 -9999 -9999 -9999 -9999 -9999 -9999 -9999 -9999 -9999 -9999 -9999 -9999 3.43664E-2 4.22285E-2 4.09959E-2 3.39288E-2 0E0 0E0 0E0 1.66271E-2 2.46583E-2 2.35553E-2 2.04038E-2 1.80817E-2 1.82083E-2 1.9642E-2 1.93788E-2 2.65437E-2 2.54192E-2 2.08184E-2 1.91006E-2 2.02975E-2 1.91173E-2 1.71314E-2 1.46105E-2 1.45146E-2 1.41724E-2 1.67771E-2 2.48713E-2 2.33868E-2 1.44006E-2 1.6961E-2 1.87936E-2 1.96391E-2 2.12048E-2 2.38623E-2 3.84205E-2 3.11367E-2 6.75343E-2 9.44958E-2 1.10404E-1 5.90188E-2 3.8263E-2 1.85164E-2 1.54758E-2 1.3647E-2 1.13524E-2 1.44088E-2 1.1108E-2 7.06513E-3 1.23607E-3 9.8258E-3 1.34179E-2 1.69259E-2 1.8177E-2 1.89079E-2
-9999 -9999 -9999 -9999 -9999 -9999 -9999 -9999 -9999 -9999 -9999 -9999 -9999 -9999 -9999 -9999 -9999 4.88498E-2 4.43394E-2 4.25964E-2 4.18662E-2 0E0 0E0 0E0 1.64683E-2 2.3477E-2 2.43783E-2 2.13913E-2 2.31391E-2 2.24443E-2 2.36117E-2 2.28469E-2 2.34353E-2 2.82208E-2 2.69184E-2 2.05963E-2 1.88301E-2 1.95749E-2 2.0593E-2 1.97311E-2 1.79331E-2 1.76078E-2 2.21266E-2 3.0954E-2 3.97533E-2 1.42056E-2 1.60878E-2 1.64061E-2 3.43323E-2 4.52733E-2 4.85812E-2 1.99469E-2 5.6195E-2 6.85933E-2 9.08377E-2 1.05081E-1 9.41484E-2 6.9284E-2 4.25846E-2 3.99162E-2 2.0156E-2 1.94194E-2 1.21504E-2 1.52804E-2 1.3777E-2 8.98179E-3 1.50456E-3 1.91394E-3 1.40066E-2 1.72944E-2 2.05921E-2 2.13909E-2
-9999 -9999 -9999 -9999 -9999 -9999 -9999 -9999 -9999 -9999 -9999 -9999 -9999 -9999 -9999 -9999 -9999 2.01172E-2 5.87068E-2 7.26781E-2 0E0 0E0 0E0 1.37595E-2 1.62303E-2 1.8938E-2 2.07901E-2 2.04905E-2 2.70854E-2 2.84653E-2 2.99375E-2 2.73778E-2 2.8241E-2 3.39359E-2 2.70512E-2 2.39978E-2 2.00038E-2 1.93102E-2 2.20374E-2 2.24975E-2 2.02737E-2 1.95463E-2 2.55109E-2 3.67067E-2 4.38178E-2 3.38445E-2 1.87687E-2 1.9118E-2 3.27002E-2 4.63388E-2 5.71615E-2 5.27231E-2 6.08116E-2 7.49979E-2 7.70616E-2 9.0799E-2 8.55976E-2 4.85563E-2 4.77636E-2 4.23979E-2 3.1858E-2 3.53553E-2 2.70543E-2 2.02496E-2 1.82257E-2 1.55799E-2 1.00531E-2 1.19855E-2 1.43457E-2 1.67219E-2 2.00698E-2 2.84459E-2
-9999 -9999 -9999 -9999 -9999 -9999 -9999 -9999 -9999 -9999 -9999 -9999 -9999 -9999 -9999 -9999 -9999 7.41457E-3 1.77381E-2 5.75953E-2 0E0 0E0 0E0 1.3918E-2 1.43096E-2 1.59219E-2 1.8494E-2 1.76829E-2 2.36729E-2 3.16636E-2 3.30143E-2 3.14792E-2 2.92801E-2 3.05855E-2 2.59653E-2 2.3665E-2 2.12299E-2 2.05576E-2 2.34083E-2 2.39221E-2 2.15643E-2 2.14015E-2 2.80643E-2 3.14741E-2 3.73309E-2 4.07686E-2 3.75635E-2 3.67106E-2 3.5157E-2 4.08548E-2 4.32418E-2 4.88886E-2 5.10455E-2 5.89862E-2 7.54023E-2 8.38309E-2 8.36824E-2 6.06492E-2 5.52357E-2 6.85754E-2 3.41341E-2 3.57195E-2 2.49338E-2 3.5105E-2 3.24865E-2 1.66591E-2 1.14646E-2 1.30036E-2 1.43731E-2 1.79766E-2 2.9315E-2 3.45558E-2
-9999 -9999 -9999 -9999 -9999 -9999 -9999 -9999 -9999 -9999 -9999 -9999 -9999 -9999 -9999 -9999 1.02122E-3 2.3406E-3 3.6184E-2 4.9389E-2 0E0 0E0 0E0 1.45415E-2 1.2533E-2 1.47732E-2 1.56466E-2 1.51351E-2 1.92903E-2 2.3815E-2 2.79838E-2 3.08205E-2 2.67055E-2 2.871E-2 3.11413E-2 2.66832E-2 2.3371E-2 2.47797E-2 2.61343E-2 2.57943E-2 2.41135E-2 2.33196E-2 2.36221E-2 2.8864E-2 2.90677E-2 3.25386E-2 3.09504E-2 3.29747E-2 3.31742E-2 3.35802E-2 4.25812E-2 4.5802E-2 6.84774E-2 5.94973E-2 5.77143E-2 7.08601E-2 8.20164E-2 6.63233E-2 5.46726E-2 6.84746E-2 6.27638E-2 6.53673E-2 5.63174E-2 6.2646E-2 5.57514E-2 3.02423E-2 1.41276E-2 1.3799E-2 1.56642E-2 1.92997E-2 2.28252E-2 2.35421E-2
-9999 -9999 -9999 -9999 -9999 -9999 -9999 -9999 -9999 -9999 -9999 -9999 -9999 -9999 -9999 1.63975E-3 1.94669E-3 3.12089E-3 9.5075E-3 0E0 0E0 0E0 1.64425E-2 1.66957E-2 1.47015E-2 1.46288E-2 1.50993E-2 1.48359E-2 1.63201E-2 1.98546E-2 2.5461E-2 3.13061E-2 3.15854E-2 3.08679E-2 2.77822E-2 2.70334E-2 2.45215E-2 2.73774E-2 2.92967E-2 2.95143E-2 2.49903E-2 2.22805E-2 2.23213E-2 2.40008E-2 2.17615E-2 2.28856E-2 2.56958E-2 2.74498E-2 3.30125E-2 3.73671E-2 4.01343E-2 5.15006E-2 6.31633E-2 6.55798E-2 6.219E-2 6.6952E-2 7.97287E-2 1.05775E-1 1.01019E-1 7.22905E-2 9.20163E-2 6.564E-2 7.49744E-2 9.62027E-2 1.08768E-1 8.2156E-2 3.57344E-2 2.15579E-2 1.64278E-2 1.97047E-2 2.29393E-2 4.66336E-2
-9999 -9999 -9999 -9999 -9999 -9999 -9999 -9999 -9999 -9999 -9999 -9999 -9999 -9999 -9999 -9999 3.08336E-3 1.14898E-3 6.13777E-4 0E0 0E0 0E0 1.3818E-2 1.55146E-2 1.35637E-2 1.29878E-2 1.4193E-2 1.46737E-2 1.67913E-2 2.06637E-2 2.40271E-2 2.63726E-2 2.62248E-2 2.84693E-2 2.62319E-2 2.34979E-2 2.44054E-2 2.75127E-2 3.14089E-2 3.59811E-2 2.34807E-2 2.06161E-2 2.15346E-2 2.10471E-2 1.99838E-2 2.07995E-2 2.35193E-2 2.52847E-2 3.21722E-2 3.44833E-2 4.02555E-2 4.04241E-2 4.86194E-2 5.50971E-2 7.21329E-2 9.50538E-2 9.0469E-2 9.1367E-2 1.1074E-1 7.18764E-2 6.99933E-2 8.21401E-2 9.28037E-2 1.23673E-1 1.22957E-1 1.07244E-1 5.25821E-2 4.01143E-2 3.72799E-2 5.56901E-2 8.90668E-2 8.5137E-2
-9999 -9999 -9999 -9999 -9999 -9999 -9999 -9999 -9999 -9999 -9999 -9999 -9999 -9999 -9999 9.50243E-4 7.6496E-4 1.89808E-3 1.17476E-3 1.76727E-2 0E0 0E0 8.83521E-3 1.05198E-2 1.1659E-2 1.2095E-2 1.16175E-2 1.27047E-2 1.51787E-2 2.20211E-2 2.06706E-2 2.02261E-2 1.92459E-2 2.20763E-2 2.22533E-2 2.25366E-2 2.46213E-2 2.71632E-2 2.96961E-2 2.98713E-2 2.33261E-2 2.03396E-2 2.0661E-2 1.90236E-2 1.90171E-2 1.89267E-2 2.16833E-2 3.07555E-2 3.5279E-2 4.13604E-2 3.96392E-2 4.18251E-2 4.36125E-2 5.24144E-2 6.83125E-2 9.49237E-2 1.20904E-1 8.96539E-2 7.52167E-2 8.56675E-2 8.55168E-2 9.42084E-2 1.03236E-1 1.90433E-1 2.72952E-1 1.21864E-1 4.71323E-2 3.01682E-2 3.37207E-2 4.66253E-2 6.89354E-2 5.82648E-2
-9999 -9999 -9999 -9999 -9999 -9999 -9999 -9999 -9999 -9999 -9999 -9999 -9999 -9999 -9999 -9999 8.5672E-4 4.30814E-4 3.64142E-3 0E0 0E0 0E0 1.00839E-2 9.16886E-3 9.54726E-3 9.97604E-3 1.00386E-2 1.05048E-2 1.17679E-2 1.55803E-2 1.86463E-2 1.8077E-2 1.87803E-2 1.93558E-2 1.82516E-2 2.00319E-2 2.43737E-2 2.57606E-2 2.7397E-2 2.55658E-2 2.25592E-2 2.12098E-2 2.11829E-2 2.0555E-2 1.97555E-2 1.964E-2 2.5133E-2 3.93889E-2 4.96001E-2 4.34842E-2 4.31887E-2 4.39574E-2 4.57491E-2 5.32551E-2 7.8938E-2 1.03614E-1 1.69725E-1 1.38553E-1 1.04438E-1 8.8469E-2 6.01891E-2 7.75242E-2 1.3568E-1 2.18246E-1 2.20088E-1 5.53565E-2 2.73981E-2 1.76039E-2 1.97538E-2 2.466E-2 2.94797E-2 2.8668E-2
-9999 -9999 -9999 -9999 -9999 -9999 -9999 -9999 -9999 -9999 -9999 -9999 -9999 -9999 -9999 -9999 -9999 6.37343E-4 1.07703E-2 0E0 0E0 0E0 9.31374E-3 1.08417E-2 1.02566E-2 1.02331E-2 9.57879E-3 9.47121E-3 9.91469E-3 1.19607E-2 1.66641E-2 1.86241E-2 2.03678E-2 2.06074E-2 1.99211E-2 1.88595E-2 2.19646E-2 2.38583E-2 2.42297E-2 2.50051E-2 2.43829E-2 2.3564E-2 2.16373E-2 2.17279E-2 2.19082E-2 2.28855E-2 3.38155E-2 5.1394E-2 6.89798E-2 5.65172E-2 4.78765E-2 4.71328E-2 4.88276E-2 6.2145E-2 7.11588E-2 1.16513E-1 1.6015E-1 2.04632E-1 1.81003E-1 1.06479E-1 7.0831E-2 7.38526E-2 9.20563E-2 1.05387E-1 1.06884E-1 6.17374E-2 2.61106E-2 1.47023E-2 1.5317E-2 1.69908E-2 1.93383E-2 2.01414E-2
-9999 -9999 -9999 -9999 -9999 -9999 -9999 -9999 -9999 -9999 -9999 -9999 -9999 -9999 -9999 -9999 9.2766E-5 4.2056E-4 0E0 0E0 0E0 1.51332E-3 8.5723E-3 1.6272E-2 1.56479E-2 1.29942E-2 1.26704E-2 9.82427E-3 1.11526E-2 1.27083E-2 1.7263E-2 2.01244E-2 1.86455E-2 1.92375E-2 2.07919E-2 1.95755E-2 2.1127E-2 2.01373E-2 2.17287E-2 2.28917E-2 2.39609E-2 2.18468E-2 2.1598E-2 2.34455E-2 2.53453E-2 3.4505E-2 3.99113E-2 5.72547E-2 6.73794E-2 5.69987E-2 4.9926E-2 4.71963E-2 5.1293E-2 6.38013E-2 7.77522E-2 8.7079E-2 1.13862E-1 1.22671E-1 1.11552E-1 8.75956E-2 5.93334E-2 5.50678E-2 5.68204E-2 7.27291E-2 5.32506E-2 4.61637E-2 2.49047E-2 1.64891E-2 1.29069E-2 1.43325E-2 1.46906E-2 1.44118E-2
-9999 -9999 -9999 -9999 -9999 -9999 -9999 -9999 -9999 -9999 -9999 -9999 -9999 -9999 -9999 0E0 0E0 9.63697E-5 0E0 0E0 0E0 4.28542E-3 9.45231E-3 2.42863E-2 2.3946E-2 2.04495E-2 1.61922E-2 1.51129E-2 1.71707E-2 1.73844E-2 1.76367E-2 2.48174E-2 1.93521E-2 1.85423E-2 1.73645E-2 1.42937E-2 1.50836E-2 1.81719E-2 2.0294E-2 2.07689E-2 2.03454E-2 2.04799E-2 2.11772E-2 2.46206E-2 2.8292E-2 3.76204E-2 4.53134E-2 5.43533E-2 5.40761E-2 5.37732E-2 4.42457E-2 4.5489E-2 4.31816E-2 5.79374E-2 5.89501E-2 6.04608E-2 6.92746E-2 7.40275E-2 5.62166E-2 5.39886E-2 4.91904E-2 4.87912E-2 4.28933E-2 4.1254E-2 3.47747E-2 4.578E-2 3.29299E-2 1.42199E-2 1.17606E-2 1.20862E-2 1.18493E-2 1.23618E-2
-9999 -9999 -9999 -9999 -9999 -9999 -9999 -9999 -9999 -9999 -9999 -9999 -9999 -9999 -9999 0E0 0E0 0E0 0E0 0E0 0E0 7.37135E-3 1.03964E-2 2.72609E-2 2.95059E-2 2.62301E-2 2.26396E-2 2.24705E-2 2.47959E-2 2.69496E-2 2.38648E-2 1.92173E-2 1.65706E-2 1.71618E-2 1.56918E-2 1.38188E-2 1.3514E-2 1.6292E-2 1.77487E-2 2.04137E-2 2.01219E-2 2.11466E-2 2.17004E-2 2.68298E-2 3.59588E-2 3.81314E-2 4.60584E-2 5.08513E-2 5.16343E-2 5.09787E-2 4.84452E-2 4.16779E-2 4.31283E-2 4.73858E-2 4.96191E-2 6.10595E-2 5.67517E-2 5.57249E-2 4.05637E-2 3.70436E-2 3.14725E-2 3.16275E-2 2.89395E-2 2.14674E-2 2.52E-2 2.47588E-2 1.47532E-2 1.05298E-2 9.75365E-3 1.004E-2 9.88646E-3 9.63554E-3
-9999 -9999 -9999 -9999 -9999 -9999 -9999 -9999 -9999 -9999 -9999 -9999 -9999 -9999 -9999 0E0 0E0 0E0 0E0 0E0 0E0 2.38916E-3 1.64601E-3 1.04564E-2 1.53841E-2 2.62746E-2 2.39779E-2 2.05227E-2 2.48512E-2 3.11469E-2 2.50459E-2 1.83382E-2 1.59588E-2 1.39483E-2 1.45439E-2 1.37415E-2 1.41761E-2 1.56665E-2 1.79398E-2 2.10106E-2 2.12983E-2 2.00047E-2 2.1675E-2 2.75272E-2 3.22586E-2 3.71194E-2 4.15405E-2 4.47102E-2 4.39525E-2 4.31205E-2 3.9716E-2 4.07214E-2 4.18364E-2 4.02405E-2 4.60441E-2 5.12039E-2 4.59632E-2 4.26762E-2 3.15006E-2 2.51154E-2 2.13199E-2 1.70869E-2 1.40806E-2 1.32073E-2 1.55033E-2 1.70539E-2 1.14909E-2 8.58544E-3 7.4788E-3 7.24915E-3 6.98126E-3 7.66976E-3
-9999 -9999 -9999 -9999 -9999 -9999 -9999 -9999 -9999 -9999 -9999 -9999 -9999 -9999 -9999 0E0 0E0 0E0 0E0 0E0 0E0 0E0 0E0 0E0 6.54487E-3 1.90368E-2 1.71358E-2 2.03648E-2 3.05118E-2 2.61827E-2 2.0289E-2 1.6426E-2 1.38956E-2 1.45691E-2 1.42535E-2 1.43376E-2 1.38945E-2 1.50666E-2 1.67583E-2 1.83076E-2 1.89828E-2 1.83742E-2 2.07378E-2 2.39404E-2 2.81168E-2 3.39016E-2 3.76448E-2 3.73866E-2 3.9074E-2 3.52473E-2 3.08413E-2 3.34807E-2 3.34575E-2 3.9137E-2 4.39858E-2 4.63637E-2 3.59223E-2 3.19985E-2 2.24592E-2 1.63614E-2 1.3347E-2 1.01351E-2 9.28393E-3 9.86215E-3 8.68482E-3 7.93852E-3 7.6867E-3 6.16532E-3 5.47189E-3 5.09953E-3 5.16955E-3 5.26809E-3
-9999 -9999 -9999 -9999 -9999 -9999 -9999 -9999 -9999 -9999 -9999 -9999 -9999 -9999 -9999 0E0 0E0 0E0 0E0 0E0 0E0 0E0 0E0 0E0 0E0 5.1951E-3 9.05201E-3 1.40786E-2 1.91306E-2 1.63053E-2 1.38151E-2 1.37687E-2 1.17703E-2 1.37715E-2 1.36983E-2 1.33835E-2 1.44162E-2 1.39589E-2 1.42927E-2 1.44769E-2 1.55584E-2 1.65949E-2 1.69481E-2 2.00344E-2 2.34469E-2 2.60952E-2 3.03867E-2 3.07947E-2 3.52988E-2 2.68334E-2 2.43478E-2 2.46048E-2 2.46282E-2 2.7656E-2 2.90339E-2 3.03029E-2 2.51441E-2 2.14057E-2 1.375E-2 1.14615E-2 8.53361E-3 7.77057E-3 7.01729E-3 4.66517E-3 3.9933E-3 3.8411E-3 3.43433E-3 3.45892E-3 3.54529E-3 3.34852E-3 3.45243E-3 3.6763E-3
-9999 -9999 -9999 -9999 -9999 -9999 -9999 -9999 -9999 -9999 -9999 -9999 -9999 -9999 -9999 -9999 0E0 0E0 0E0 0E0 0E0 0E0 0E0 0E0 2.24994E-3 1.64654E-3 2.3832E-3 8.39757E-3 9.79027E-3 9.38785E-3 8.46683E-3 1.03193E-2 1.07869E-2 1.25202E-2 1.25298E-2 1.3724E-2 1.30384E-2 1.43103E-2 1.31726E-2 1.15775E-2 1.26669E-2 1.44814E-2 1.41393E-2 1.63172E-2 1.94757E-2 2.19449E-2 2.26377E-2 2.40627E-2 2.64216E-2 2.34837E-2 1.88681E-2 1.79204E-2 1.75018E-2 1.82553E-2 2.02393E-2 1.9432E-2 1.62224E-2 1.11218E-2 7.5002E-3 6.54167E-3 5.57324E-3 3.95568E-3 3.57475E-3 3.28467E-3 2.00117E-3 1.77859E-3 1.9017E-3 2.05245E-3 2.20278E-3 2.14802E-3 2.0627E-3 2.05486E-3
-9999 -9999 -9999 -9999 -9999 -9999 -9999 -9999 -9999 -9999 -9999 -9999 -9999 -9999 -9999 -9999 -9999 -9999 0E0 0E0 0E0 0E0 0E0 0E0 3.40611E-3 1.82473E-3 2.39506E-3 6.48915E-3 4.73638E-3 6.07167E-3 6.35152E-3 9.1035E-3 1.04827E-2 1.15279E-2 1.14522E-2 1.18423E-2 1.33939E-2 1.40231E-2 1.22596E-2 1.04175E-2 1.07883E-2 1.11214E-2 1.21229E-2 1.38045E-2 1.60494E-2 1.7357E-2 1.67192E-2 1.6414E-2 1.9983E-2 1.77125E-2 1.47968E-2 1.25649E-2 1.15031E-2 1.13448E-2 1.13254E-2 1.1552E-2 9.73181E-3 6.02272E-3 4.17792E-3 3.49929E-3 3.75845E-3 2.78957E-3 1.83165E-3 1.66691E-3 1.14546E-3 1.05604E-3 1.05068E-3 1.17978E-3 1.18411E-3 1.16531E-3 1.23286E-3 9.47365E-4
-9999 -9999 -9999 -9999 -9999 -9999 -9999 -9999 -9999 -9999 -9999 -9999 -9999 -9999 -9999 -9999 -9999 -9999 0E0 0E0 0E0 0E0 0E0 0E0 0E0 0E0 2.53375E-3 6.70231E-3 6.49167E-3 6.38326E-3 5.70046E-3 7.80628E-3 9.29126E-3 9.76813E-3 9.75254E-3 1.00086E-2 1.26293E-2 1.27149E-2 1.03537E-2 8.59992E-3 7.95171E-3 8.10414E-3 1.00996E-2 1.18576E-2 1.36668E-2 1.68655E-2 1.59201E-2 1.40006E-2 1.64896E-2 1.40812E-2 1.23458E-2 9.35921E-3 7.60849E-3 6.876E-3 7.08347E-3 6.99763E-3 6.54403E-3 5.00888E-3 3.04356E-3 2.11688E-3 1.88893E-3 1.85028E-3 1.72871E-3 6.9949E-4 3.83356E-4 5.06642E-4 4.96371E-4 5.75987E-4 6.18851E-4 3.6916E-4 3.80791E-4 4.10602E-4
