final project/Practice/maxentOut/species_0_maxentOut.asc
ncols         186
nrows         192
xllcorner     -125.0
yllcorner     -56.0
cellsize      0.5
NODATA_value  -9999
[rows 58 to 86 of 192, columns 66 to 131 of 186]
-9999 -9999 -9999 -9999 -9999 -9999 -9999 -9999 -9999 -9999 -9999 -9999 1.68081E-2 1.00963E-1 1.02502E-1 1.16254E-1 1.26666E-1 9.12511E-2 -9999 -9999 -9999 -9999 -9999 -9999 -9999 -9999 -9999 -9999 -9999 -9999 -9999 -9999 1.76058E-1 1.91316E-1 1.98223E-1 4.62305E-2 3.1658E-1 2.6176E-1 8.24001E-2 4.46384E-2 1.55205E-1 9.36104E-2 3.1665E-2 2.52488E-2 1.55694E-2 2.92995E-2 3.28129E-2 1.34475E-1 4.91559E-2 6.03114E-2 1.5346E-1 5.07036E-2 -9999 1.13546E-1 -9999 7.46463E-2 7.23207E-2 7.11384E-2 1.43753E-1 2.71322E-1 8.63667E-2 1.11334E-1 1.05216E-1 -9999 -9999 -9999
-9999 -9999 -9999 -9999 -9999 -9999 -9999 -9999 -9999 -9999 -9999 -9999 1.48439E-2 3.16156E-2 1.48051E-1 2.33115E-1 1.00518E-1 5.61218E-2 -9999 -9999 -9999 -9999 -9999 -9999 -9999 -9999 -9999 -9999 -9999 -9999 -9999 -9999 1.58644E-1 2.16361E-1 1.26679E-1 9.95977E-2 4.56761E-2 6.27977E-2 8.48548E-1 1.19907E-1 1.06582E-1 1.42914E-1 9.39259E-2 3.75799E-2 4.21546E-2 1.90248E-2 8.50213E-2 5.1171E-2 5.06733E-2 2.3991E-1 9.65879E-2 5.5055E-2 7.60607E-2 1.82404E-2 3.03142E-2 2.04424E-1 1.72759E-1 1.36635E-1 3.1066E-1 1.53534E-2 7.9173E-2 1.08968E-1 1.05688E-1 -9999 -9999 -9999
-9999 -9999 -9999 -9999 -9999 -9999 -9999 -9999 -9999 -9999 -9999 -9999 1.78218E-2 3.97741E-2 6.36556E-2 2.00787E-1 9.27928E-1 1.43744E-1 4.66162E-2 6.30216E-2 -9999 -9999 -9999 -9999 2.01271E-1 1.67894E-1 2.13662E-1 -9999 -9999 -9999 -9999 -9999 1.76877E-1 7.07279E-2 8.01482E-2 7.67935E-2 1.64102E-1 4.91071E-2 8.58158E-2 2.67042E-1 3.31602E-1 2.43954E-1 3.55803E-2 1.12614E-1 2.19225E-1 4.84079E-2 3.44698E-3 2.95494E-2 2.49567E-2 2.21389E-2 4.13706E-2 3.25537E-2 2.52233E-2 2.87547E-2 3.86129E-2 7.16054E-2 5.39168E-3 6.56255E-3 2.43888E-1 1.27757E-2 1.16621E-2 1.02562E-1 1.06436E-1 -9999 -9999 -9999
-9999 -9999 -9999 -9999 -9999 -9999 -9999 -9999 -9999 -9999 -9999 -9999 -9999 -9999 -9999 1.19703E-1 1.64003E-1 8.37343E-1 5.33491E-1 9.90266E-2 8.65963E-2 -9999 1.20376E-1 2.07228E-1 1.9077E-1 1.99811E-1 1.99924E-1 1.86325E-1 1.84304E-1 -9999 -9999 1.84017E-1 1.98836E-1 7.91562E-2 2.46656E-1 2.60839E-1 3.7019E-1 1.37412E-1 4.05857E-1 5.81887E-1 3.28597E-1 1.11716E-2 1.08019E-1 5.64072E-1 8.93269E-2 1.05647E-2 8.09032E-3 3.97572E-3 3.53609E-3 4.02728E-2 2.57265E-2 2.26379E-2 2.05946E-2 4.86795E-2 4.18565E-2 2.77826E-3 4.23933E-3 6.91406E-3 7.3905E-3 5.63347E-2 8.18735E-2 1.04967E-1 1.07595E-1 -9999 -9999 -9999
-9999 -9999 -9999 -9999 -9999 -9999 -9999 -9999 -9999 -9999 -9999 -9999 -9999 -9999 -9999 -9999 1.21711E-1 1.08055E-1 3.70525E-1 1.82565E-1 1.55984E-1 1.71698E-1 1.61788E-1 1.72478E-1 1.95755E-1 1.47994E-1 1.62183E-1 1.86675E-1 1.6331E-1 1.7867E-1 1.54716E-1 1.24608E-1 1.89632E-1 2.75693E-1 5.31712E-1 5.64465E-1 3.27389E-1 1.36976E-1 3.0365E-1 3.62185E-1 1.03006E-1 1.0099E-1 1.39767E-1 8.66198E-2 8.7749E-2 8.25213E-2 5.56998E-2 7.0594E-3 6.38766E-3 6.87661E-3 4.10873E-3 3.10045E-3 2.29823E-3 5.91931E-2 4.19268E-3 3.07516E-3 3.99165E-3 5.98387E-3 5.10282E-3 5.95227E-3 6.67801E-2 9.61005E-2 1.40444E-2 1.00617E-1 9.95503E-2 -9999
-9999 -9999 -9999 -9999 -9999 -9999 -9999 -9999 -9999 -9999 -9999 -9999 -9999 -9999 -9999 -9999 1.20672E-1 9.82038E-2 8.74285E-2 1.17991E-1 1.50684E-1 1.30789E-1 6.34158E-2 1.02724E-1 7.49625E-2 1.26087E-1 1.33811E-1 1.15053E-1 1.56389E-1 1.97714E-1 1.22951E-1 9.78027E-2 1.69247E-1 3.79214E-1 6.9653E-1 1.60135E-1 3.4461E-1 3.12537E-1 6.47954E-2 4.53275E-2 5.24579E-1 6.40751E-1 5.91096E-2 1.20458E-1 1.02551E-1 9.30466E-2 1.1965E-2 9.48469E-3 9.14927E-3 7.78221E-3 8.8277E-3 8.87819E-3 7.72181E-3 1.17544E-2 1.09425E-2 1.24745E-2 1.37616E-2 7.96486E-3 4.63737E-3 5.34914E-2 6.43864E-2 7.48991E-2 8.73731E-2 9.61265E-2 9.62147E-2 9.41736E-2
-9999 -9999 -9999 -9999 -9999 -9999 -9999 -9999 -9999 -9999 -9999 -9999 -9999 -9999 -9999 -9999 -9999 -9999 -9999 1.29633E-1 1.20076E-1 1.01806E-1 7.05288E-2 2.79896E-2 4.2129E-2 -9999 -9999 3.12513E-1 2.74871E-1 1.48222E-1 1.50126E-1 1.34214E-1 1.06587E-1 3.87787E-1 5.02667E-1 1.65736E-1 6.38288E-1 2.82022E-1 5.87905E-1 3.3824E-1 1.72968E-1 5.60923E-2 1.31144E-1 1.75786E-1 1.30509E-1 1.52406E-2 1.18452E-2 1.09446E-2 1.45163E-2 1.19832E-2 1.36451E-2 2.04693E-2 2.94537E-2 3.34459E-2 3.70972E-2 2.42118E-2 1.52737E-2 6.46658E-3 5.61417E-3 5.59307E-3 4.38032E-2 5.47004E-2 7.38519E-2 8.29399E-2 8.71557E-2 8.99686E-2
-9999 -9999 -9999 -9999 -9999 -9999 -9999 -9999 -9999 -9999 -9999 -9999 -9999 -9999 -9999 -9999 -9999 -9999 -9999 1.13855E-1 1.36896E-1 1.3289E-1 1.21387E-1 5.99218E-2 -9999 -9999 -9999 4.12594E-1 3.09721E-1 1.65552E-1 2.98343E-1 2.01474E-1 5.82563E-1 2.06077E-1 1.17648E-1 1.24001E-1 6.23846E-1 1.20941E-1 6.70426E-1 8.9615E-1 6.63155E-2 5.21855E-2 8.14407E-2 1.98587E-2 1.75926E-2 1.81375E-2 1.6735E-2 1.75212E-2 2.45726E-2 2.04393E-2 1.65124E-2 1.02662E-2 1.97324E-2 3.10093E-2 2.46376E-1 1.14308E-1 6.57364E-2 7.577E-3 4.99867E-2 6.62861E-3 3.40353E-2 3.58613E-2 5.70954E-2 6.95992E-2 7.18938E-2 7.49177E-2
-9999 -9999 -9999 -9999 -9999 -9999 -9999 -9999 -9999 -9999 -9999 -9999 -9999 -9999 -9999 -9999 -9999 -9999 -9999 -9999 -9999 -9999 -9999 -9999 -9999 -9999 -9999 -9999 2.18232E-1 1.27287E-1 8.15716E-2 2.62264E-1 8.14636E-1 7.88145E-1 1.71972E-1 4.64016E-1 2.24859E-1 2.13933E-1 7.60134E-1 9.30386E-1 9.21035E-2 5.53067E-2 1.81649E-2 1.91997E-2 1.98867E-2 2.85246E-2 3.01294E-2 3.91295E-2 4.23546E-2 3.44845E-2 1.10152E-2 8.25282E-2 7.59448E-2 8.90598E-2 2.41812E-1 1.0331E-1 1.40936E-2 8.44003E-2 9.25258E-2 6.70545E-2 5.33986E-2 3.96011E-2 5.17251E-2 5.74898E-2 6.52578E-2 7.18734E-2
-9999 -9999 -9999 -9999 -9999 -9999 -9999 -9999 -9999 -9999 -9999 -9999 -9999 -9999 -9999 -9999 -9999 -9999 -9999 -9999 -9999 -9999 -9999 -9999 -9999 -9999 -9999 -9999 -9999 1.25303E-1 6.72521E-2 3.1763E-1 3.4199E-1 7.23842E-1 9.49065E-2 1.92904E-1 1.31745E-1 6.40651E-1 1.65736E-1 9.29835E-1 8.15182E-2 1.15707E-2 1.74515E-2 2.37298E-2 2.78877E-2 3.32847E-2 4.88139E-2 7.42511E-2 7.92315E-2 5.13643E-2 6.66875E-2 6.61569E-2 7.81712E-2 1.57043E-1 1.60455E-1 1.3898E-1 2.29208E-2 2.20576E-2 1.74105E-1 1.33153E-1 7.2547E-2 6.56913E-2 7.3236E-2 6.25852E-2 7.35459E-2 7.78746E-2
-9999 -9999 -9999 -9999 -9999 -9999 -9999 -9999 -9999 -9999 -9999 -9999 -9999 -9999 -9999 -9999 -9999 -9999 -9999 -9999 -9999 -9999 -9999 -9999 -9999 -9999 -9999 -9999 1.15279E-1 1.33419E-2 1.34918E-1 1.33906E-1 2.79875E-1 5.50849E-1 5.93035E-2 8.58429E-2 7.48068E-1 6.02663E-1 1.69644E-1 1.86566E-1 1.27614E-2 1.38004E-2 1.84643E-2 2.37259E-2 2.96946E-2 4.26116E-2 7.00083E-2 8.48816E-2 6.57891E-2 8.50714E-2 9.83683E-2 1.10572E-1 1.00152E-1 3.3916E-1 1.32802E-1 1.51702E-1 2.20263E-1 2.23263E-1 2.60945E-1 2.25027E-1 6.19571E-2 4.41323E-2 8.53608E-2 1.02763E-1 8.59711E-2 8.64375E-2
-9999 -9999 -9999 -9999 -9999 -9999 -9999 -9999 -9999 -9999 -9999 -9999 -9999 -9999 -9999 -9999 -9999 -9999 -9999 -9999 -9999 -9999 -9999 -9999 -9999 -9999 -9999 -9999 1.25644E-1 9.63754E-2 3.46278E-1 9.74214E-2 2.86092E-1 7.6704E-1 4.88922E-2 4.88647E-1 5.14561E-1 8.46831E-1 5.77506E-1 1.40338E-2 1.4621E-2 1.38936E-2 1.69176E-2 2.06898E-2 3.59441E-2 6.06636E-2 8.34302E-2 7.87214E-2 4.82343E-2 7.45891E-2 8.98052E-2 9.02206E-2 7.93421E-2 2.10795E-1 1.41261E-1 1.50026E-1 1.6053E-1 1.73898E-1 1.70496E-1 4.51321E-1 2.80712E-1 4.66114E-2 2.10037E-1 1.38347E-1 1.279E-1 1.13604E-1
-9999 -9999 -9999 -9999 -9999 -9999 -9999 -9999 -9999 -9999 -9999 -9999 -9999 -9999 -9999 -9999 -9999 -9999 -9999 -9999 -9999 -9999 -9999 -9999 -9999 -9999 -9999 -9999 -9999 1.12053E-1 7.92344E-2 1.41715E-1 2.68969E-1 7.81687E-1 3.64867E-2 5.35705E-1 1.84473E-1 2.04843E-1 1.3697E-2 1.4366E-2 1.61384E-2 1.23197E-2 1.36179E-2 1.84125E-2 2.80744E-2 3.95218E-2 5.58636E-2 3.44988E-1 2.88862E-1 8.044E-2 1.51731E-1 1.64926E-1 6.6353E-2 1.11747E-1 1.94351E-1 2.0681E-1 1.43423E-1 1.04415E-1 9.00832E-2 8.9115E-2 1.0463E-1 2.46192E-2 2.16582E-2 1.2635E-2 1.26914E-1 1.01197E-1
-9999 -9999 -9999 -9999 -9999 -9999 -9999 -9999 -9999 -9999 -9999 -9999 -9999 -9999 -9999 -9999 -9999 -9999 -9999 -9999 -9999 -9999 -9999 -9999 -9999 -9999 -9999 -9999 2.41126E-1 1.79139E-1 8.69108E-2 8.93684E-2 7.31355E-1 8.84347E-2 2.71174E-2 1.41142E-1 8.48678E-1 1.4001E-2 1.72236E-2 1.29563E-2 1.22016E-2 1.18024E-2 1.17708E-2 1.60516E-2 1.30373E-1 1.61385E-1 1.95595E-1 2.3697E-1 2.7155E-1 1.38252E-1 1.81617E-1 1.70762E-1 9.667E-2 2.48656E-1 2.62221E-1 1.37518E-1 9.41682E-2 8.15256E-2 5.94616E-2 6.1262E-2 6.38982E-2 6.61923E-2 7.22924E-3 6.21523E-3 8.23807E-3 7.75365E-2
-9999 -9999 -9999 -9999 -9999 -9999 -9999 -9999 -9999 -9999 -9999 -9999 -9999 -9999 -9999 -9999 -9999 -9999 -9999 -9999 1.24661E-1 -9999 -9999 -9999 -9999 -9999 -9999 -9999 -9999 3.23969E-1 1.27227E-1 3.04952E-1 8.19526E-1 3.7806E-2 1.8342E-1 2.34428E-1 2.08737E-2 1.42541E-2 1.56594E-2 1.48979E-2 1.37561E-2 1.24436E-2 9.29719E-2 9.49765E-2 1.0741E-1 1.2131E-1 1.3123E-1 1.51349E-1 1.76066E-1 1.92106E-1 1.58239E-1 6.55344E-2 9.27448E-2 1.18686E-1 1.50318E-1 1.03848E-1 6.59995E-2 5.90478E-2 7.4405E-2 5.45913E-2 8.68686E-3 1.49132E-2 1.70855E-2 2.05174E-2 2.18326E-2 1.57869E-1
-9999 -9999 -9999 -9999 -9999 -9999 -9999 -9999 -9999 -9999 -9999 -9999 -9999 -9999 -9999 -9999 -9999 -9999 -9999 -9999 -9999 -9999 -9999 -9999 -9999 -9999 -9999 1.36789E-2 1.15813E-1 9.47718E-2 2.64552E-1 6.50575E-1 8.03348E-1 4.42184E-2 4.72355E-1 1.61937E-1 6.34389E-2 1.40874E-2 2.07374E-2 2.10979E-2 1.22481E-1 8.66894E-2 8.03441E-2 8.01829E-2 7.44281E-2 7.87776E-2 7.57127E-2 9.34158E-2 1.10173E-1 1.05047E-1 1.04035E-1 6.22869E-2 7.09891E-2 6.20054E-2 8.57142E-2 8.92423E-2 6.80166E-2 6.09214E-2 5.93959E-2 6.61727E-2 7.40211E-2 1.67536E-2 2.49923E-2 3.42924E-2 1.10069E-1 6.83577E-2
-9999 -9999 -9999 -9999 -9999 -9999 -9999 -9999 -9999 -9999 -9999 -9999 -9999 -9999 -9999 -9999 -9999 -9999 -9999 -9999 -9999 -9999 -9999 -9999 -9999 -9999 6.9723E-2 6.90237E-2 7.77353E-3 6.40526E-2 6.33065E-1 7.68995E-1 7.26163E-1 9.85761E-2 5.57476E-1 4.85633E-2 5.69919E-2 8.72282E-2 3.05464E-2 2.05095E-1 1.4074E-1 1.08181E-1 7.69001E-2 6.81177E-2 6.35455E-2 6.05718E-2 5.71012E-2 5.54506E-2 5.11845E-2 5.90404E-2 5.94469E-2 5.87393E-2 5.71272E-2 7.243E-2 5.22282E-2 9.90181E-2 9.00917E-2 7.04624E-2 6.68066E-2 7.15581E-2 1.12155E-2 2.10226E-2 2.47854E-2 2.0236E-1 2.70776E-2 1.64908E-2
-9999 -9999 -9999 -9999 -9999 -9999 -9999 -9999 -9999 -9999 -9999 -9999 -9999 -9999 -9999 -9999 -9999 -9999 -9999 -9999 -9999 -9999 -9999 -9999 -9999 -9999 1.00066E-1 6.01112E-2 5.04738E-2 7.56395E-1 8.10947E-1 6.96055E-1 1.10333E-1 6.22552E-1 5.5002E-2 6.14875E-2 6.32225E-2 1.00938E-1 1.65052E-1 1.79164E-1 1.38832E-1 8.17714E-2 6.55442E-2 6.28996E-2 6.07342E-2 5.61673E-2 5.00074E-2 4.23563E-2 3.56374E-2 2.99354E-2 3.191E-2 5.11141E-2 5.25466E-2 5.13819E-2 5.71321E-2 6.86748E-2 9.3932E-2 9.37661E-2 7.3692E-2 7.14775E-2 9.88624E-2 1.63755E-2 1.64233E-1 1.06594E-1 1.41312E-1 7.13387E-2
3.43956E-2 -9999 -9999 -9999 -9999 -9999 -9999 -9999 -9999 -9999 -9999 -9999 -9999 -9999 -9999 -9999 -9999 -9999 -9999 -9999 -9999 -9999 -9999 -9999 -9999 1.45853E-1 1.91364E-2 6.81301E-2 1.06515E-1 1.17696E-1 7.51903E-1 7.1526E-1 1.54882E-1 1.05209E-1 6.47509E-2 6.67378E-2 6.41713E-2 6.75636E-2 1.02756E-1 1.08576E-1 9.09639E-2 6.37867E-2 6.19921E-2 6.26483E-2 5.9255E-2 5.27658E-2 4.57197E-2 3.91209E-2 3.21429E-2 2.4649E-2 3.01192E-2 4.35534E-2 4.6813E-2 6.13211E-2 8.01442E-2 9.19461E-2 7.98881E-2 9.51801E-2 8.14553E-2 7.65156E-2 8.62283E-2 1.85835E-1 1.80295E-1 1.38303E-1 8.57756E-2 7.13848E-2
3.41886E-2 -9999 -9999 -9999 -9999 -9999 -9999 -9999 -9999 -9999 -9999 -9999 -9999 -9999 -9999 -9999 -9999 -9999 -9999 -9999 -9999 -9999 -9999 -9999 7.28593E-2 1.12755E-1 9.40363E-2 1.11093E-1 8.16777E-1 7.52231E-1 6.71369E-1 1.26831E-1 7.52706E-2 8.10719E-2 7.90741E-2 7.39974E-2 7.01422E-2 6.84003E-2 6.83612E-2 8.4181E-2 7.21584E-2 6.12675E-2 5.97472E-2 6.21967E-2 5.70513E-2 5.06054E-2 4.33498E-2 3.61401E-2 3.27443E-2 3.61339E-2 5.54132E-2 5.38651E-2 6.05292E-2 7.23285E-2 7.60765E-2 6.96403E-2 8.50357E-2 7.72928E-2 1.09375E-1 8.76819E-2 1.69459E-1 2.2003E-1 2.46744E-1 1.55984E-1 1.1092E-1 6.92903E-2
-9999 -9999 4.73912E-2 -9999 -9999 -9999 -9999 -9999 -9999 -9999 -9999 -9999 -9999 -9999 -9999 -9999 -9999 -9999 -9999 -9999 -9999 -9999 -9999 1.47022E-1 1.25232E-1 1.22847E-1 1.61938E-1 7.66688E-1 5.63339E-1 6.98603E-1 6.62104E-2 6.35078E-2 7.09361E-2 7.38575E-2 8.22846E-2 8.01222E-2 7.64743E-2 7.45333E-2 7.33809E-2 7.64866E-2 6.71055E-2 5.85578E-2 6.03744E-2 5.65206E-2 5.36526E-2 5.05086E-2 4.6088E-2 4.04452E-2 3.9785E-2 5.83964E-2 6.54812E-2 4.28336E-2 6.07744E-2 5.74049E-2 7.24907E-2 9.5885E-2 1.06755E-1 7.59847E-2 1.32421E-1 1.53162E-1 1.86978E-1 2.21514E-1 2.04253E-1 1.666E-1 1.08737E-1 1.09185E-1
4.39874E-2 7.6121E-2 3.83278E-2 4.02176E-2 3.71966E-2 -9999 -9999 -9999 -9999 -9999 -9999 -9999 -9999 -9999 -9999 -9999 -9999 -9999 -9999 -9999 -9999 -9999 -9999 7.77606E-2 1.97383E-1 2.02655E-1 8.38632E-1 5.49752E-1 5.43927E-1 7.59184E-2 5.41329E-2 5.74555E-2 6.57151E-2 7.04441E-2 8.32668E-2 8.35498E-2 8.08347E-2 7.7159E-2 7.49662E-2 7.81311E-2 6.2079E-2 5.69632E-2 5.58664E-2 4.98869E-2 5.30033E-2 5.34129E-2 4.91148E-2 4.53021E-2 4.57399E-2 5.69993E-2 7.35729E-2 5.84898E-2 4.70208E-2 4.60239E-2 6.66297E-2 8.90866E-2 1.10579E-1 1.09366E-1 1.23588E-1 1.42674E-1 1.4796E-1 1.76507E-1 1.77935E-1 1.14677E-1 1.12777E-1 1.08181E-1
5.04826E-2 5.68722E-2 3.51291E-2 1.2167E-2 -9999 -9999 -9999 -9999 -9999 -9999 -9999 -9999 -9999 -9999 -9999 -9999 -9999 -9999 -9999 -9999 -9999 -9999 -9999 3.41421E-2 1.27645E-1 2.66007E-1 8.86754E-1 1.0213E-1 6.6869E-1 6.26867E-2 4.71565E-2 5.20032E-2 6.14858E-2 6.21615E-2 6.74852E-2 7.80673E-2 7.6022E-2 7.46498E-2 7.07965E-2 6.70754E-2 5.81117E-2 5.12322E-2 4.82789E-2 4.68023E-2 5.49137E-2 5.49433E-2 5.09285E-2 5.03388E-2 5.13792E-2 5.42258E-2 5.88079E-2 6.44169E-2 6.0421E-2 6.57977E-2 6.44819E-2 7.77732E-2 8.73501E-2 1.01919E-1 1.06745E-1 1.15217E-1 1.34421E-1 1.54303E-1 1.58443E-1 1.24672E-1 1.20231E-1 1.39628E-1
3.21737E-2 4.59565E-2 2.81126E-2 4.12695E-2 6.13947E-2 6.65592E-2 -9999 -9999 -9999 -9999 -9999 -9999 -9999 -9999 -9999 -9999 -9999 -9999 -9999 -9999 -9999 -9999 7.84713E-3 3.9636E-3 1.68767E-1 3.41781E-1 5.77674E-1 1.06499E-1 4.86673E-1 5.94815E-2 4.60498E-2 5.17151E-2 5.67769E-2 5.78503E-2 6.07579E-2 6.41906E-2 6.7251E-2 6.70514E-2 6.05334E-2 5.66787E-2 5.16399E-2 4.80022E-2 4.3614E-2 5.1907E-2 5.93635E-2 5.83712E-2 5.5418E-2 5.33388E-2 5.28623E-2 5.49301E-2 5.54223E-2 5.5993E-2 5.35799E-2 5.569E-2 5.94651E-2 6.04588E-2 8.52448E-2 9.7747E-2 1.35188E-1 1.108E-1 1.07266E-1 1.26664E-1 1.41641E-1 1.24107E-1 1.12816E-1 1.30832E-1
-9999 2.8895E-2 1.64049E-2 3.43464E-2 5.31795E-2 -9999 -9999 -9999 -9999 -9999 -9999 -9999 -9999 -9999 -9999 -9999 -9999 -9999 -9999 -9999 -9999 9.07258E-3 1.38171E-2 3.45801E-2 6.89334E-2 5.04249E-1 7.81454E-2 6.71374E-1 8.73409E-2 6.22423E-2 5.1542E-2 5.25817E-2 5.58617E-2 5.70199E-2 5.71523E-2 5.61248E-2 5.40806E-2 5.53276E-2 5.26079E-2 5.0475E-2 4.67024E-2 4.29747E-2 4.55547E-2 5.6255E-2 6.32062E-2 6.52719E-2 5.71967E-2 5.18022E-2 5.20616E-2 5.56641E-2 5.35066E-2 5.32785E-2 5.25697E-2 5.23552E-2 5.57652E-2 6.39281E-2 7.07227E-2 9.76765E-2 1.23886E-1 1.20562E-1 1.10352E-1 1.16201E-1 1.3337E-1 1.64227E-1 1.63688E-1 1.31879E-1
-9999 -9999 -9999 -9999 -9999 -9999 -9999 -9999 -9999 -9999 -9999 -9999 -9999 -9999 -9999 -9999 -9999 -9999 -9999 -9999 -9999 -9999 1.8061E-2 2.03615E-2 1.02216E-1 3.8288E-1 4.65807E-1 6.65478E-1 6.73193E-2 5.68344E-2 4.82278E-2 4.67595E-2 5.17251E-2 5.38505E-2 5.19763E-2 4.98972E-2 4.3957E-2 4.38328E-2 4.43431E-2 4.60776E-2 4.35269E-2 4.17545E-2 4.98034E-2 5.98106E-2 7.05931E-2 7.81172E-2 5.30353E-2 4.8441E-2 5.06041E-2 5.20318E-2 5.2029E-2 5.3531E-2 5.1046E-2 4.96049E-2 5.19783E-2 5.65208E-2 6.86443E-2 7.218E-2 9.07274E-2 9.73982E-2 1.18441E-1 1.53038E-1 1.42571E-1 1.42095E-1 1.64383E-1 1.32214E-1
-9999 -9999 -9999 -9999 -9999 -9999 -9999 -9999 -9999 -9999 -9999 -9999 -9999 -9999 -9999 -9999 -9999 -9999 -9999 -9999 -9999 7.31862E-3 7.44561E-3 1.71002E-2 3.16981E-3 1.80747E-1 4.70191E-1 6.53299E-1 6.72267E-2 4.09994E-2 4.26617E-2 4.20841E-2 4.21796E-2 4.47993E-2 4.40139E-2 4.12871E-2 3.50704E-2 3.6125E-2 3.62066E-2 3.93654E-2 4.03259E-2 4.4364E-2 5.16758E-2 6.14154E-2 6.85355E-2 6.55952E-2 5.15227E-2 4.88204E-2 5.09613E-2 5.02832E-2 5.2811E-2 5.55094E-2 5.16332E-2 4.85943E-2 5.16513E-2 6.48898E-2 6.68533E-2 6.96733E-2 7.64165E-2 8.84463E-2 1.12259E-1 1.47373E-1 1.7768E-1 1.39249E-1 1.21868E-1 1.49035E-1
-9999 -9999 -9999 -9999 -9999 -9999 -9999 -9999 -9999 -9999 -9999 -9999 -9999 -9999 -9999 -9999 -9999 -9999 -9999 -9999 -9999 -9999 7.68979E-3 1.12813E-3 4.68124E-3 1.2644E-1 4.6806E-1 1.54986E-1 4.55404E-2 3.44741E-2 3.53952E-2 3.6808E-2 3.75323E-2 3.74297E-2 3.63159E-2 3.25906E-2 3.30824E-2 3.55466E-2 3.80952E-2 4.09084E-2 4.46481E-2 4.85137E-2 5.55444E-2 6.17514E-2 6.60019E-2 6.1417E-2 5.05864E-2 5.28879E-2 5.58259E-2 5.49445E-2 5.76679E-2 6.04525E-2 5.85575E-2 5.8739E-2 7.75082E-2 7.08564E-2 7.2952E-2 7.48744E-2 7.47531E-2 8.92257E-2 1.27867E-1 1.63435E-1 2.32199E-1 2.00251E-1 1.63988E-1 1.48827E-1
-9999 -9999 -9999 -9999 -9999 -9999 -9999 -9999 -9999 -9999 -9999 -9999 -9999 -9999 -9999 -9999 -9999 -9999 -9999 -9999 -9999 -9999 -9999 5.51475E-3 6.78507E-2 5.2129E-1 5.29018E-1 1.03691E-1 3.83706E-2 3.57898E-2 3.58389E-2 3.70178E-2 3.77517E-2 3.61595E-2 3.21002E-2 3.13544E-2 3.48918E-2 3.84802E-2 4.43472E-2 4.75269E-2 5.00887E-2 5.27133E-2 5.79314E-2 6.23753E-2 6.74613E-2 6.62604E-2 6.24473E-2 6.21042E-2 6.17697E-2 6.08032E-2 6.29899E-2 6.17512E-2 6.47761E-2 7.90419E-2 1.13154E-1 1.00552E-1 9.06357E-2 8.34451E-2 8.37501E-2 1.05512E-1 1.1994E-1 1.83933E-1 2.30403E-1 2.8609E-1 2.62557E-1 1.7526E-1
