final project/Practice/maxentOut/species_maxentOut_avg.asc
ncols         186
nrows         192
xllcorner     -125.0
yllcorner     -56.0
cellsize      0.5
NODATA_value  -9999
[rows 0 to 28 of 192, columns 0 to 65 of 186]
-9999 5.74414E-3 5.98421E-4 1.51814E-5 9.74494E-6 9.49856E-7 2.82191E-6 1.37873E-5 1.4891E-5 1.00023E-5 1.53629E-6 3.39208E-7 3.29589E-7 4.20982E-7 4.90341E-7 1.28487E-6 2.99212E-6 2.61047E-6 2.05576E-6 1.61779E-6 1.7355E-6 7.78803E-7 3.36883E-7 1.88914E-7 2.30864E-7 6.6979E-7 8.06868E-8 2.51384E-7 3.90675E-7 4.99941E-7 4.20689E-7 7.635E-7 1.32292E-6 8.94472E-7 1.58532E-7 6.08299E-7 5.0103E-7 1.51026E-6 2.61631E-6 1.65907E-6 4.66536E-7 1.304E-7 8.44999E-8 1.18664E-7 1.20107E-7 1.43779E-7 1.74949E-7 1.54088E-7 1.75085E-7 1.78726E-7 1.72914E-7 1.34186E-7 1.76315E-7 2.81438E-7 5.41106E-7 6.59006E-7 6.43648E-7 1.06041E-6 1.28891E-6 1.76135E-6 1.73718E-6 1.40833E-6 1.50059E-6 2.0392E-6 2.33543E-6 2.09804E-6
-9999 -9999 3.41154E-3 3.97348E-5 3.25572E-6 7.61239E-7 9.50089E-7 4.14731E-6 4.24685E-5 1.6282E-5 5.82531E-6 3.35061E-7 4.77469E-7 6.98163E-7 1.54187E-6 2.6015E-6 3.41858E-6 4.85205E-6 1.99699E-6 1.44455E-6 1.65968E-6 7.03091E-8 1.42577E-7 1.51191E-7 9.30812E-8 5.06766E-7 9.91476E-7 8.04857E-7 1.15548E-6 4.3291E-7 5.60427E-6 1.19083E-6 9.75589E-7 1.76921E-6 4.15607E-6 5.87863E-7 1.17576E-6 3.63612E-6 1.89646E-6 1.45313E-6 8.43202E-7 3.43487E-7 1.4288E-7 1.10439E-7 1.00713E-7 1.5068E-7 1.6525E-7 1.41153E-7 1.73868E-7 1.83905E-7 2.15804E-7 1.67591E-7 1.94382E-7 2.31331E-7 5.57129E-7 7.96367E-7 1.08502E-6 1.43942E-6 1.88096E-6 2.70518E-6 3.5826E-6 2.67054E-6 2.46936E-6 2.35484E-6 2.4491E-6 2.88299E-6
-9999 -9999 8.41828E-3 6.59532E-4 1.22819E-5 1.534E-6 8.95042E-7 2.15151E-6 6.77556E-6 6.46441E-5 6.26967E-6 1.67727E-6 7.67653E-7 9.1336E-7 1.44E-6 2.51135E-7 6.81558E-6 3.30941E-7 1.09842E-6 9.0643E-8 1.2616E-6 1.3482E-6 4.76178E-7 1.57409E-7 3.40164E-7 1.65079E-7 8.7652E-7 3.2226E-6 1.24532E-6 1.07797E-7 4.00724E-7 2.13669E-6 8.12887E-7 2.72932E-6 2.21087E-6 4.15938E-7 2.96226E-7 1.50929E-6 5.87711E-7 1.53506E-6 1.1146E-6 2.51991E-7 6.39172E-8 4.36059E-8 4.92153E-8 8.92173E-8 8.67435E-8 9.56565E-8 1.12787E-7 1.40746E-7 1.79868E-7 2.16787E-7 3.76968E-7 3.9327E-7 6.91852E-7 8.64749E-7 1.36335E-6 1.7285E-6 2.1337E-6 3.07557E-6 3.35457E-6 2.51027E-6 2.72913E-6 1.97271E-6 1.34764E-6 1.78579E-6
-9999 -9999 -9999 3.84141E-3 5.28014E-4 5.40964E-5 4.50008E-6 2.59789E-6 1.47846E-6 1.66269E-5 6.51282E-5 1.13526E-4 7.8766E-6 1.05631E-6 1.50245E-6 2.1743E-6 5.41328E-6 1.22019E-6 1.10666E-6 6.62607E-7 1.08819E-6 2.17322E-6 4.09029E-6 1.20199E-6 1.88234E-6 8.17066E-6 1.88124E-5 6.46056E-6 5.22606E-7 5.90284E-7 7.92164E-7 4.94238E-6 2.01965E-6 9.56485E-7 7.59807E-6 4.00454E-7 3.85545E-7 8.54939E-7 1.21918E-6 1.02929E-6 3.24931E-7 7.29969E-8 3.06219E-8 3.19793E-8 3.35419E-8 4.53193E-8 5.3157E-8 1.00266E-7 1.44568E-7 1.8153E-7 2.07526E-7 3.01582E-7 4.93489E-7 5.82323E-7 8.85782E-7 1.00358E-6 1.21802E-6 1.5751E-6 1.81651E-6 2.0273E-6 1.05984E-6 1.27227E-6 1.39182E-6 1.29231E-6 1.37417E-6 1.31775E-6
-9999 -9999 -9999 8.95706E-3 7.09209E-3 1.8515E-3 8.52207E-6 1.16557E-6 6.77723E-7 1.07942E-6 1.94962E-5 6.59855E-5 5.95455E-6 5.91611E-6 8.61956E-7 2.02869E-6 1.24182E-6 2.21128E-6 1.38357E-6 9.39838E-7 9.07557E-7 1.39181E-6 2.32904E-6 2.57653E-6 8.1171E-7 8.63746E-7 1.51171E-5 3.87506E-6 1.06732E-6 1.0404E-6 1.18244E-5 3.18313E-6 4.78514E-6 2.79364E-6 4.48806E-6 3.46533E-6 3.13796E-6 3.62561E-6 2.17291E-6 1.9718E-6 1.06805E-6 2.30693E-7 6.38832E-8 6.59776E-8 7.73722E-8 6.2457E-8 5.39434E-8 9.54212E-8 1.68756E-7 2.62521E-7 4.03465E-7 4.63814E-7 5.92361E-7 6.44541E-7 8.90702E-7 1.4998E-6 1.79907E-6 1.50811E-6 1.99075E-6 1.7485E-6 1.30281E-6 1.41546E-6 1.23254E-6 1.52269E-6 1.85799E-6 1.45265E-6
-9999 -9999 -9999 -9999 -9999 1.92902E-3 3.31902E-5 1.2609E-6 4.8042E-7 3.14372E-7 8.28251E-7 3.32222E-5 7.13331E-5 9.10755E-6 5.5295E-7 5.1417E-7 8.59551E-7 2.6E-6 1.60819E-6 8.36077E-7 7.20398E-7 6.20865E-7 1.11212E-6 1.94554E-6 2.34776E-6 3.62776E-6 3.67808E-6 2.43242E-6 1.0167E-6 1.33438E-6 8.35393E-7 4.21327E-7 1.55735E-6 1.05507E-5 4.46079E-6 4.4008E-7 2.90754E-6 1.30044E-5 6.71442E-7 1.98995E-6 1.86031E-6 6.65375E-7 3.97769E-7 3.45384E-7 2.2047E-7 1.18602E-7 1.0529E-7 1.63241E-7 2.47329E-7 2.39321E-7 3.16419E-7 5.3064E-7 4.91752E-7 7.83195E-7 8.81118E-7 1.26634E-6 1.76162E-6 1.14298E-6 1.20435E-6 1.31249E-6 2.47027E-6 2.51498E-6 2.38349E-6 2.27539E-6 2.05846E-6 1.67499E-6
-9999 -9999 -9999 -9999 -9999 2.88535E-3 8.53621E-4 3.55398E-6 2.98864E-7 2.31513E-7 2.55407E-7 1.02047E-6 5.43411E-5 1.09091E-4 8.92418E-7 2.29281E-7 2.40049E-7 6.13031E-7 9.03989E-7 1.96491E-6 3.21758E-7 3.8953E-7 1.37894E-6 2.26681E-6 1.59684E-6 5.68542E-6 4.81725E-6 3.56566E-6 9.00545E-6 6.52265E-6 1.22981E-6 2.75779E-6 6.99121E-7 1.23976E-6 2.31177E-6 3.10554E-7 4.37805E-7 2.43138E-6 4.61855E-6 3.43576E-6 1.02387E-6 1.79937E-6 1.31228E-6 6.23713E-7 3.45768E-7 2.60793E-7 2.47338E-7 2.56653E-7 2.75397E-7 3.10195E-7 3.99943E-7 4.83513E-7 5.62931E-7 7.05023E-7 9.58734E-7 1.34537E-6 1.7154E-6 1.10303E-6 1.20309E-6 1.64182E-6 2.7213E-6 3.08764E-6 2.82393E-6 1.94977E-6 1.47046E-6 8.09811E-7
-9999 -9999 -9999 -9999 -9999 -9999 1.10995E-3 1.55741E-5 4.97498E-7 1.46596E-7 1.75144E-7 2.8628E-7 5.13257E-6 3.80137E-5 2.59102E-6 7.4286E-7 2.0996E-7 2.16422E-7 3.85135E-6 6.14854E-7 5.96464E-7 6.00367E-7 3.04502E-6 1.10678E-5 9.78802E-6 1.94094E-5 6.97587E-6 3.31262E-6 5.16449E-6 9.6008E-6 3.79068E-6 1.18266E-5 4.09916E-6 2.1187E-6 3.9371E-6 4.62823E-6 1.39647E-6 1.49824E-5 1.69417E-5 5.94878E-6 6.04956E-7 6.11862E-7 6.27324E-7 5.98638E-7 5.66916E-7 5.13031E-7 3.53525E-7 3.07792E-7 3.31976E-7 3.54289E-7 5.87081E-7 6.92204E-7 6.82157E-7 9.52687E-7 1.62442E-6 1.96094E-6 1.08067E-6 1.19147E-6 1.84275E-6 2.39883E-6 3.63344E-6 4.02353E-6 4.6761E-6 3.94194E-6 1.14795E-6 9.19647E-7
-9999 -9999 -9999 -9999 -9999 -9999 -9999 1.47083E-4 2.36908E-6 2.01731E-7 1.2816E-7 1.64657E-7 9.13053E-7 3.62297E-6 6.25794E-7 3.09739E-7 2.39717E-7 2.189E-7 7.94951E-7 1.72261E-6 1.21072E-6 2.37392E-6 1.33885E-5 1.5844E-5 2.26378E-5 2.27553E-6 1.81368E-6 1.67215E-6 2.55776E-6 3.94847E-6 5.84388E-6 1.07581E-6 5.74697E-6 4.67933E-6 3.46242E-6 3.46334E-6 2.24853E-6 2.13725E-6 1.0605E-5 2.76759E-6 1.17694E-6 6.17716E-7 5.48943E-7 5.23102E-7 5.50372E-7 7.49842E-7 6.51215E-7 6.3123E-7 7.13287E-7 6.40714E-7 4.60291E-7 4.8138E-7 6.99018E-7 9.44648E-7 1.26622E-6 1.7868E-6 1.58437E-6 1.89725E-6 2.44105E-6 2.97469E-6 3.58669E-6 3.61242E-6 4.15739E-6 3.4334E-6 2.58419E-6 1.93925E-6
-9999 -9999 -9999 -9999 -9999 -9999 -9999 9.03114E-4 5.38659E-4 8.09575E-6 1.19547E-6 2.96977E-7 6.43989E-7 1.26993E-5 6.5712E-7 5.83945E-7 4.6082E-7 4.17216E-7 2.0914E-6 6.44726E-6 1.46944E-6 3.40846E-6 1.23228E-5 1.88735E-5 1.33517E-5 5.63692E-6 9.84454E-6 9.61112E-6 2.03636E-6 2.62279E-6 3.56188E-6 6.14152E-6 6.17351E-7 1.31605E-6 8.85964E-7 8.47303E-7 6.19975E-6 1.56643E-6 1.48376E-5 7.90122E-6 7.50719E-7 6.47342E-7 6.69379E-7 6.65404E-7 9.21695E-7 1.20674E-6 1.42906E-6 1.0553E-6 1.00763E-6 6.42186E-7 4.46725E-7 9.49226E-7 9.65316E-7 1.11367E-6 1.74618E-6 2.4845E-6 2.30065E-6 3.09383E-6 3.5383E-6 3.40108E-6 1.7266E-6 2.29165E-6 1.77476E-6 1.53407E-6 1.86548E-6 2.99687E-6
-9999 -9999 -9999 -9999 -9999 -9999 -9999 -9999 2.8335E-3 3.87097E-4 4.94596E-5 3.3433E-5 6.23305E-6 4.3838E-6 1.05174E-6 9.96002E-7 9.6152E-7 8.30051E-7 2.86942E-6 1.00139E-5 2.00815E-6 1.29533E-6 4.75003E-6 1.81146E-5 1.64597E-6 1.89051E-6 2.38897E-6 6.47734E-6 1.09256E-5 3.65471E-6 3.71741E-6 5.73363E-6 6.40339E-6 7.47068E-7 1.07437E-5 4.66276E-6 2.95648E-6 1.87763E-6 9.44967E-6 9.57242E-6 9.6432E-6 9.90301E-7 1.23618E-6 1.55335E-6 1.27801E-6 1.32439E-6 1.50314E-6 7.22783E-7 6.14111E-7 5.80797E-7 4.69395E-7 1.00162E-6 8.67555E-7 1.46009E-6 1.66199E-6 1.92725E-6 2.92428E-6 3.25808E-6 4.70538E-6 4.13959E-6 2.45704E-6 4.47403E-6 2.80917E-6 2.75173E-6 3.78933E-6 5.53081E-6
-9999 -9999 -9999 -9999 -9999 -9999 -9999 -9999 -9999 2.88155E-3 1.0445E-3 3.71719E-4 5.99842E-5 1.96857E-5 6.04766E-6 1.19688E-6 1.64317E-6 1.37529E-6 3.60253E-6 8.99816E-6 2.91891E-6 9.79452E-7 1.49249E-6 3.86753E-6 1.47283E-5 2.81382E-6 1.77455E-6 4.06235E-6 5.43547E-6 2.07107E-6 4.17116E-6 1.96926E-6 1.15531E-5 1.16438E-6 1.02988E-6 8.29388E-7 4.15916E-6 1.67803E-5 2.28335E-5 1.16674E-5 7.59213E-6 5.96156E-7 1.06788E-6 1.40241E-6 1.09008E-6 1.38239E-6 1.6931E-6 1.29652E-6 9.04195E-7 9.10469E-7 9.33578E-7 5.21935E-7 6.07377E-7 1.07362E-6 1.6217E-6 2.61784E-6 3.65456E-6 3.80496E-6 5.00021E-6 4.55832E-6 3.74752E-6 4.53606E-6 4.41212E-6 4.40758E-6 4.87789E-6 7.53022E-6
-9999 -9999 -9999 -9999 -9999 -9999 -9999 -9999 -9999 5.20012E-3 3.11688E-3 -9999 -9999 4.25579E-4 8.04323E-5 4.26256E-6 1.56103E-6 1.47975E-6 2.16012E-6 9.33977E-6 6.03785E-6 2.99216E-6 5.10857E-6 4.80585E-6 5.11132E-6 2.0863E-6 2.74593E-6 8.76706E-7 2.96331E-6 2.95643E-6 9.84134E-6 9.96278E-6 1.67194E-6 1.7816E-5 1.61848E-6 1.3959E-5 3.62021E-6 1.45539E-5 3.30052E-6 2.38382E-5 5.62984E-6 4.24931E-6 9.93175E-7 1.37697E-6 1.45729E-6 1.98382E-6 2.10024E-6 1.97315E-6 1.53193E-6 8.98793E-7 8.75525E-7 6.47965E-7 8.61991E-7 1.28515E-6 2.02196E-6 3.32314E-6 5.45616E-6 5.75735E-6 5.08694E-6 3.88597E-6 3.74309E-6 5.10106E-6 6.46126E-6 5.8328E-6 5.29103E-6 6.83742E-6
-9999 -9999 -9999 -9999 -9999 -9999 -9999 -9999 -9999 -9999 4.80917E-3 4.53857E-3 4.43975E-3 3.44436E-3 5.304E-4 1.17364E-4 6.63915E-6 2.25219E-6 1.03724E-6 2.92617E-6 4.96374E-6 1.00088E-5 1.29144E-5 7.40218E-6 4.94788E-6 5.37735E-6 7.10768E-6 1.32956E-5 2.97893E-6 1.55433E-5 2.84651E-5 1.64307E-6 2.9228E-6 2.90303E-6 3.4192E-6 8.83515E-6 1.39599E-5 6.2656E-6 3.40672E-5 7.04393E-5 9.34296E-6 4.82239E-6 8.56023E-7 9.84937E-7 1.40314E-6 1.66557E-6 2.3127E-6 2.24187E-6 1.45334E-6 9.54668E-7 1.16545E-6 1.24319E-6 1.37786E-6 1.90252E-6 2.23297E-6 3.87211E-6 5.3779E-6 5.41166E-6 3.71415E-6 3.16945E-6 4.66645E-6 7.27027E-6 7.95521E-6 8.0269E-6 7.59638E-6 6.68614E-6
-9999 -9999 -9999 -9999 -9999 -9999 -9999 -9999 -9999 -9999 -9999 -9999 5.49819E-3 5.87309E-3 -9999 5.83505E-4 1.48615E-5 7.42357E-7 1.39803E-6 1.19195E-6 3.27972E-6 9.05482E-6 1.39649E-5 1.27148E-5 1.07376E-5 8.59731E-6 5.6658E-6 1.95304E-5 3.57991E-5 4.08213E-5 9.90142E-6 4.06785E-7 1.03526E-5 3.19352E-5 2.30897E-6 6.1038E-6 7.01189E-6 3.85907E-6 2.26919E-5 8.82766E-6 1.64624E-5 6.88561E-6 9.77863E-7 1.56578E-6 1.65459E-6 1.42184E-6 2.25513E-6 3.2628E-6 2.64407E-6 2.34289E-6 2.76137E-6 2.58871E-6 1.82513E-6 2.4759E-6 3.6676E-6 5.20235E-6 5.70773E-6 4.66781E-6 5.56638E-6 3.9957E-6 7.44727E-6 1.31333E-5 1.42139E-5 7.20499E-6 1.03111E-5 1.23813E-5
-9999 -9999 -9999 -9999 -9999 -9999 -9999 -9999 -9999 -9999 -9999 -9999 -9999 -9999 -9999 9.42944E-4 4.92907E-5 7.26234E-6 7.70086E-6 1.91199E-6 2.42139E-6 1.01145E-5 1.74381E-5 2.19509E-5 2.03076E-5 1.13315E-5 9.43893E-6 1.44173E-5 5.76952E-5 3.18668E-5 1.57521E-5 9.19578E-6 5.92045E-6 6.54194E-6 4.25132E-6 4.30163E-6 7.58279E-6 6.5729E-6 1.64566E-5 1.21919E-5 4.13603E-6 1.38569E-5 1.26811E-5 1.23271E-6 1.81798E-6 2.08381E-6 2.90831E-6 3.01339E-6 2.83977E-6 3.97046E-6 4.38298E-6 3.93952E-6 3.25004E-6 4.74065E-6 2.99934E-6 4.42385E-6 5.59443E-6 5.9356E-6 8.71439E-6 8.15905E-6 1.39785E-5 1.57158E-5 1.78758E-5 5.75474E-6 8.72917E-6 1.50754E-5
-9999 -9999 -9999 -9999 -9999 -9999 -9999 -9999 -9999 -9999 -9999 -9999 -9999 -9999 -9999 -9999 3.70176E-4 2.63628E-5 5.43734E-6 7.56558E-6 8.73719E-6 1.45752E-5 2.44894E-5 2.14299E-5 1.36075E-5 1.01039E-5 2.57098E-5 3.73146E-5 6.58474E-6 4.51304E-5 3.02659E-5 3.64046E-6 1.03302E-5 4.51746E-6 2.54367E-6 3.0011E-6 5.4065E-6 5.98766E-6 8.82784E-6 4.81361E-6 1.44488E-6 1.46597E-5 7.84097E-6 6.64022E-7 1.15477E-6 2.09194E-6 2.0381E-6 2.13402E-6 2.66071E-6 3.05322E-6 3.19834E-6 3.64979E-6 4.47245E-6 4.85767E-6 4.26846E-6 5.12802E-6 6.68014E-6 7.95723E-6 1.02057E-5 1.42878E-5 1.53638E-5 1.42683E-5 7.5068E-6 6.95701E-6 1.11268E-5 1.30299E-5
-9999 -9999 -9999 -9999 -9999 -9999 -9999 -9999 -9999 -9999 -9999 -9999 -9999 -9999 -9999 -9999 2.49215E-3 4.34101E-4 2.01953E-5 4.21407E-5 1.97306E-5 2.61379E-5 5.78669E-5 3.13428E-5 1.60383E-5 1.35138E-5 2.42424E-5 6.03684E-5 8.06468E-6 8.26786E-5 2.61544E-5 8.23788E-6 1.64107E-6 3.4336E-6 2.43638E-6 2.28101E-6 2.72666E-6 4.02156E-6 4.78973E-6 9.82582E-6 1.42417E-5 1.92729E-5 9.59082E-6 7.62321E-6 5.94681E-6 1.77747E-5 2.33049E-6 2.62876E-6 4.13469E-6 4.74821E-6 3.15399E-6 3.2963E-6 4.44312E-6 6.3081E-6 8.12165E-6 6.66893E-6 9.02573E-6 9.76182E-6 1.01487E-5 1.38119E-5 2.03997E-5 1.06675E-5 8.38835E-6 1.32297E-5 1.98929E-5 2.24637E-5
-9999 -9999 -9999 -9999 -9999 -9999 -9999 -9999 -9999 -9999 -9999 -9999 -9999 -9999 -9999 -9999 -9999 2.61275E-4 2.17748E-4 1.56432E-5 3.18581E-5 -9999 -9999 2.18802E-5 1.6423E-5 1.00382E-5 1.04325E-5 2.75214E-5 7.66367E-6 6.44627E-6 2.77903E-6 1.12444E-5 1.92032E-5 7.94133E-6 7.25602E-6 3.14335E-6 2.48351E-6 5.97985E-6 1.5809E-5 1.5055E-5 1.23377E-5 6.16928E-5 5.18532E-5 2.65178E-5 2.84282E-5 3.33213E-5 3.19329E-5 4.77137E-5 4.54931E-6 5.01879E-6 3.94054E-6 4.67287E-6 5.42021E-6 7.76268E-6 1.15964E-5 9.36247E-6 1.67402E-5 1.76905E-5 1.72759E-5 1.79068E-5 2.87047E-5 4.30397E-5 2.56479E-5 2.27137E-5 2.79021E-5 3.43401E-5
-9999 -9999 -9999 -9999 -9999 -9999 -9999 -9999 -9999 -9999 -9999 -9999 -9999 -9999 -9999 -9999 -9999 2.04313E-4 8.72664E-5 5.52267E-5 2.65393E-5 -9999 -9999 -9999 2.40281E-5 2.3107E-5 4.01842E-5 5.1743E-5 1.11095E-4 9.32991E-6 7.18712E-5 2.75597E-5 3.58362E-6 3.01135E-6 1.35602E-5 7.47263E-6 6.69374E-6 1.07564E-5 1.70731E-5 1.90911E-5 2.45866E-5 3.39765E-5 7.44713E-5 7.87695E-5 7.8337E-5 3.72387E-5 3.83252E-5 5.52224E-5 5.79377E-6 8.05618E-6 8.1309E-6 1.22526E-5 1.38193E-5 1.25484E-5 1.49442E-5 1.38334E-5 1.76872E-5 1.51468E-5 2.53476E-5 5.54254E-5 9.36023E-5 1.14025E-4 1.55533E-4 2.19376E-4 2.42735E-4 2.80342E-4
-9999 -9999 -9999 -9999 -9999 -9999 -9999 -9999 -9999 -9999 -9999 -9999 -9999 -9999 -9999 -9999 -9999 -9999 7.32567E-5 3.98074E-5 3.87062E-5 2.66265E-5 2.06243E-5 1.94155E-5 2.81909E-5 3.775E-5 8.04779E-5 1.06674E-4 1.1552E-4 2.19259E-5 3.83641E-6 7.0587E-6 7.35162E-6 1.29867E-5 3.99247E-6 1.92118E-6 2.82562E-5 2.64452E-5 1.84907E-5 2.10092E-5 9.88807E-6 1.34246E-5 3.1405E-5 3.72273E-5 3.94944E-5 4.15747E-5 4.86863E-5 6.03755E-5 1.11198E-4 1.29869E-5 1.42342E-5 1.77692E-5 2.02368E-5 1.93279E-5 1.47509E-5 1.85861E-5 2.24537E-5 2.15663E-5 6.16349E-5 2.48939E-4 2.91053E-4 4.16138E-4 5.67307E-4 6.56097E-4 6.82452E-4 7.33607E-4
-9999 -9999 -9999 -9999 -9999 -9999 -9999 -9999 -9999 -9999 -9999 -9999 -9999 4.49896E-2 -9999 -9999 -9999 -9999 -9999 4.03273E-5 4.02361E-5 5.76679E-5 3.47772E-5 2.63205E-5 4.6185E-5 5.29588E-5 5.90432E-5 8.62984E-5 9.3645E-5 9.24627E-5 1.52878E-5 9.39173E-6 7.84975E-6 3.55229E-5 7.66879E-6 3.37448E-6 7.1508E-6 4.03694E-5 2.04439E-5 2.41303E-5 1.87865E-5 2.18985E-5 1.96492E-5 3.40593E-6 1.20225E-5 2.73091E-5 1.76592E-4 8.72199E-5 1.17715E-4 1.10698E-5 1.21804E-5 1.86196E-4 2.30287E-4 1.80878E-5 1.8498E-5 2.51777E-5 4.53714E-5 6.16067E-5 1.78482E-4 4.80743E-4 8.6936E-4 -9999 -9999 -9999 -9999 -9999
-9999 -9999 -9999 -9999 -9999 -9999 -9999 -9999 -9999 -9999 -9999 -9999 -9999 4.03418E-2 -9999 -9999 -9999 -9999 -9999 -9999 4.01528E-5 4.48718E-5 7.40068E-5 2.99029E-5 4.06546E-5 6.59618E-5 7.77173E-5 1.27834E-4 1.92119E-4 4.21667E-5 3.05125E-5 4.7383E-5 3.21426E-5 3.90397E-5 6.88544E-6 4.04521E-6 6.81361E-6 7.94182E-5 2.90793E-5 2.52511E-5 2.17522E-5 6.51927E-5 8.878E-5 4.48833E-5 2.13208E-4 5.49594E-5 3.02115E-5 1.50588E-4 1.05346E-4 1.37244E-4 1.39202E-4 1.39113E-4 1.45404E-4 1.48214E-5 3.0133E-5 6.18555E-5 1.71245E-4 2.93468E-4 3.95225E-4 6.62772E-4 -9999 -9999 -9999 -9999 -9999 -9999
-9999 -9999 -9999 -9999 -9999 -9999 -9999 -9999 -9999 -9999 -9999 -9999 -9999 -9999 -9999 -9999 -9999 -9999 1.68887E-5 1.34173E-5 -9999 5.94989E-5 6.26522E-5 6.36432E-5 3.84403E-5 5.97101E-5 1.16811E-4 3.10151E-4 4.73328E-4 2.6914E-4 3.12471E-5 8.97847E-5 7.70143E-5 9.31972E-5 4.42707E-5 1.09301E-5 7.14877E-6 7.76505E-5 4.7174E-5 2.64861E-5 4.24483E-5 6.23096E-5 9.78756E-5 1.52495E-4 2.65236E-4 6.66867E-5 3.59443E-4 8.55227E-5 7.29599E-5 1.06527E-4 1.38612E-4 1.2652E-4 1.34061E-4 2.59052E-4 5.33993E-5 1.80439E-4 4.48617E-4 5.59817E-4 -9999 -9999 -9999 -9999 -9999 -9999 -9999 -9999
-9999 -9999 -9999 -9999 -9999 -9999 -9999 -9999 -9999 -9999 -9999 -9999 -9999 -9999 -9999 -9999 -9999 -9999 -9999 1.61801E-4 1.59608E-4 8.64563E-5 7.59386E-5 6.61431E-5 7.98885E-5 5.77514E-5 -9999 3.74136E-4 4.12659E-4 2.69681E-4 3.64031E-5 5.8652E-5 1.04108E-4 7.73042E-5 1.04867E-4 4.1967E-5 1.26067E-5 8.16717E-5 7.31324E-5 3.729E-5 4.48211E-5 7.0241E-5 1.88685E-4 2.09772E-4 4.92477E-4 6.6291E-4 4.48086E-4 4.97805E-5 4.8565E-5 9.49497E-5 1.4042E-4 1.57021E-4 2.15327E-4 3.96076E-4 9.9835E-5 4.16256E-4 6.4033E-4 -9999 -9999 -9999 -9999 -9999 -9999 -9999 -9999 -9999
-9999 -9999 -9999 -9999 -9999 -9999 -9999 -9999 -9999 -9999 -9999 -9999 -9999 -9999 -9999 -9999 -9999 -9999 -9999 -9999 1.77969E-4 1.21443E-4 1.0213E-4 6.2381E-5 8.95007E-5 8.20336E-5 6.96243E-5 -9999 2.47761E-4 3.93041E-5 2.86416E-5 3.94503E-5 6.14871E-5 6.26122E-5 1.00696E-4 9.0503E-5 3.36435E-5 1.36696E-4 1.35658E-4 4.95297E-5 3.43437E-5 9.65672E-5 2.91818E-5 3.43592E-4 5.44729E-4 3.80679E-4 1.8094E-4 7.02162E-5 8.27818E-5 9.47275E-5 1.23092E-4 2.02371E-4 3.01165E-4 5.0753E-4 1.52415E-4 4.38224E-4 -9999 -9999 -9999 -9999 -9999 -9999 -9999 -9999 -9999 -9999
-9999 -9999 -9999 -9999 -9999 -9999 -9999 -9999 -9999 -9999 -9999 -9999 -9999 -9999 -9999 -9999 -9999 -9999 -9999 -9999 -9999 9.84916E-5 9.40248E-5 6.77313E-5 1.312E-4 2.31668E-4 1.44103E-4 1.80697E-4 -9999 -9999 3.91133E-5 3.63871E-5 4.23429E-5 9.1721E-5 7.26071E-5 2.55723E-4 1.19524E-4 2.81549E-5 1.43462E-5 7.19327E-5 3.73922E-5 4.66339E-5 1.45281E-4 2.22706E-4 2.54058E-4 1.72966E-4 1.66003E-5 1.9934E-5 2.87553E-4 2.55197E-4 1.79138E-4 2.48188E-4 3.78334E-4 6.32084E-4 1.75625E-4 6.31806E-4 -9999 -9999 -9999 -9999 -9999 -9999 -9999 -9999 -9999 -9999
-9999 -9999 -9999 -9999 -9999 -9999 -9999 -9999 -9999 -9999 -9999 -9999 -9999 -9999 -9999 -9999 -9999 -9999 -9999 -9999 -9999 -9999 -9999 -9999 9.95709E-5 1.84462E-4 2.84086E-4 2.43314E-4 -9999 -9999 -9999 3.74427E-5 4.11288E-5 1.47566E-4 4.6766E-4 4.55916E-4 4.00217E-4 1.26401E-4 1.73773E-5 9.51181E-6 5.31315E-5 4.50762E-5 6.59376E-5 8.88032E-5 1.22686E-4 3.15101E-4 4.68438E-4 3.51939E-4 5.56038E-4 1.03442E-3 7.15064E-4 2.89881E-4 4.32429E-4 8.89772E-4 2.6544E-3 8.06401E-4 -9999 -9999 -9999 -9999 -9999 -9999 -9999 -9999 -9999 -9999
-9999 -9999 -9999 -9999 -9999 -9999 -9999 -9999 -9999 -9999 -9999 -9999 -9999 -9999 -9999 -9999 -9999 -9999 -9999 -9999 -9999 -9999 -9999 -9999 -9999 1.01428E-4 2.40576E-4 2.98162E-4 2.41185E-4 -9999 -9999 5.34596E-5 6.1138E-5 7.01924E-5 3.73408E-4 1.44433E-3 1.23679E-3 5.27245E-4 6.55894E-5 8.64477E-6 8.77778E-5 7.85566E-5 6.11198E-5 4.21993E-5 8.67807E-5 1.79443E-4 3.79676E-4 5.99967E-4 1.30318E-3 1.50307E-3 4.96623E-4 2.88698E-4 7.61825E-4 1.16764E-3 3.02801E-3 7.07061E-4 -9999 -9999 -9999 -9999 -9999 -9999 -9999 -9999 -9999 -9999
