final project/Practice/maxentOut/species_maxentOut_median.asc
ncols         186
nrows         192
xllcorner     -125.0
yllcorner     -56.0
cellsize      0.5
NODATA_value  -9999
[rows 58 to 86 of 192, columns 66 to 131 of 186]
-9999 -9999 -9999 -9999 -9999 -9999 -9999 -9999 -9999 -9999 -9999 -9999 5.53999E-3 9.41931E-2 1.02502E-1 1.23501E-1 2.25786E-1 1.57323E-1 -9999 -9999 -9999 -9999 -9999 -9999 -9999 -9999 -9999 -9999 -9999 -9999 -9999 -9999 1.76058E-1 1.91316E-1 1.98223E-1 2.21217E-2 2.94767E-1 1.31523E-1 4.06121E-2 2.7992E-2 1.52028E-1 6.32303E-2 1.76912E-2 7.38972E-3 2.73557E-3 1.09127E-2 2.2924E-2 1.34475E-1 3.70765E-2 4.90859E-2 6.15654E-2 3.46916E-2 -9999 1.13546E-1 -9999 7.46463E-2 7.23207E-2 7.60687E-2 2.68559E-1 1.93002E-1 8.58664E-2 1.11334E-1 1.14807E-1 -9999 -9999 -9999
-9999 -9999 -9999 -9999 -9999 -9999 -9999 -9999 -9999 -9999 -9999 -9999 5.17526E-3 2.9466E-2 1.39801E-1 1.9198E-1 1.00518E-1 8.64658E-2 -9999 -9999 -9999 -9999 -9999 -9999 -9999 -9999 -9999 -9999 -9999 -9999 -9999 -9999 1.58544E-1 2.16361E-1 7.44562E-2 8.17089E-2 2.02366E-2 6.27977E-2 6.00785E-1 1.1685E-1 6.59569E-2 1.19547E-1 5.77267E-2 2.18522E-2 1.89534E-2 3.13543E-3 7.85146E-2 1.96293E-2 2.45622E-2 1.08989E-1 9.65879E-2 5.5055E-2 7.60607E-2 8.51149E-3 2.4515E-2 2.04424E-1 1.72759E-1 1.93064E-1 2.21186E-1 3.36087E-2 7.9173E-2 1.08968E-1 1.05688E-1 -9999 -9999 -9999
-9999 -9999 -9999 -9999 -9999 -9999 -9999 -9999 -9999 -9999 -9999 -9999 7.51593E-3 3.92666E-2 5.39414E-2 1.42615E-1 9.00053E-1 1.07696E-1 5.3039E-2 8.2951E-2 -9999 -9999 -9999 -9999 2.01271E-1 1.67894E-1 2.13662E-1 -9999 -9999 -9999 -9999 -9999 1.76877E-1 7.48469E-2 4.24972E-2 6.03835E-2 1.52743E-1 2.24764E-2 8.58158E-2 2.67042E-1 3.31602E-1 2.43954E-1 3.16892E-2 4.22755E-2 1.81682E-1 1.4376E-2 1.67826E-3 2.95494E-2 1.93749E-2 1.80606E-2 3.31306E-2 2.2487E-2 1.52434E-2 1.81554E-2 3.86129E-2 6.1198E-2 5.34243E-3 6.56255E-3 1.47604E-1 3.12655E-2 3.31548E-2 1.11937E-1 1.17856E-1 -9999 -9999 -9999
-9999 -9999 -9999 -9999 -9999 -9999 -9999 -9999 -9999 -9999 -9999 -9999 -9999 -9999 -9999 1.19703E-1 1.47281E-1 6.43299E-1 3.24033E-1 1.4505E-1 1.52555E-1 -9999 1.71566E-1 2.41299E-1 1.9077E-1 1.99811E-1 1.99924E-1 1.86325E-1 1.57742E-1 -9999 -9999 1.21694E-1 1.49148E-1 5.20574E-2 1.37767E-1 2.28221E-1 2.89834E-1 1.24543E-1 3.82331E-1 5.81887E-1 3.28597E-1 1.11716E-2 3.84408E-2 3.77533E-1 6.36538E-2 6.8408E-3 4.70045E-3 1.87868E-3 1.64544E-3 2.06857E-2 1.60769E-2 1.30824E-2 1.24975E-2 3.82679E-2 3.05148E-2 2.24762E-3 4.23933E-3 6.91406E-3 7.3905E-3 5.63347E-2 8.18735E-2 1.18412E-1 1.23443E-1 -9999 -9999 -9999
-9999 -9999 -9999 -9999 -9999 -9999 -9999 -9999 -9999 -9999 -9999 -9999 -9999 -9999 -9999 -9999 1.21711E-1 1.08055E-1 2.55914E-1 1.82565E-1 1.55984E-1 1.71698E-1 1.61788E-1 1.72478E-1 1.12888E-1 1.03029E-1 1.5129E-1 1.33759E-1 1.51241E-1 1.7867E-1 1.54716E-1 1.18135E-1 1.88121E-1 2.02848E-1 4.72388E-1 5.38389E-1 2.67013E-1 1.07009E-1 3.0365E-1 3.62185E-1 1.03006E-1 7.60988E-2 1.01336E-1 7.32217E-2 4.23593E-2 3.08455E-2 1.73567E-2 3.56604E-3 3.21004E-3 3.79625E-3 2.21016E-3 1.88319E-3 1.58901E-3 4.9917E-2 3.18853E-3 2.49159E-3 3.58759E-3 5.98387E-3 5.10282E-3 5.95227E-3 6.67801E-2 1.10575E-1 6.2252E-2 1.34355E-1 1.35401E-1 -9999
-9999 -9999 -9999 -9999 -9999 -9999 -9999 -9999 -9999 -9999 -9999 -9999 -9999 -9999 -9999 -9999 1.20672E-1 9.82038E-2 8.74285E-2 1.17991E-1 1.50684E-1 1.30351E-1 5.17239E-2 4.37199E-2 3.85145E-2 9.98832E-2 1.12394E-1 6.80392E-2 1.56389E-1 1.89614E-1 1.22951E-1 9.78027E-2 1.33719E-1 3.27291E-1 6.9653E-1 1.60135E-1 2.63108E-1 1.51792E-1 6.47954E-2 4.53275E-2 2.9121E-1 3.82203E-1 3.80207E-2 6.15949E-2 4.27415E-2 3.9603E-2 7.08849E-3 4.81163E-3 4.71732E-3 4.87389E-3 5.97665E-3 5.81095E-3 5.65982E-3 1.1549E-2 1.09425E-2 1.24745E-2 1.37616E-2 7.96486E-3 4.63737E-3 4.1519E-2 5.95056E-2 8.02869E-2 1.07738E-1 1.25087E-1 1.36221E-1 1.41699E-1
-9999 -9999 -9999 -9999 -9999 -9999 -9999 -9999 -9999 -9999 -9999 -9999 -9999 -9999 -9999 -9999 -9999 -9999 -9999 1.29633E-1 1.20076E-1 1.01806E-1 5.17681E-2 9.91561E-3 1.73766E-2 -9999 -9999 2.73746E-1 2.66994E-1 1.48222E-1 1.52176E-1 1.34214E-1 1.06587E-1 3.78656E-1 5.02667E-1 1.63405E-1 6.21891E-1 1.31528E-1 4.46627E-1 1.77439E-1 1.22573E-1 3.32799E-2 9.23457E-2 7.88483E-2 5.77672E-2 1.03387E-2 6.8945E-3 5.74714E-3 7.56727E-3 6.61021E-3 8.86317E-3 1.61781E-2 2.94537E-2 3.34459E-2 3.70972E-2 2.42118E-2 1.52737E-2 6.46658E-3 5.61417E-3 5.59307E-3 3.61214E-2 5.2181E-2 7.54101E-2 9.83535E-2 1.1913E-1 1.29644E-1
-9999 -9999 -9999 -9999 -9999 -9999 -9999 -9999 -9999 -9999 -9999 -9999 -9999 -9999 -9999 -9999 -9999 -9999 -9999 1.13855E-1 1.36896E-1 1.3289E-1 8.9135E-2 3.73218E-2 -9999 -9999 -9999 4.12594E-1 3.09721E-1 1.65552E-1 3.12978E-1 1.3648E-1 3.61188E-1 2.06077E-1 1.24703E-1 1.24001E-1 6.23846E-1 9.44543E-2 3.77547E-1 7.74478E-1 4.07307E-2 3.01134E-2 3.62775E-2 1.38982E-2 1.13014E-2 1.0477E-2 8.73004E-3 9.59016E-3 1.41929E-2 1.11653E-2 9.34917E-3 6.76978E-3 1.72681E-2 3.10093E-2 1.93076E-1 7.50201E-2 4.75794E-2 7.577E-3 3.78753E-2 6.62861E-3 3.16832E-2 3.58613E-2 5.70954E-2 7.61031E-2 9.47393E-2 1.08827E-1
-9999 -9999 -9999 -9999 -9999 -9999 -9999 -9999 -9999 -9999 -9999 -9999 -9999 -9999 -9999 -9999 -9999 -9999 -9999 -9999 -9999 -9999 -9999 -9999 -9999 -9999 -9999 -9999 2.55498E-1 1.75371E-1 1.24042E-1 1.29634E-1 6.20656E-1 6.03945E-1 1.66741E-1 4.64016E-1 2.24859E-1 9.98601E-2 5.17646E-1 7.09592E-1 5.57396E-2 3.24673E-2 1.4331E-2 1.24956E-2 1.30445E-2 2.20231E-2 2.18322E-2 2.76979E-2 3.13882E-2 2.40347E-2 6.83491E-3 5.15659E-2 6.05253E-2 8.90598E-2 1.91947E-1 1.0331E-1 1.87562E-2 8.03436E-2 9.25258E-2 6.70545E-2 4.96829E-2 3.92503E-2 4.77937E-2 5.96893E-2 7.94985E-2 8.94519E-2
-9999 -9999 -9999 -9999 -9999 -9999 -9999 -9999 -9999 -9999 -9999 -9999 -9999 -9999 -9999 -9999 -9999 -9999 -9999 -9999 -9999 -9999 -9999 -9999 -9999 -9999 -9999 -9999 -9999 2.13439E-1 6.72521E-2 2.0995E-1 1.60867E-1 6.1001E-1 9.49065E-2 1.92904E-1 1.11173E-1 4.23139E-1 1.334E-1 6.2676E-1 4.81427E-2 1.30504E-2 1.73843E-2 2.02688E-2 2.78877E-2 3.32847E-2 4.88139E-2 7.42511E-2 7.92315E-2 5.13643E-2 5.69084E-2 6.46256E-2 7.81712E-2 1.50828E-1 1.60455E-1 1.3898E-1 3.93105E-2 3.69969E-2 1.74105E-1 1.33153E-1 7.2547E-2 6.56913E-2 4.569E-2 6.25852E-2 8.16194E-2 9.12088E-2
-9999 -9999 -9999 -9999 -9999 -9999 -9999 -9999 -9999 -9999 -9999 -9999 -9999 -9999 -9999 -9999 -9999 -9999 -9999 -9999 -9999 -9999 -9999 -9999 -9999 -9999 -9999 -9999 1.88786E-1 4.70559E-2 1.34918E-1 1.32909E-1 1.50034E-1 4.59287E-1 6.85718E-2 8.58429E-2 5.99435E-1 3.19972E-1 1.56829E-1 1.28249E-1 1.40304E-2 1.28399E-2 1.79878E-2 2.37259E-2 2.96946E-2 4.26116E-2 7.00083E-2 8.48816E-2 6.57891E-2 7.5444E-2 9.57295E-2 1.00694E-1 1.00152E-1 2.11758E-1 1.32802E-1 1.51702E-1 2.20263E-1 2.23263E-1 2.60945E-1 2.07234E-1 5.90865E-2 3.88431E-2 5.08757E-2 8.11448E-2 9.17362E-2 1.21988E-1
-9999 -9999 -9999 -9999 -9999 -9999 -9999 -9999 -9999 -9999 -9999 -9999 -9999 -9999 -9999 -9999 -9999 -9999 -9999 -9999 -9999 -9999 -9999 -9999 -9999 -9999 -9999 -9999 1.74211E-1 9.63754E-2 3.46278E-1 9.74214E-2 1.72453E-1 7.6704E-1 4.62166E-2 2.88853E-1 2.02815E-1 5.91112E-1 2.9796E-1 1.52859E-2 1.32777E-2 1.20566E-2 1.54992E-2 2.06898E-2 3.59441E-2 6.06636E-2 8.34302E-2 7.87214E-2 4.82343E-2 7.45891E-2 8.98052E-2 7.8302E-2 7.57548E-2 1.69335E-1 1.41261E-1 1.50026E-1 1.6053E-1 1.88968E-1 1.70496E-1 2.78245E-1 1.91304E-1 4.10432E-2 9.44301E-2 8.93131E-2 1.27531E-1 1.42729E-1
-9999 -9999 -9999 -9999 -9999 -9999 -9999 -9999 -9999 -9999 -9999 -9999 -9999 -9999 -9999 -9999 -9999 -9999 -9999 -9999 -9999 -9999 -9999 -9999 -9999 -9999 -9999 -9999 -9999 1.12053E-1 7.92344E-2 8.78693E-2 1.54113E-1 7.54672E-1 2.90019E-2 2.90157E-1 1.58571E-1 1.26198E-1 1.59853E-2 1.26532E-2 1.41411E-2 1.10575E-2 1.36179E-2 1.9048E-2 2.80744E-2 3.95218E-2 5.58636E-2 3.30576E-1 2.75785E-1 8.044E-2 1.36165E-1 1.18401E-1 6.6353E-2 1.11747E-1 1.94351E-1 1.99325E-1 1.43423E-1 1.04415E-1 9.00832E-2 8.9115E-2 8.78798E-2 2.06392E-2 2.04147E-2 1.2635E-2 1.04314E-1 1.01197E-1
-9999 -9999 -9999 -9999 -9999 -9999 -9999 -9999 -9999 -9999 -9999 -9999 -9999 -9999 -9999 -9999 -9999 -9999 -9999 -9999 -9999 -9999 -9999 -9999 -9999 -9999 -9999 -9999 2.84344E-1 1.79139E-1 1.26486E-1 4.55092E-2 6.86828E-1 4.53828E-2 2.30847E-2 1.41142E-1 6.85603E-1 2.0972E-2 1.83404E-2 1.1198E-2 1.20298E-2 1.18024E-2 1.23197E-2 1.85999E-2 1.05878E-1 1.22557E-1 1.63404E-1 2.23392E-1 2.68879E-1 1.33139E-1 1.46769E-1 1.44349E-1 9.667E-2 1.90844E-1 1.97886E-1 1.37518E-1 9.41682E-2 8.15256E-2 5.94616E-2 6.1262E-2 6.15896E-2 4.94976E-2 7.22924E-3 6.21523E-3 8.23807E-3 7.28506E-2
-9999 -9999 -9999 -9999 -9999 -9999 -9999 -9999 -9999 -9999 -9999 -9999 -9999 -9999 -9999 -9999 -9999 -9999 -9999 -9999 1.14149E-1 -9999 -9999 -9999 -9999 -9999 -9999 -9999 -9999 5.29994E-1 9.69094E-2 1.51324E-1 7.81563E-1 2.3294E-2 8.23742E-2 2.42008E-1 2.90337E-2 1.94363E-2 1.68433E-2 1.48979E-2 1.37561E-2 1.24436E-2 7.96893E-2 8.60226E-2 9.65576E-2 1.09157E-1 1.13026E-1 1.32858E-1 1.57862E-1 1.79582E-1 1.40773E-1 6.55344E-2 9.27448E-2 1.13268E-1 1.18897E-1 9.47259E-2 6.59995E-2 5.90478E-2 7.0444E-2 5.45913E-2 1.44842E-2 1.49132E-2 1.70855E-2 2.05174E-2 2.18326E-2 1.57869E-1
-9999 -9999 -9999 -9999 -9999 -9999 -9999 -9999 -9999 -9999 -9999 -9999 -9999 -9999 -9999 -9999 -9999 -9999 -9999 -9999 -9999 -9999 -9999 -9999 -9999 -9999 -9999 9.51315E-2 1.15813E-1 9.47718E-2 1.55438E-1 4.73808E-1 7.52022E-1 2.55628E-2 3.00522E-1 1.27213E-1 4.60119E-2 1.81376E-2 2.07374E-2 2.10979E-2 8.53671E-2 7.49468E-2 7.76683E-2 8.01829E-2 7.44281E-2 7.87776E-2 7.57127E-2 9.34158E-2 1.10173E-1 1.05047E-1 1.04008E-1 6.44232E-2 7.09891E-2 6.23258E-2 8.235E-2 7.32331E-2 6.42284E-2 6.09214E-2 5.93959E-2 6.61727E-2 7.40211E-2 1.67536E-2 2.49923E-2 3.42924E-2 9.66246E-2 6.2667E-2
-9999 -9999 -9999 -9999 -9999 -9999 -9999 -9999 -9999 -9999 -9999 -9999 -9999 -9999 -9999 -9999 -9999 -9999 -9999 -9999 -9999 -9999 -9999 -9999 -9999 -9999 1.50138E-1 1.40231E-1 2.29864E-2 6.40526E-2 4.27325E-1 5.96224E-1 6.13282E-1 5.01581E-2 4.06683E-1 4.23248E-2 3.94652E-2 6.38808E-2 3.05464E-2 1.48872E-1 9.47324E-2 8.94934E-2 7.69001E-2 6.81177E-2 6.35455E-2 6.05718E-2 5.97386E-2 5.95931E-2 5.51661E-2 5.90404E-2 5.94469E-2 6.33309E-2 6.07086E-2 7.243E-2 5.22282E-2 6.93696E-2 6.57187E-2 6.88412E-2 6.68066E-2 7.15581E-2 1.86256E-2 2.31151E-2 2.47854E-2 1.92965E-1 2.70776E-2 1.64908E-2
-9999 -9999 -9999 -9999 -9999 -9999 -9999 -9999 -9999 -9999 -9999 -9999 -9999 -9999 -9999 -9999 -9999 -9999 -9999 -9999 -9999 -9999 -9999 -9999 -9999 -9999 2.0874E-1 1.06444E-1 8.35068E-2 5.6431E-1 5.85639E-1 5.85909E-1 5.73528E-2 5.43856E-1 5.5002E-2 6.14875E-2 6.32225E-2 8.36506E-2 1.1763E-1 1.35398E-1 1.0361E-1 8.16831E-2 6.55442E-2 6.28996E-2 6.18233E-2 5.97501E-2 5.94231E-2 5.13872E-2 4.45825E-2 3.28325E-2 3.49813E-2 5.63431E-2 5.80376E-2 5.49339E-2 5.71321E-2 6.86748E-2 7.77554E-2 8.1885E-2 7.3692E-2 7.14775E-2 9.26369E-2 1.85031E-2 1.41021E-1 9.06983E-2 1.3155E-1 6.55002E-2
2.09454E-2 -9999 -9999 -9999 -9999 -9999 -9999 -9999 -9999 -9999 -9999 -9999 -9999 -9999 -9999 -9999 -9999 -9999 -9999 -9999 -9999 -9999 -9999 -9999 -9999 1.58613E-1 1.01524E-1 8.26366E-2 1.10398E-1 4.75082E-2 7.1349E-1 6.22663E-1 9.27103E-2 1.05026E-1 6.47509E-2 6.67378E-2 6.41713E-2 6.75636E-2 8.61901E-2 8.72842E-2 8.50473E-2 6.37867E-2 6.19921E-2 6.45497E-2 6.4853E-2 6.1772E-2 5.84131E-2 5.51052E-2 4.71348E-2 3.13736E-2 3.70529E-2 5.29646E-2 5.05321E-2 6.13211E-2 7.96844E-2 8.77188E-2 7.98881E-2 9.49303E-2 8.14553E-2 7.65156E-2 8.62283E-2 1.74507E-1 1.62368E-1 1.26853E-1 8.57756E-2 7.13848E-2
1.95743E-2 -9999 -9999 -9999 -9999 -9999 -9999 -9999 -9999 -9999 -9999 -9999 -9999 -9999 -9999 -9999 -9999 -9999 -9999 -9999 -9999 -9999 -9999 -9999 7.28593E-2 1.18449E-1 1.34334E-1 1.11093E-1 7.63109E-1 7.16381E-1 6.52501E-1 1.10804E-1 8.92751E-2 8.10719E-2 7.90741E-2 7.39974E-2 7.01422E-2 6.84003E-2 6.83612E-2 8.4181E-2 7.21584E-2 6.12675E-2 6.28616E-2 7.30177E-2 7.49659E-2 7.22333E-2 6.84073E-2 6.32517E-2 5.62524E-2 5.23811E-2 6.12865E-2 6.22708E-2 6.44948E-2 7.23285E-2 7.60765E-2 6.96403E-2 8.50357E-2 7.72928E-2 9.7379E-2 8.76819E-2 1.62721E-1 2.1937E-1 2.46744E-1 1.46523E-1 1.01099E-1 6.92903E-2
-9999 -9999 4.38066E-2 -9999 -9999 -9999 -9999 -9999 -9999 -9999 -9999 -9999 -9999 -9999 -9999 -9999 -9999 -9999 -9999 -9999 -9999 -9999 -9999 1.4924E-1 1.25232E-1 1.33574E-1 1.56623E-1 6.41137E-1 3.14167E-1 6.28949E-1 7.3937E-2 9.34411E-2 8.45683E-2 7.38575E-2 8.22846E-2 8.01222E-2 7.64743E-2 7.45333E-2 7.33809E-2 7.64866E-2 6.71055E-2 6.43677E-2 6.78537E-2 7.52144E-2 7.6241E-2 7.44244E-2 7.48416E-2 6.9938E-2 6.40801E-2 6.83949E-2 7.24502E-2 6.28317E-2 7.0556E-2 6.83279E-2 8.48946E-2 1.05142E-1 1.12965E-1 7.59847E-2 1.32421E-1 1.53162E-1 1.86978E-1 2.21514E-1 2.04253E-1 1.666E-1 1.08647E-1 1.08536E-1
4.39874E-2 7.35823E-2 3.53423E-2 3.6402E-2 3.43383E-2 -9999 -9999 -9999 -9999 -9999 -9999 -9999 -9999 -9999 -9999 -9999 -9999 -9999 -9999 -9999 -9999 -9999 -9999 7.77606E-2 1.97383E-1 2.49767E-1 6.68772E-1 2.22641E-1 3.49147E-1 6.82656E-2 6.99655E-2 7.48243E-2 7.17249E-2 7.04441E-2 8.32668E-2 8.35498E-2 8.08347E-2 7.7159E-2 7.49662E-2 7.81311E-2 6.99031E-2 7.22887E-2 7.46953E-2 7.393E-2 8.03939E-2 8.17128E-2 7.90472E-2 7.79375E-2 7.34145E-2 7.82267E-2 8.60222E-2 7.32632E-2 6.59733E-2 6.63119E-2 7.70908E-2 1.02993E-1 1.1808E-1 1.09366E-1 1.23588E-1 1.42674E-1 1.4796E-1 1.76507E-1 1.77935E-1 1.14677E-1 1.12777E-1 1.07034E-1
4.94538E-2 5.16009E-2 2.91976E-2 3.7152E-3 -9999 -9999 -9999 -9999 -9999 -9999 -9999 -9999 -9999 -9999 -9999 -9999 -9999 -9999 -9999 -9999 -9999 -9999 -9999 2.17079E-2 1.12288E-1 2.66007E-1 7.01805E-1 7.89843E-2 4.71568E-1 6.8624E-2 6.30549E-2 6.42166E-2 6.64888E-2 6.21615E-2 7.41747E-2 8.83491E-2 8.468E-2 7.92512E-2 7.5372E-2 7.26642E-2 7.1768E-2 7.49452E-2 7.63985E-2 7.56707E-2 8.56448E-2 8.65062E-2 8.11524E-2 8.2491E-2 8.30382E-2 8.13698E-2 8.30278E-2 8.09952E-2 7.63757E-2 7.56143E-2 7.52699E-2 8.5759E-2 9.38911E-2 1.01919E-1 1.06745E-1 1.15217E-1 1.34421E-1 1.54303E-1 1.58443E-1 1.24672E-1 1.20231E-1 1.39628E-1
2.09141E-2 3.84474E-2 1.53259E-2 3.32372E-2 6.13947E-2 6.65592E-2 -9999 -9999 -9999 -9999 -9999 -9999 -9999 -9999 -9999 -9999 -9999 -9999 -9999 -9999 -9999 -9999 1.7566E-3 3.9636E-3 1.65558E-1 2.57349E-1 2.6449E-1 9.28857E-2 3.83154E-1 6.79499E-2 5.83333E-2 6.04866E-2 5.76384E-2 5.78503E-2 6.42022E-2 7.14782E-2 7.74757E-2 8.00513E-2 7.06425E-2 6.86735E-2 7.88893E-2 8.14841E-2 7.61814E-2 8.65288E-2 9.54356E-2 9.42819E-2 8.81565E-2 8.40512E-2 8.1217E-2 8.34442E-2 8.27916E-2 7.95067E-2 7.39447E-2 7.26526E-2 7.32767E-2 7.43655E-2 8.92894E-2 9.98048E-2 1.35188E-1 1.108E-1 1.07266E-1 1.26664E-1 1.41641E-1 1.24762E-1 1.18716E-1 1.31139E-1
-9999 1.606E-2 6.31046E-3 1.80862E-2 4.30548E-2 -9999 -9999 -9999 -9999 -9999 -9999 -9999 -9999 -9999 -9999 -9999 -9999 -9999 -9999 -9999 -9999 1.73342E-3 3.39485E-3 1.62867E-2 6.89334E-2 2.61055E-1 4.58026E-2 4.44703E-1 8.73409E-2 7.31179E-2 6.29795E-2 5.84624E-2 5.68952E-2 5.70199E-2 5.87152E-2 6.58369E-2 7.39811E-2 8.21821E-2 7.91939E-2 7.92909E-2 7.77403E-2 7.59829E-2 7.97329E-2 9.36537E-2 1.05337E-1 1.06814E-1 8.47362E-2 7.89903E-2 7.88493E-2 8.31929E-2 7.7153E-2 7.65112E-2 7.41161E-2 7.3848E-2 7.50754E-2 8.22625E-2 8.83708E-2 1.13609E-1 1.30871E-1 1.20562E-1 1.10352E-1 1.16201E-1 1.3337E-1 1.64227E-1 1.63688E-1 1.34127E-1
-9999 -9999 -9999 -9999 -9999 -9999 -9999 -9999 -9999 -9999 -9999 -9999 -9999 -9999 -9999 -9999 -9999 -9999 -9999 -9999 -9999 -9999 5.60952E-3 8.93743E-3 4.90173E-2 1.30192E-1 1.67756E-1 5.13735E-1 6.73193E-2 6.78988E-2 5.76336E-2 5.31141E-2 5.51759E-2 5.45332E-2 6.06339E-2 7.22726E-2 7.15781E-2 7.0373E-2 7.18901E-2 7.61004E-2 7.55719E-2 7.47022E-2 8.6597E-2 9.90411E-2 1.14367E-1 1.21935E-1 7.86874E-2 7.12955E-2 7.55133E-2 7.68524E-2 7.66714E-2 8.01017E-2 7.66205E-2 7.53359E-2 7.95189E-2 8.03821E-2 8.85751E-2 9.14976E-2 9.99913E-2 9.73982E-2 1.18441E-1 1.53038E-1 1.42752E-1 1.48023E-1 1.64383E-1 1.32214E-1
-9999 -9999 -9999 -9999 -9999 -9999 -9999 -9999 -9999 -9999 -9999 -9999 -9999 -9999 -9999 -9999 -9999 -9999 -9999 -9999 -9999 1.21611E-3 1.56083E-3 6.28E-3 3.34026E-3 1.07013E-1 1.80311E-1 4.45257E-1 5.8091E-2 4.63188E-2 5.06597E-2 5.20368E-2 4.84538E-2 5.10552E-2 6.0532E-2 7.1804E-2 6.30639E-2 6.1808E-2 6.06426E-2 6.62087E-2 7.06428E-2 7.73061E-2 8.89459E-2 9.93976E-2 1.03565E-1 1.03449E-1 8.31268E-2 7.27611E-2 7.44139E-2 7.35414E-2 7.39329E-2 7.20912E-2 7.90027E-2 8.3668E-2 8.53667E-2 8.77651E-2 8.62207E-2 8.84251E-2 8.9626E-2 9.60918E-2 1.12954E-1 1.47373E-1 1.7768E-1 1.39249E-1 1.22502E-1 1.49035E-1
-9999 -9999 -9999 -9999 -9999 -9999 -9999 -9999 -9999 -9999 -9999 -9999 -9999 -9999 -9999 -9999 -9999 -9999 -9999 -9999 -9999 -9999 1.3772E-3 8.97862E-4 4.68124E-3 1.2644E-1 1.94537E-1 9.53709E-2 4.55404E-2 4.13428E-2 4.21506E-2 4.44928E-2 4.46995E-2 4.76262E-2 5.39518E-2 5.67008E-2 5.97628E-2 6.06466E-2 6.35294E-2 6.742E-2 7.29211E-2 7.91626E-2 9.05605E-2 9.06395E-2 9.14548E-2 9.43128E-2 8.35723E-2 7.86602E-2 7.76635E-2 7.49424E-2 7.22263E-2 7.13793E-2 8.4304E-2 9.427E-2 9.91198E-2 8.90973E-2 8.86465E-2 8.87826E-2 9.10209E-2 1.0177E-1 1.27867E-1 1.63435E-1 2.32199E-1 2.00251E-1 1.63988E-1 1.48827E-1
-9999 -9999 -9999 -9999 -9999 -9999 -9999 -9999 -9999 -9999 -9999 -9999 -9999 -9999 -9999 -9999 -9999 -9999 -9999 -9999 -9999 -9999 -9999 1.21474E-3 2.63393E-2 2.80689E-1 3.26789E-1 6.30977E-2 4.15189E-2 4.33602E-2 4.1571E-2 4.2383E-2 4.32086E-2 4.46019E-2 4.62952E-2 5.05226E-2 5.77635E-2 6.03666E-2 6.9666E-2 7.23577E-2 7.23038E-2 7.3604E-2 8.14988E-2 8.36033E-2 8.30902E-2 8.57808E-2 8.66073E-2 8.08821E-2 7.55281E-2 7.58062E-2 7.7154E-2 7.71464E-2 9.28826E-2 1.01858E-1 1.13154E-1 1.00772E-1 9.27003E-2 9.27765E-2 9.66181E-2 1.16332E-1 1.19974E-1 1.83933E-1 2.30403E-1 2.8609E-1 2.62557E-1 1.7526E-1
