final project/Practice/maxentOut/species_4_maxentOut.asc
ncols         186
nrows         192
xllcorner     -125.0
yllcorner     -56.0
cellsize      0.5
NODATA_value  -9999
[rows 0 to 28 of 192, columns 0 to 65 of 186]
-9999 4.02235E-3 4.3771E-4 1.38015E-5 8.37466E-6 1.89817E-6 4.90276E-6 1.11669E-5 6.92784E-6 5.5258E-6 1.39344E-6 4.29236E-7 3.1006E-7 3.18404E-7 4.03486E-7 9.65777E-7 1.84217E-6 1.62135E-6 1.15149E-6 7.91783E-7 7.25855E-7 3.58513E-7 1.81712E-7 1.51697E-7 1.8991E-7 5.06875E-7 4.4567E-8 5.31055E-8 5.07742E-8 5.93472E-8 8.39942E-8 1.4555E-7 3.12815E-7 2.83854E-7 3.21654E-8 6.30758E-8 2.35349E-8 8.29677E-8 3.13727E-7 2.57377E-7 1.11909E-7 2.78148E-8 1.77162E-8 2.52401E-8 2.72601E-8 3.15497E-8 3.78946E-8 2.68206E-8 3.25168E-8 3.41386E-8 3.15758E-8 2.28313E-8 3.02799E-8 4.32407E-8 9.24436E-8 1.09969E-7 9.1268E-8 1.51551E-7 2.01215E-7 2.88108E-7 2.70999E-7 2.12264E-7 2.64744E-7 4.36727E-7 4.95695E-7 4.49804E-7
-9999 -9999 2.10225E-3 3.67174E-5 3.78939E-6 1.43194E-6 1.97823E-6 6.61537E-6 3.63589E-5 4.73016E-6 4.01795E-6 3.78772E-7 3.8624E-7 4.39198E-7 7.45776E-7 1.36518E-6 1.93836E-6 2.21976E-6 1.05559E-6 5.67847E-7 6.59188E-7 3.20603E-8 1.12578E-7 1.16241E-7 8.32796E-8 3.53885E-7 5.11747E-7 1.14013E-7 1.91303E-7 1.23541E-7 1.20901E-6 3.5252E-7 3.44594E-7 5.32538E-7 7.2526E-7 2.66374E-8 5.34192E-8 1.49466E-7 6.7774E-8 9.22223E-8 1.15474E-7 6.00373E-8 2.80028E-8 2.23423E-8 2.10499E-8 3.30888E-8 3.84583E-8 3.07615E-8 3.82067E-8 4.05416E-8 4.64396E-8 3.30196E-8 3.60054E-8 4.37195E-8 1.08202E-7 1.51556E-7 1.74369E-7 2.53008E-7 3.69012E-7 5.66713E-7 8.30595E-7 5.67978E-7 5.57957E-7 5.33738E-7 5.43238E-7 6.98875E-7
-9999 -9999 5.73819E-3 4.6056E-4 1.47021E-5 2.62289E-6 1.8256E-6 4.06602E-6 9.54893E-6 2.27519E-5 2.01237E-6 1.27019E-6 6.60118E-7 5.33414E-7 5.94642E-7 7.96897E-8 2.70278E-6 1.2682E-7 7.59037E-7 4.21692E-8 5.85511E-7 5.6474E-7 2.71221E-7 1.04024E-7 2.50439E-7 5.18995E-8 8.83613E-8 5.09723E-7 2.36132E-7 4.65617E-8 1.8612E-7 7.15897E-7 1.35506E-7 7.21862E-7 3.56029E-7 1.13353E-8 7.64995E-9 5.43396E-8 1.92972E-8 7.74344E-8 1.47887E-7 3.8812E-8 1.12946E-8 8.68767E-9 1.01799E-8 2.12054E-8 2.04209E-8 2.24507E-8 2.54972E-8 3.00394E-8 3.93108E-8 4.76496E-8 8.26359E-8 8.02646E-8 1.36512E-7 1.84395E-7 2.61325E-7 3.36414E-7 4.65743E-7 7.28143E-7 8.19396E-7 5.99174E-7 6.76312E-7 6.01738E-7 6.62006E-7 8.17317E-7
-9999 -9999 -9999 2.56542E-3 4.1423E-4 6.16905E-5 7.17907E-6 4.56576E-6 2.72246E-6 1.37542E-5 1.59818E-5 3.1767E-5 3.48665E-6 8.12484E-7 5.68696E-7 7.0973E-7 1.70864E-6 1.14862E-6 1.08739E-6 6.72903E-7 8.44154E-7 1.26394E-6 9.3209E-7 3.62357E-7 6.06192E-7 1.07528E-6 1.75335E-6 1.15097E-6 1.60459E-7 2.37034E-7 3.76266E-7 1.26774E-6 5.25075E-7 9.18275E-8 5.93904E-7 9.54404E-9 8.00412E-9 2.91296E-8 7.25119E-8 9.75486E-8 6.53483E-8 1.6006E-8 7.28009E-9 7.66704E-9 7.69368E-9 1.07051E-8 1.1669E-8 2.44389E-8 3.25358E-8 4.08267E-8 4.8355E-8 7.27841E-8 1.32978E-7 1.39279E-7 1.94237E-7 2.13914E-7 2.5945E-7 3.45431E-7 4.16384E-7 6.31541E-7 5.09328E-7 5.68941E-7 6.45961E-7 6.51384E-7 7.83684E-7 7.45238E-7
-9999 -9999 -9999 6.36441E-3 5.47033E-3 1.44465E-3 1.21513E-5 2.2188E-6 1.41544E-6 1.8736E-6 1.04888E-5 1.46065E-5 1.47099E-6 3.27216E-6 6.62773E-7 1.17516E-6 1.33749E-6 2.21621E-6 1.64432E-6 1.19612E-6 1.15609E-6 1.44231E-6 1.26139E-6 1.59791E-6 1.48142E-7 7.71043E-8 2.22044E-6 1.15554E-6 4.67322E-7 5.38997E-7 3.05367E-6 9.5528E-7 1.06134E-6 2.30329E-7 2.21266E-7 1.34311E-7 1.36622E-7 2.17565E-7 1.71486E-7 1.13346E-7 1.80449E-7 4.76731E-8 1.75702E-8 1.90587E-8 2.02313E-8 1.61891E-8 1.41601E-8 2.72152E-8 4.37391E-8 6.26847E-8 1.03822E-7 1.25754E-7 1.65842E-7 1.68155E-7 2.34211E-7 3.92382E-7 4.67932E-7 4.1084E-7 5.83129E-7 7.64334E-7 7.511E-7 8.04274E-7 6.91775E-7 8.87627E-7 1.20278E-6 8.98093E-7
-9999 -9999 -9999 -9999 -9999 1.39851E-3 3.82879E-5 2.23302E-6 1.0375E-6 7.00871E-7 1.47352E-6 1.39353E-5 1.53119E-5 6.12092E-6 8.18205E-7 8.7143E-7 1.4156E-6 3.19859E-6 2.42748E-6 1.50357E-6 1.26729E-6 1.14883E-6 1.89122E-6 2.91466E-6 2.22846E-6 2.01118E-6 1.44866E-6 1.1397E-6 6.57627E-7 9.26467E-7 5.01147E-7 2.34457E-7 5.80684E-7 2.04099E-6 6.52406E-7 2.58471E-8 1.73968E-7 7.96976E-7 4.94492E-8 1.01667E-7 2.09393E-7 1.31975E-7 8.70478E-8 9.70413E-8 6.98149E-8 3.84581E-8 3.33505E-8 5.11507E-8 7.85453E-8 6.64473E-8 9.22625E-8 1.61291E-7 1.41151E-7 2.25945E-7 2.71342E-7 3.94313E-7 6.28729E-7 5.758E-7 6.51157E-7 8.03429E-7 1.71068E-6 1.66041E-6 1.52334E-6 1.48806E-6 1.29662E-6 1.22284E-6
-9999 -9999 -9999 -9999 -9999 2.12535E-3 6.30202E-4 4.88184E-6 6.02087E-7 5.31814E-7 5.95889E-7 1.93294E-6 1.76994E-5 4.49037E-5 1.70445E-6 6.71727E-7 7.12941E-7 1.53187E-6 1.9913E-6 3.31571E-6 9.63779E-7 1.14885E-6 2.82241E-6 3.80257E-6 2.13291E-6 4.4056E-6 2.03144E-6 1.68176E-6 3.36718E-6 2.70166E-6 6.95211E-7 9.82557E-7 3.29795E-7 5.56274E-7 6.83488E-7 2.98774E-8 2.85558E-8 1.57858E-7 4.00825E-7 1.97587E-7 1.14618E-7 2.46671E-7 2.58614E-7 1.68973E-7 1.11839E-7 8.90929E-8 9.26029E-8 9.37102E-8 9.3992E-8 9.55398E-8 1.27231E-7 1.63454E-7 1.82463E-7 2.2923E-7 3.39791E-7 5.10938E-7 8.2964E-7 7.52451E-7 8.85049E-7 1.23056E-6 2.12471E-6 2.0984E-6 1.83199E-6 1.32249E-6 1.25274E-6 9.0151E-7
-9999 -9999 -9999 -9999 -9999 -9999 7.1291E-4 1.65014E-5 7.75107E-7 3.45884E-7 4.24424E-7 6.80111E-7 4.8627E-6 1.16313E-5 4.34601E-6 1.74496E-6 6.78721E-7 6.62584E-7 5.61379E-6 1.68232E-6 1.89335E-6 1.90765E-6 5.38243E-6 8.33044E-6 4.80789E-6 9.10743E-6 2.64264E-6 1.42703E-6 1.92982E-6 2.87465E-6 1.21075E-6 2.63999E-6 1.05545E-6 6.08542E-7 8.69784E-7 6.77948E-7 1.20174E-7 2.31061E-6 2.17761E-6 4.7287E-7 1.00803E-7 1.22388E-7 1.49827E-7 1.74397E-7 1.63422E-7 1.66221E-7 1.32435E-7 1.13996E-7 1.18572E-7 1.19128E-7 2.16804E-7 2.99477E-7 2.72456E-7 3.95431E-7 7.88404E-7 8.43105E-7 7.75161E-7 9.1517E-7 1.50207E-6 2.00379E-6 3.11732E-6 3.06391E-6 3.76487E-6 3.88446E-6 1.46886E-6 1.22327E-6
-9999 -9999 -9999 -9999 -9999 -9999 -9999 1.10703E-4 3.29144E-6 4.03184E-7 3.13017E-7 4.17281E-7 1.52798E-6 3.10257E-6 1.74086E-6 9.57177E-7 7.75946E-7 7.16891E-7 2.10995E-6 4.51191E-6 3.84969E-6 5.68192E-6 8.99455E-6 8.11902E-6 8.68436E-6 6.36443E-7 4.53915E-7 8.65318E-7 1.03231E-6 1.27978E-6 1.72467E-6 1.87409E-7 1.34389E-6 1.13001E-6 7.23925E-7 7.5512E-7 3.44293E-7 4.12716E-7 1.23223E-6 4.16475E-7 2.14166E-7 1.55858E-7 1.61334E-7 1.5599E-7 1.63301E-7 2.19828E-7 2.37367E-7 2.55519E-7 2.93411E-7 2.6842E-7 2.86208E-7 3.16236E-7 4.8959E-7 6.64002E-7 9.41782E-7 1.42012E-6 1.29346E-6 1.55531E-6 2.0922E-6 2.74538E-6 3.9377E-6 4.39892E-6 5.41579E-6 4.65709E-6 3.50866E-6 2.7109E-6
-9999 -9999 -9999 -9999 -9999 -9999 -9999 6.92824E-4 4.22801E-4 9.95756E-6 1.99448E-6 7.19184E-7 1.29844E-6 2.06586E-5 1.91923E-6 1.7219E-6 1.41745E-6 1.26965E-6 5.19909E-6 1.48568E-5 4.75175E-6 8.0158E-6 9.66155E-6 9.0027E-6 5.57258E-6 1.57737E-6 1.75146E-6 3.66751E-6 9.41035E-7 1.02361E-6 1.32062E-6 1.73064E-6 1.09977E-7 1.86274E-7 1.46096E-7 1.81383E-7 2.48765E-6 3.59226E-7 3.38489E-6 2.31688E-6 2.32392E-7 2.14661E-7 2.4208E-7 2.23863E-7 2.66643E-7 3.5991E-7 4.50293E-7 3.84327E-7 4.43296E-7 3.19773E-7 3.26949E-7 5.54737E-7 6.30908E-7 8.4484E-7 1.42919E-6 2.08077E-6 2.05035E-6 2.78044E-6 3.51422E-6 3.48684E-6 2.80159E-6 2.64101E-6 2.80303E-6 2.35889E-6 2.97012E-6 4.699E-6
-9999 -9999 -9999 -9999 -9999 -9999 -9999 -9999 2.37458E-3 3.23545E-4 4.44856E-5 2.65238E-5 7.53186E-6 9.80406E-6 2.76831E-6 2.73985E-6 2.74654E-6 2.3105E-6 5.54303E-6 1.20332E-5 5.85649E-6 4.22736E-6 6.91786E-6 1.18382E-5 6.38155E-7 8.50186E-7 1.10486E-6 1.45812E-6 3.64459E-6 1.38243E-6 1.44629E-6 1.79772E-6 1.47082E-6 1.16145E-7 2.33552E-6 1.63727E-6 1.23139E-6 3.9721E-7 2.70491E-6 3.31502E-6 4.44185E-6 3.56747E-7 4.1786E-7 4.93547E-7 3.9087E-7 3.97263E-7 4.80651E-7 2.8365E-7 3.01529E-7 3.73274E-7 3.55211E-7 4.83824E-7 6.07968E-7 1.25439E-6 1.44874E-6 1.68072E-6 2.59013E-6 3.0975E-6 4.79602E-6 5.05717E-6 3.81412E-6 5.62329E-6 4.3048E-6 4.25708E-6 6.40015E-6 9.33626E-6
-9999 -9999 -9999 -9999 -9999 -9999 -9999 -9999 -9999 2.4404E-3 8.44714E-4 3.51524E-4 7.50138E-5 2.71999E-5 7.66038E-6 1.95883E-6 1.79282E-6 3.87274E-6 5.42171E-6 9.2457E-6 6.69497E-6 3.21965E-6 3.08398E-6 4.20569E-6 1.11717E-5 1.74822E-6 1.3765E-6 1.57214E-6 1.3172E-6 5.1811E-7 8.13359E-7 3.54248E-7 2.20023E-6 1.59775E-7 1.68129E-7 2.13027E-7 1.70107E-6 5.6839E-6 7.20129E-6 4.58353E-6 3.84375E-6 2.58357E-7 3.98853E-7 4.84838E-7 3.64449E-7 4.54565E-7 6.58602E-7 5.67043E-7 4.83E-7 5.43744E-7 5.14346E-7 4.53194E-7 5.76759E-7 1.04232E-6 1.55427E-6 2.55738E-6 3.64348E-6 3.89067E-6 5.473E-6 6.70343E-6 6.19935E-6 7.12011E-6 7.01816E-6 7.5032E-6 8.50234E-6 1.33937E-5
-9999 -9999 -9999 -9999 -9999 -9999 -9999 -9999 -9999 4.58542E-3 2.64182E-3 -9999 -9999 4.8105E-4 1.07262E-4 7.5804E-6 2.56886E-6 4.66242E-6 5.81978E-6 1.06131E-5 6.12017E-6 4.26083E-6 5.54096E-6 5.38588E-6 5.70868E-6 6.16646E-6 8.59852E-6 1.35081E-6 1.62318E-6 1.15205E-6 1.97045E-6 1.37753E-6 2.4854E-7 3.016E-6 2.62657E-7 4.79878E-6 1.98962E-6 6.16492E-6 9.29432E-7 1.00301E-5 3.18678E-6 2.34344E-6 3.98027E-7 4.71101E-7 5.1875E-7 8.09533E-7 1.06055E-6 1.00444E-6 8.09792E-7 5.01487E-7 6.18835E-7 6.12346E-7 9.00101E-7 1.34121E-6 2.23941E-6 3.69748E-6 6.09232E-6 6.37478E-6 6.32123E-6 6.87276E-6 6.68341E-6 9.05692E-6 1.17156E-5 1.07998E-5 9.52122E-6 1.23468E-5
-9999 -9999 -9999 -9999 -9999 -9999 -9999 -9999 -9999 -9999 4.13456E-3 3.83097E-3 3.56459E-3 2.56568E-3 5.47895E-4 1.47844E-4 8.57856E-6 6.93297E-6 3.49271E-6 5.28212E-6 6.0648E-6 1.20519E-5 1.55315E-5 7.93637E-6 4.88707E-6 5.50077E-6 6.60067E-6 2.28664E-5 2.28169E-6 1.24401E-5 1.34012E-5 5.5324E-7 6.90951E-7 5.18944E-7 7.10695E-7 5.70755E-6 7.21735E-6 4.05927E-6 7.63989E-6 2.76865E-5 5.46014E-6 2.82245E-6 3.64722E-7 4.09406E-7 6.04157E-7 8.22157E-7 1.25385E-6 1.34201E-6 9.00347E-7 7.605E-7 1.15709E-6 1.27293E-6 1.45478E-6 2.0424E-6 2.57139E-6 4.45869E-6 6.19754E-6 6.2378E-6 5.71418E-6 5.88383E-6 8.89381E-6 1.38294E-5 1.54332E-5 1.54451E-5 1.41392E-5 1.25002E-5
-9999 -9999 -9999 -9999 -9999 -9999 -9999 -9999 -9999 -9999 -9999 -9999 4.44954E-3 4.93443E-3 -9999 6.35924E-4 2.07502E-5 1.45061E-6 4.69748E-6 2.84579E-6 5.93032E-6 1.3248E-5 1.68005E-5 1.43128E-5 1.16029E-5 9.43566E-6 5.00487E-6 1.81925E-5 3.51742E-5 2.96223E-5 7.68687E-6 2.41995E-7 5.25648E-6 1.3018E-5 8.29637E-7 4.15298E-6 4.14212E-6 2.95961E-6 6.72673E-6 3.11002E-6 1.05098E-5 4.60236E-6 5.19604E-7 8.62772E-7 9.48767E-7 8.37445E-7 1.33475E-6 2.14453E-6 1.99736E-6 2.17142E-6 2.99895E-6 2.77662E-6 1.92444E-6 2.8226E-6 4.26758E-6 6.3578E-6 7.16832E-6 5.94647E-6 7.20273E-6 7.47459E-6 1.40881E-5 2.2228E-5 2.53807E-5 1.7759E-5 2.00872E-5 2.44229E-5
-9999 -9999 -9999 -9999 -9999 -9999 -9999 -9999 -9999 -9999 -9999 -9999 -9999 -9999 -9999 9.35591E-4 6.24094E-5 8.65892E-6 2.06882E-5 5.79993E-6 7.47647E-6 2.03111E-5 3.20046E-5 3.15485E-5 2.71487E-5 1.39693E-5 1.08696E-5 1.58799E-5 5.60684E-5 2.58087E-5 1.20813E-5 7.21133E-6 4.13515E-6 4.36346E-6 3.32385E-6 3.40283E-6 5.91072E-6 5.63907E-6 1.15106E-5 9.60212E-6 2.48683E-6 1.1816E-5 1.01968E-5 8.1251E-7 1.20711E-6 1.36933E-6 1.77756E-6 2.14705E-6 2.34122E-6 3.49228E-6 4.59162E-6 4.27701E-6 3.38575E-6 5.3524E-6 3.54799E-6 5.55724E-6 7.36964E-6 8.43421E-6 1.25085E-5 1.47122E-5 1.98169E-5 2.27573E-5 2.87379E-5 1.73444E-5 2.42504E-5 3.671E-5
-9999 -9999 -9999 -9999 -9999 -9999 -9999 -9999 -9999 -9999 -9999 -9999 -9999 -9999 -9999 -9999 3.81541E-4 2.96356E-5 7.51658E-6 2.00691E-5 1.9573E-5 3.31214E-5 5.35339E-5 4.34045E-5 2.09761E-5 1.39004E-5 2.80037E-5 3.5931E-5 4.50835E-6 3.71747E-5 2.41923E-5 1.76398E-6 7.29581E-6 3.90841E-6 2.54175E-6 3.04181E-6 5.3318E-6 5.77936E-6 7.09764E-6 4.63856E-6 1.13683E-6 1.38478E-5 7.03786E-6 4.74883E-7 7.78217E-7 1.49756E-6 1.49761E-6 1.70247E-6 2.23762E-6 2.81111E-6 3.35053E-6 4.00786E-6 4.97855E-6 5.61794E-6 5.2088E-6 6.7921E-6 9.37498E-6 1.20156E-5 1.63116E-5 2.19567E-5 2.31094E-5 2.13368E-5 1.85205E-5 2.15048E-5 3.45726E-5 4.00881E-5
-9999 -9999 -9999 -9999 -9999 -9999 -9999 -9999 -9999 -9999 -9999 -9999 -9999 -9999 -9999 -9999 3.2636E-3 6.61752E-4 2.27239E-5 8.25612E-5 4.30382E-5 5.74996E-5 1.19811E-4 6.64911E-5 2.83293E-5 1.943E-5 2.79017E-5 5.18658E-5 4.77815E-6 5.9941E-5 1.98548E-5 7.20913E-6 9.93935E-7 3.71372E-6 2.83924E-6 2.64656E-6 2.83929E-6 3.84439E-6 4.38365E-6 8.24361E-6 1.29527E-5 1.70991E-5 8.80044E-6 6.70717E-6 7.43571E-6 2.22467E-5 2.11591E-6 2.27228E-6 3.91644E-6 4.81387E-6 3.37348E-6 3.69392E-6 5.27159E-6 7.57888E-6 1.05932E-5 9.28517E-6 1.3616E-5 1.52788E-5 1.57097E-5 2.14379E-5 3.15148E-5 2.47676E-5 2.51976E-5 3.98245E-5 6.10806E-5 6.83708E-5
-9999 -9999 -9999 -9999 -9999 -9999 -9999 -9999 -9999 -9999 -9999 -9999 -9999 -9999 -9999 -9999 -9999 4.95635E-4 3.62938E-4 1.84473E-5 6.425E-5 -9999 -9999 4.76342E-5 3.03894E-5 1.57639E-5 1.3854E-5 3.0547E-5 5.40621E-6 4.09648E-6 1.86169E-6 1.06722E-5 1.55449E-5 7.73715E-6 7.48224E-6 3.74932E-6 2.67809E-6 5.57094E-6 1.31702E-5 1.29707E-5 1.11461E-5 4.60492E-5 4.12797E-5 2.35442E-5 3.14637E-5 4.0373E-5 3.65456E-5 5.18573E-5 4.21146E-6 4.94728E-6 3.9783E-6 5.27236E-6 6.5137E-6 9.50912E-6 1.55971E-5 1.33636E-5 2.59237E-5 2.84995E-5 2.79575E-5 2.8091E-5 4.32084E-5 5.77285E-5 5.39816E-5 6.79944E-5 8.53602E-5 1.06673E-4
-9999 -9999 -9999 -9999 -9999 -9999 -9999 -9999 -9999 -9999 -9999 -9999 -9999 -9999 -9999 -9999 -9999 4.31143E-4 1.91044E-4 1.12984E-4 6.4528E-5 -9999 -9999 -9999 4.33463E-5 3.70073E-5 5.27108E-5 6.44731E-5 1.09053E-4 6.9648E-6 6.64151E-5 2.79774E-5 2.23219E-6 1.56322E-6 1.29378E-5 8.58886E-6 7.24106E-6 1.11902E-5 1.676E-5 1.81437E-5 2.20949E-5 2.82265E-5 5.85061E-5 6.22027E-5 7.12899E-5 4.5644E-5 4.71329E-5 6.6105E-5 5.73267E-6 8.05009E-6 7.71487E-6 1.25569E-5 1.70424E-5 1.66093E-5 2.13272E-5 2.03409E-5 2.76493E-5 2.72374E-5 4.60097E-5 7.28725E-5 1.14128E-4 1.35619E-4 1.78756E-4 2.38692E-4 2.73651E-4 2.88743E-4
-9999 -9999 -9999 -9999 -9999 -9999 -9999 -9999 -9999 -9999 -9999 -9999 -9999 -9999 -9999 -9999 -9999 -9999 1.74621E-4 9.46191E-5 8.76012E-5 7.19028E-5 6.05552E-5 5.84731E-5 5.24291E-5 6.47099E-5 1.20577E-4 1.51683E-4 1.47829E-4 2.16759E-5 3.40552E-6 6.9085E-6 4.36038E-6 4.32473E-6 1.67466E-6 1.30744E-6 2.21741E-5 2.3244E-5 2.047E-5 2.29982E-5 1.16589E-5 1.55381E-5 3.21133E-5 3.84318E-5 4.66179E-5 5.87224E-5 7.07813E-5 8.67165E-5 1.48705E-4 1.33502E-5 1.42564E-5 2.12348E-5 2.71682E-5 2.75415E-5 2.12906E-5 2.7635E-5 3.55294E-5 3.97767E-5 1.02012E-4 2.89609E-4 3.20578E-4 4.31971E-4 5.3771E-4 5.98915E-4 6.10174E-4 5.89251E-4
-9999 -9999 -9999 -9999 -9999 -9999 -9999 -9999 -9999 -9999 -9999 -9999 -9999 3.90052E-2 -9999 -9999 -9999 -9999 -9999 1.04909E-4 1.0328E-4 1.30799E-4 9.25764E-5 7.58991E-5 8.58317E-5 9.69558E-5 1.00611E-4 1.31931E-4 1.26131E-4 1.19988E-4 1.55468E-5 9.16585E-6 5.66565E-6 1.22332E-5 2.43119E-6 1.59092E-6 3.08612E-6 3.50211E-5 2.4742E-5 2.84309E-5 2.26776E-5 2.6618E-5 2.4034E-5 3.24318E-6 1.12887E-5 2.65388E-5 2.38915E-4 1.35987E-4 1.82593E-4 1.39242E-5 1.50551E-5 2.9704E-4 3.69051E-4 2.65963E-5 2.80815E-5 3.83329E-5 6.62389E-5 9.14495E-5 2.03E-4 4.54765E-4 7.69238E-4 -9999 -9999 -9999 -9999 -9999
-9999 -9999 -9999 -9999 -9999 -9999 -9999 -9999 -9999 -9999 -9999 -9999 -9999 3.46459E-2 -9999 -9999 -9999 -9999 -9999 -9999 1.05753E-4 1.1861E-4 1.71708E-4 8.679E-5 9.31293E-5 1.1806E-4 1.24877E-4 1.79707E-4 2.38966E-4 4.85693E-5 3.148E-5 4.31385E-5 2.04131E-5 1.6259E-5 2.80716E-6 1.82018E-6 3.42678E-6 6.76922E-5 3.62649E-5 3.01873E-5 2.67535E-5 6.83382E-5 9.6761E-5 5.51784E-5 2.4749E-4 4.97216E-5 3.28065E-5 2.20078E-4 1.6937E-4 2.13771E-4 2.2418E-4 2.27304E-4 2.32554E-4 2.08372E-5 4.17844E-5 8.42705E-5 2.16692E-4 3.76133E-4 4.57715E-4 5.74752E-4 -9999 -9999 -9999 -9999 -9999 -9999
-9999 -9999 -9999 -9999 -9999 -9999 -9999 -9999 -9999 -9999 -9999 -9999 -9999 -9999 -9999 -9999 -9999 -9999 2.94907E-5 2.4533E-5 -9999 1.43936E-4 1.58571E-4 1.58209E-4 9.79674E-5 1.07202E-4 1.74869E-4 3.93389E-4 5.49365E-4 3.26607E-4 3.35911E-5 7.46588E-5 4.21925E-5 3.41256E-5 1.27636E-5 4.15123E-6 4.33206E-6 7.42211E-5 5.95886E-5 3.28152E-5 4.47879E-5 6.53339E-5 1.13418E-4 1.93496E-4 3.33408E-4 5.99386E-5 4.25039E-4 1.27263E-4 1.18494E-4 1.70848E-4 2.16202E-4 1.95041E-4 2.07188E-4 4.00209E-4 6.92127E-5 2.15114E-4 5.17473E-4 6.19145E-4 -9999 -9999 -9999 -9999 -9999 -9999 -9999 -9999
-9999 -9999 -9999 -9999 -9999 -9999 -9999 -9999 -9999 -9999 -9999 -9999 -9999 -9999 -9999 -9999 -9999 -9999 -9999 3.41035E-4 3.41638E-4 2.02896E-4 1.67536E-4 1.57255E-4 1.47127E-4 1.11573E-4 -9999 4.47994E-4 4.85973E-4 3.34004E-4 3.97159E-5 5.36793E-5 7.84959E-5 3.76378E-5 3.23872E-5 1.50168E-5 7.42801E-6 8.13246E-5 8.53676E-5 4.60945E-5 5.05083E-5 7.93873E-5 2.15395E-4 2.71282E-4 5.59226E-4 7.27629E-4 5.39539E-4 8.17012E-5 8.09767E-5 1.53063E-4 2.20665E-4 2.47206E-4 3.27517E-4 6.02197E-4 1.19736E-4 3.98976E-4 6.29547E-4 -9999 -9999 -9999 -9999 -9999 -9999 -9999 -9999 -9999
-9999 -9999 -9999 -9999 -9999 -9999 -9999 -9999 -9999 -9999 -9999 -9999 -9999 -9999 -9999 -9999 -9999 -9999 -9999 -9999 3.74288E-4 2.67107E-4 2.24393E-4 1.31895E-4 1.66564E-4 1.48481E-4 1.2676E-4 -9999 3.12509E-4 4.85404E-5 3.61672E-5 3.76955E-5 6.09344E-5 4.26737E-5 5.22534E-5 3.90788E-5 1.79729E-5 1.37228E-4 1.41468E-4 6.03946E-5 4.21502E-5 1.10049E-4 2.78808E-5 4.22691E-4 5.91787E-4 4.58506E-4 2.54355E-4 1.10211E-4 1.33026E-4 1.54561E-4 2.01348E-4 3.10487E-4 4.64446E-4 7.89523E-4 1.64919E-4 4.06609E-4 -9999 -9999 -9999 -9999 -9999 -9999 -9999 -9999 -9999 -9999
-9999 -9999 -9999 -9999 -9999 -9999 -9999 -9999 -9999 -9999 -9999 -9999 -9999 -9999 -9999 -9999 -9999 -9999 -9999 -9999 -9999 2.19546E-4 2.10005E-4 1.5927E-4 2.48513E-4 3.77878E-4 2.30661E-4 2.65126E-4 -9999 -9999 5.17769E-5 4.53061E-5 4.59173E-5 8.61431E-5 5.60768E-5 1.13134E-4 5.09751E-5 1.67997E-5 1.13047E-5 8.47142E-5 4.89796E-5 6.45987E-5 2.00189E-4 2.98835E-4 3.3591E-4 2.45761E-4 1.86661E-5 2.12113E-5 3.39081E-4 3.40134E-4 2.70512E-4 3.85934E-4 5.93225E-4 9.35246E-4 1.89641E-4 5.73701E-4 -9999 -9999 -9999 -9999 -9999 -9999 -9999 -9999 -9999 -9999
-9999 -9999 -9999 -9999 -9999 -9999 -9999 -9999 -9999 -9999 -9999 -9999 -9999 -9999 -9999 -9999 -9999 -9999 -9999 -9999 -9999 -9999 -9999 -9999 2.35925E-4 3.50705E-4 4.25401E-4 3.50095E-4 -9999 -9999 -9999 4.84027E-5 4.88625E-5 1.30449E-4 3.80783E-4 2.68197E-4 1.53166E-4 4.34168E-5 1.27876E-5 8.93687E-6 7.28686E-5 7.24563E-5 1.08548E-4 1.43852E-4 1.94105E-4 4.14884E-4 5.68681E-4 4.66414E-4 6.87937E-4 1.32466E-3 8.35074E-4 4.13942E-4 6.19467E-4 1.22508E-3 3.16166E-3 6.59449E-4 -9999 -9999 -9999 -9999 -9999 -9999 -9999 -9999 -9999 -9999
-9999 -9999 -9999 -9999 -9999 -9999 -9999 -9999 -9999 -9999 -9999 -9999 -9999 -9999 -9999 -9999 -9999 -9999 -9999 -9999 -9999 -9999 -9999 -9999 -9999 2.42042E-4 3.7291E-4 4.25853E-4 3.32649E-4 -9999 -9999 6.63048E-5 7.75936E-5 7.81939E-5 3.06944E-4 1.06168E-3 5.89598E-4 2.05192E-4 3.74401E-5 8.96491E-6 1.14098E-4 1.18334E-4 1.06493E-4 8.05821E-5 1.56719E-4 2.96946E-4 5.18198E-4 7.46813E-4 1.57274E-3 1.95441E-3 6.86592E-4 4.47823E-4 9.56893E-4 1.5583E-3 3.44851E-3 5.57762E-4 -9999 -9999 -9999 -9999 -9999 -9999 -9999 -9999 -9999 -9999
