final project/Practice/maxentOut/species_2_maxentOut_clamping.asc
ncols         186
nrows         192
xllcorner     -125.0
yllcorner     -56.0
cellsize      0.5
NODATA_value  -9999
[rows 64 to 95 of 192, columns 72 to 143 of 186]
-9999 -9999 -9999 -9999 -9999 -9999 -9999 -9999 -9999 -9999 -9999 -9999 -9999 1.22949E-1 1.11031E-1 7.45739E-2 3.52594E-2 3.71806E-3 5.89986E-3 -9999 -9999 1.93469E-1 1.76667E-1 1.50948E-1 1.63147E-1 9.96344E-2 1.00397E-1 2.34774E-1 3.34326E-1 9.24233E-2 2.44278E-1 0E0 0E0 0E0 3.56638E-3 1.53949E-2 1.75972E-2 2.31312E-2 1.33207E-2 3.90621E-3 3.14046E-3 3.33172E-3 6.13189E-3 4.62913E-3 4.78695E-3 6.17348E-3 8.59918E-3 7.81859E-3 6.76118E-3 4.48732E-3 2.81141E-3 2.04602E-3 2.30618E-3 2.05386E-3 1.3914E-2 3.27168E-2 7.28227E-2 9.32023E-2 1.07144E-1 1.13135E-1 1.30585E-1 -9999 -9999 -9999 -9999 -9999 -9999 -9999 -9999 -9999 -9999 -9999
-9999 -9999 -9999 -9999 -9999 -9999 -9999 -9999 -9999 -9999 -9999 -9999 -9999 9.13141E-2 1.10971E-1 9.74211E-2 5.72077E-2 3.10836E-2 -9999 -9999 -9999 3.56319E-1 2.83778E-1 1.77411E-1 2.64698E-1 0E0 0E0 6.08446E-2 1.43341E-1 1.32609E-1 2.96677E-1 5.15754E-2 0E0 0E0 2.58816E-2 1.76991E-2 1.16813E-2 9.30482E-3 7.26923E-3 7.17813E-3 6.79212E-3 5.93012E-3 1.00696E-2 9.67291E-3 6.63732E-3 5.61125E-3 1.05547E-2 1.86776E-2 7.94261E-2 4.25414E-2 2.26257E-2 3.60972E-3 1.83534E-2 3.71356E-3 1.23596E-2 1.888E-2 5.15939E-2 7.12243E-2 8.30077E-2 9.40004E-2 1.30212E-1 1.68869E-1 -9999 -9999 -9999 -9999 -9999 -9999 -9999 -9999 -9999 -9999
-9999 -9999 -9999 -9999 -9999 -9999 -9999 -9999 -9999 -9999 -9999 -9999 -9999 -9999 -9999 -9999 -9999 -9999 -9999 -9999 -9999 -9999 2.66761E-1 1.69018E-1 1.09755E-1 0E0 0E0 0E0 8.14404E-2 2.58879E-1 1.49376E-1 0E0 0E0 0E0 2.70618E-2 2.09593E-2 9.87995E-3 9.72499E-3 9.14042E-3 1.13722E-2 1.21918E-2 1.28445E-2 1.44438E-2 1.31014E-2 5.32811E-3 2.6855E-2 4.48179E-2 7.40951E-2 1.39604E-1 9.12113E-2 1.41712E-2 6.00548E-2 7.48666E-2 5.23962E-2 2.8562E-2 2.60186E-2 3.54518E-2 5.57146E-2 7.06031E-2 8.06661E-2 9.68991E-2 1.25703E-1 1.44389E-1 -9999 -9999 -9999 -9999 -9999 -9999 -9999 -9999 -9999
-9999 -9999 -9999 -9999 -9999 -9999 -9999 -9999 -9999 -9999 -9999 -9999 -9999 -9999 -9999 -9999 -9999 -9999 -9999 -9999 -9999 -9999 -9999 1.56376E-1 1.1685E-1 0E0 0E0 0E0 8.03442E-2 1.28346E-1 3.16318E-2 0E0 0E0 0E0 3.05897E-2 1.33449E-2 1.09798E-2 1.09946E-2 1.25973E-2 1.56528E-2 1.90578E-2 2.27675E-2 2.19919E-2 1.81958E-2 3.53264E-2 3.83332E-2 5.42478E-2 4.06401E-2 1.44462E-1 1.53189E-1 3.55178E-2 3.24101E-2 1.24988E-1 8.93553E-2 6.89171E-2 4.98273E-2 1.41194E-2 5.39367E-2 7.6066E-2 8.49234E-2 7.87929E-2 8.27089E-2 4.82217E-2 1.49659E-1 1.50489E-1 -9999 -9999 6.71718E-2 -9999 -9999 -9999 -9999
-9999 -9999 -9999 -9999 -9999 -9999 -9999 -9999 -9999 -9999 -9999 -9999 -9999 -9999 -9999 -9999 -9999 -9999 -9999 -9999 -9999 -9999 1.94082E-1 6.06743E-2 2.78153E-1 1.126E-2 0E0 8.25545E-3 6.38381E-2 6.24176E-2 0E0 0E0 0E0 1.43485E-2 1.41569E-2 1.0652E-2 1.13828E-2 1.36854E-2 1.86514E-2 2.50847E-2 3.40334E-2 3.47359E-2 2.80995E-2 6.11488E-2 4.10615E-2 1.96735E-2 3.72229E-2 0E0 1.30164E-1 1.54311E-1 1.28284E-1 1.91737E-1 9.58721E-2 3.76107E-2 0E0 0E0 1.63719E-2 3.49651E-2 8.49962E-2 1.08989E-1 1.01939E-1 7.98719E-2 8.0053E-2 1.23984E-1 1.4116E-1 8.93668E-2 8.50896E-2 7.09831E-2 7.4282E-2 8.14257E-2 1.0185E-1 1.35087E-1
-9999 -9999 -9999 -9999 -9999 -9999 -9999 -9999 -9999 -9999 -9999 -9999 -9999 -9999 -9999 -9999 -9999 -9999 -9999 -9999 -9999 -9999 1.9715E-1 1.72237E-1 5.71898E-1 2.38099E-2 0E0 1.46667E-2 1.91517E-2 0E0 0E0 0E0 0E0 1.62209E-2 9.51348E-3 8.13392E-3 1.09032E-2 1.57367E-2 2.3691E-2 3.49672E-2 4.15342E-2 3.52821E-2 2.46921E-2 6.04266E-2 5.18272E-2 5.55767E-2 5.13863E-2 0E0 1.27722E-1 1.43745E-1 1.58316E-1 1.89681E-1 1.62839E-1 0E0 0E0 0E0 0E0 5.22675E-3 5.87066E-2 1.27376E-1 1.21793E-1 8.40261E-2 7.53045E-2 1.00128E-1 1.16457E-1 1.07623E-1 8.04214E-2 7.02757E-2 6.68861E-2 7.17868E-2 8.67972E-2 1.31279E-1
-9999 -9999 -9999 -9999 -9999 -9999 -9999 -9999 -9999 -9999 -9999 -9999 -9999 -9999 -9999 -9999 -9999 -9999 -9999 -9999 -9999 -9999 -9999 2.2121E-1 1.65751E-1 0E0 0E0 1.12725E-2 6.78431E-3 0E0 0E0 1.30528E-2 1.83988E-2 9.58084E-3 9.10239E-3 9.20681E-3 1.22497E-2 1.63212E-2 2.23964E-2 2.77975E-2 3.42246E-2 1.50844E-1 1.33079E-1 6.91034E-2 1.51714E-2 9.1074E-2 5.84726E-2 7.352E-2 3.90561E-2 0E0 8.24937E-2 8.98679E-2 7.02875E-2 3.31861E-2 0E0 0E0 0E0 1.53313E-3 4.46218E-2 9.62551E-2 1.08951E-1 9.17251E-2 9.04669E-2 9.29237E-2 8.58884E-2 1.04061E-1 8.13038E-2 7.61418E-2 7.60424E-2 7.46918E-2 8.35667E-2 1.07994E-1
-9999 -9999 -9999 -9999 -9999 -9999 -9999 -9999 -9999 -9999 -9999 -9999 -9999 -9999 -9999 -9999 -9999 -9999 -9999 -9999 -9999 -9999 3.99225E-1 3.23713E-1 1.02523E-1 0E0 0E0 0E0 6.77442E-3 0E0 0E0 2.20571E-2 1.65968E-2 9.41365E-3 1.01122E-2 1.17455E-2 1.29815E-2 1.62645E-2 9.01141E-2 1.0547E-1 1.16489E-1 1.31284E-1 1.47721E-1 1.08168E-1 1.20046E-1 1.1614E-1 5.9244E-2 0E0 0E0 2.97928E-2 4.23317E-2 3.29302E-2 3.97325E-2 3.19564E-2 2.78204E-2 3.01236E-2 2.22974E-3 1.04735E-3 2.78672E-3 5.63572E-2 9.1927E-2 9.52743E-2 9.02441E-2 7.9572E-2 8.4322E-2 9.62206E-2 8.41969E-2 7.49277E-2 8.0692E-2 7.43648E-2 8.21264E-2 9.89418E-2
-9999 -9999 -9999 -9999 -9999 -9999 -9999 -9999 -9999 -9999 -9999 -9999 -9999 -9999 9.38806E-2 -9999 -9999 -9999 -9999 -9999 -9999 -9999 -9999 4.26443E-1 2.7732E-2 0E0 4.32339E-3 1.27213E-2 0E0 2.91347E-3 2.14253E-2 1.87271E-2 1.45186E-2 1.24999E-2 1.23099E-2 1.19848E-2 6.66053E-2 7.23665E-2 8.22437E-2 9.28796E-2 9.67509E-2 1.05086E-1 1.18676E-1 1.28533E-1 1.10466E-1 7.28942E-2 5.49559E-2 2.70076E-2 0E0 2.04948E-2 3.60376E-2 3.37661E-2 2.77747E-2 4.748E-2 1.1683E-2 8.66161E-3 5.04194E-3 4.4688E-3 6.18456E-3 4.76795E-2 8.02159E-2 8.58718E-2 7.79649E-2 7.28363E-2 8.28141E-2 9.16367E-2 8.73435E-2 8.38408E-2 8.55959E-2 7.603E-2 7.29906E-2 7.0265E-2
-9999 -9999 -9999 -9999 -9999 -9999 -9999 -9999 -9999 -9999 -9999 -9999 -9999 -9999 -9999 -9999 -9999 -9999 -9999 -9999 -9999 8.16266E-2 2.25155E-1 1.72041E-1 0E0 0E0 0E0 1.03926E-2 5.27208E-3 3.87507E-2 2.74362E-2 1.66997E-2 1.76495E-2 1.64239E-2 7.27776E-2 6.31085E-2 6.49277E-2 6.80208E-2 7.21259E-2 7.27382E-2 7.45623E-2 8.16759E-2 9.20307E-2 8.66266E-2 8.25664E-2 6.68205E-2 5.68982E-2 6.31501E-2 3.54711E-2 1.77595E-2 3.23016E-2 3.80431E-2 4.67405E-2 5.50157E-2 6.7673E-2 1.1966E-2 9.29343E-3 1.15923E-2 4.9579E-2 3.88669E-2 5.52758E-2 6.84355E-2 6.40656E-2 6.43006E-2 7.05289E-2 7.78865E-2 8.18648E-2 8.12858E-2 7.9415E-2 7.81644E-2 7.05011E-2 5.95497E-2
-9999 -9999 -9999 -9999 -9999 -9999 -9999 -9999 -9999 -9999 -9999 -9999 -9999 -9999 -9999 -9999 -9999 -9999 -9999 -9999 1.35258E-1 1.31513E-1 5.13265E-2 8.58896E-2 0E0 0E0 0E0 0E0 0E0 2.21207E-2 2.303E-2 2.68751E-2 2.03325E-2 9.35476E-2 8.0701E-2 7.57755E-2 6.64339E-2 6.70097E-2 6.69313E-2 6.58049E-2 6.3139E-2 6.07171E-2 5.77987E-2 5.71341E-2 5.63407E-2 5.90237E-2 5.86939E-2 6.39334E-2 5.03667E-2 6.07286E-3 1.59863E-2 4.17276E-2 5.41482E-2 6.18867E-2 1.47861E-2 1.88316E-2 1.33588E-2 7.01582E-2 1.47725E-2 8.95927E-3 4.7424E-2 5.59744E-2 5.8867E-2 5.86571E-2 6.02794E-2 6.26809E-2 6.59279E-2 6.74286E-2 7.48765E-2 7.40478E-2 6.69859E-2 6.10796E-2
-9999 -9999 -9999 -9999 -9999 -9999 -9999 -9999 -9999 -9999 -9999 -9999 -9999 -9999 -9999 -9999 -9999 -9999 -9999 -9999 1.8023E-1 1.24231E-1 6.81665E-2 0E0 0E0 0E0 0E0 0E0 3.22895E-2 5.70524E-2 5.67331E-2 6.65578E-2 8.48409E-2 8.87703E-2 8.24953E-2 6.82597E-2 6.28685E-2 6.78332E-2 6.66806E-2 6.29194E-2 5.88104E-2 5.05152E-2 4.35402E-2 3.35312E-2 3.57755E-2 4.97368E-2 5.27858E-2 5.30562E-2 5.10168E-2 4.80077E-2 3.63302E-2 4.36012E-2 6.19993E-2 6.47731E-2 7.43036E-2 1.49546E-2 7.62877E-2 7.27638E-2 8.11708E-2 4.87124E-2 5.16396E-2 5.74759E-2 5.53278E-2 5.1871E-2 4.89488E-2 4.10798E-2 4.45344E-2 5.7236E-2 6.43399E-2 7.03933E-2 6.56824E-2 6.40313E-2
-9999 -9999 -9999 -9999 -9999 -9999 -9999 -9999 -9999 -9999 -9999 -9999 -9999 -9999 -9999 -9999 -9999 -9999 -9999 1.79768E-1 9.20762E-2 1.42435E-1 5.66121E-2 0E0 0E0 0E0 0E0 5.87545E-2 5.85406E-2 5.71204E-2 5.63308E-2 5.50189E-2 6.97818E-2 7.23707E-2 6.99937E-2 6.36431E-2 6.65173E-2 6.89539E-2 6.42607E-2 5.80744E-2 5.3029E-2 4.7807E-2 4.00841E-2 2.91106E-2 3.45146E-2 4.58908E-2 4.71588E-2 4.97036E-2 4.59974E-2 4.92789E-2 7.39349E-2 7.61242E-2 7.04359E-2 6.95789E-2 7.1825E-2 1.06699E-1 1.1125E-1 1.0397E-1 7.87683E-2 6.55848E-2 6.06255E-2 5.96099E-2 5.34282E-2 4.84341E-2 4.25926E-2 3.46464E-2 8.00525E-3 5.13752E-2 5.99177E-2 6.61143E-2 6.79907E-2 6.82438E-2
-9999 -9999 -9999 -9999 -9999 -9999 -9999 -9999 -9999 -9999 -9999 -9999 -9999 -9999 -9999 -9999 -9999 -9999 1.67519E-2 1.24392E-1 1.22531E-1 5.36062E-2 0E0 0E0 0E0 2.10888E-2 8.12926E-2 8.24135E-2 7.43525E-2 7.03092E-2 6.46879E-2 6.01322E-2 6.27466E-2 6.85116E-2 6.50625E-2 6.51868E-2 6.45189E-2 6.79923E-2 6.16828E-2 5.66537E-2 5.39836E-2 4.94877E-2 4.40469E-2 4.21925E-2 5.05516E-2 5.13588E-2 4.3062E-2 4.67149E-2 5.53159E-2 6.95097E-2 7.44068E-2 7.22465E-2 8.00472E-2 7.23764E-2 1.0772E-1 1.28116E-1 1.48802E-1 1.16801E-1 8.43378E-2 6.76093E-2 6.70478E-2 6.10367E-2 5.54883E-2 4.90283E-2 4.35388E-2 3.92975E-2 8.57703E-3 4.8757E-2 5.76984E-2 6.70483E-2 6.94722E-2 7.1004E-2
-9999 -9999 -9999 -9999 -9999 -9999 -9999 -9999 -9999 -9999 -9999 -9999 -9999 -9999 -9999 -9999 -9999 1.20963E-1 5.93382E-2 1.22621E-1 6.58434E-2 0E0 0E0 0E0 3.70879E-2 6.7095E-2 7.33531E-2 7.01757E-2 7.9011E-2 8.14424E-2 7.62932E-2 7.04917E-2 7.12829E-2 6.80826E-2 6.60395E-2 6.39866E-2 6.19557E-2 5.99831E-2 5.89557E-2 5.69544E-2 5.72706E-2 5.52123E-2 5.19977E-2 5.72219E-2 6.18287E-2 4.7623E-2 4.36774E-2 5.1651E-2 7.04049E-2 8.7678E-2 9.41336E-2 7.04739E-2 9.09655E-2 1.00693E-1 1.18837E-1 1.30702E-1 1.29462E-1 1.09071E-1 8.07744E-2 9.04803E-2 7.43425E-2 6.54077E-2 5.69648E-2 5.24703E-2 4.64318E-2 4.49779E-2 9.54857E-3 1.07365E-2 5.83916E-2 6.60683E-2 7.25672E-2 7.55104E-2
-9999 -9999 -9999 -9999 -9999 -9999 -9999 -9999 -9999 -9999 -9999 -9999 -9999 -9999 -9999 -9999 -9999 1.49884E-2 1.6E-1 2.03642E-1 0E0 0E0 0E0 2.55792E-2 4.68383E-2 5.64065E-2 6.14187E-2 6.59826E-2 8.80834E-2 9.06718E-2 8.73696E-2 7.68211E-2 7.51897E-2 7.32501E-2 6.56314E-2 6.33968E-2 6.13649E-2 5.77705E-2 6.21356E-2 6.24743E-2 6.11048E-2 6.14718E-2 6.00095E-2 6.53913E-2 7.28573E-2 6.16996E-2 5.30666E-2 5.3337E-2 6.44482E-2 8.6515E-2 9.90546E-2 8.92039E-2 9.22905E-2 1.02843E-1 1.06918E-1 1.13406E-1 1.10613E-1 8.48357E-2 8.59654E-2 8.98773E-2 7.73291E-2 8.09742E-2 6.96503E-2 5.70332E-2 5.37552E-2 5.01896E-2 5.00206E-2 5.2213E-2 5.61505E-2 6.48468E-2 7.14192E-2 8.30016E-2
-9999 -9999 -9999 -9999 -9999 -9999 -9999 -9999 -9999 -9999 -9999 -9999 -9999 -9999 -9999 -9999 -9999 1.61348E-3 4.509E-2 1.25495E-1 0E0 0E0 0E0 3.09339E-2 4.21569E-2 4.87595E-2 5.73126E-2 5.96358E-2 7.39938E-2 8.95733E-2 8.53637E-2 7.76708E-2 7.40335E-2 6.76817E-2 6.38573E-2 6.303E-2 6.0836E-2 5.96993E-2 6.52901E-2 6.59394E-2 6.2716E-2 6.50296E-2 6.72518E-2 6.73951E-2 6.92683E-2 6.81664E-2 6.43039E-2 6.3667E-2 6.33788E-2 7.2636E-2 7.89321E-2 8.21632E-2 8.5998E-2 9.04281E-2 1.00425E-1 1.02007E-1 1.02208E-1 9.18669E-2 9.40601E-2 1.07434E-1 8.17648E-2 8.20584E-2 6.68973E-2 7.58962E-2 7.19481E-2 5.37447E-2 5.2076E-2 5.33619E-2 5.54832E-2 6.65333E-2 7.54035E-2 8.45948E-2
-9999 -9999 -9999 -9999 -9999 -9999 -9999 -9999 -9999 -9999 -9999 -9999 -9999 -9999 -9999 -9999 2.74432E-4 1.58369E-3 1.04591E-1 6.68503E-2 0E0 0E0 0E0 3.80212E-2 3.76605E-2 4.56063E-2 5.01924E-2 5.256E-2 6.10251E-2 6.71935E-2 7.01435E-2 7.16045E-2 6.57267E-2 6.19831E-2 6.60411E-2 6.54361E-2 6.06646E-2 6.86876E-2 7.40559E-2 7.1794E-2 6.73454E-2 6.56011E-2 6.46388E-2 6.80208E-2 6.76119E-2 6.59693E-2 6.13855E-2 6.07615E-2 6.12802E-2 6.26221E-2 7.50935E-2 8.38603E-2 1.123E-1 9.25797E-2 8.27268E-2 9.26406E-2 1.0738E-1 1.06695E-1 1.00933E-1 1.12779E-1 1.06867E-1 1.05578E-1 9.67612E-2 1.0003E-1 9.27049E-2 7.04095E-2 5.54976E-2 5.49966E-2 5.71889E-2 6.09891E-2 7.4358E-2 7.77994E-2
-9999 -9999 -9999 -9999 -9999 -9999 -9999 -9999 -9999 -9999 -9999 -9999 -9999 -9999 -9999 2.45581E-4 3.41954E-4 2.63508E-3 4.82363E-2 0E0 0E0 0E0 2.73292E-2 4.50433E-2 4.42265E-2 4.42753E-2 4.70316E-2 4.81372E-2 5.40755E-2 5.80935E-2 6.21774E-2 6.69612E-2 6.50687E-2 6.42415E-2 6.24544E-2 6.15822E-2 6.3468E-2 7.42839E-2 8.2468E-2 8.20926E-2 6.54567E-2 6.10612E-2 6.21846E-2 6.61969E-2 6.14317E-2 6.14749E-2 6.05788E-2 6.08414E-2 6.27745E-2 6.87404E-2 7.43268E-2 9.53425E-2 1.10418E-1 9.1677E-2 8.37667E-2 9.3176E-2 1.14443E-1 1.38356E-1 1.32263E-1 1.16003E-1 1.23487E-1 1.07521E-1 1.12313E-1 1.23921E-1 1.30262E-1 1.1357E-1 7.72025E-2 5.81424E-2 5.52959E-2 4.80766E-2 6.4096E-2 8.25817E-2
-9999 -9999 -9999 -9999 -9999 -9999 -9999 -9999 -9999 -9999 -9999 -9999 -9999 -9999 -9999 -9999 4.50589E-4 1.30372E-3 3.1701E-2 0E0 0E0 0E0 2.35721E-2 4.11873E-2 4.19798E-2 4.14916E-2 4.43942E-2 4.65901E-2 5.16694E-2 5.77808E-2 5.64967E-2 5.60747E-2 5.72742E-2 6.11475E-2 6.07262E-2 5.94962E-2 6.82343E-2 7.71615E-2 8.68575E-2 9.63499E-2 6.08293E-2 5.51646E-2 5.89968E-2 6.00336E-2 5.98934E-2 6.33542E-2 6.15621E-2 6.15685E-2 6.59793E-2 6.71803E-2 7.44974E-2 7.69359E-2 8.45897E-2 8.25205E-2 9.46427E-2 1.1781E-1 1.24085E-1 1.28615E-1 1.37158E-1 1.12046E-1 1.08903E-1 1.13197E-1 1.1982E-1 1.41238E-1 1.4993E-1 1.40334E-1 1.00172E-1 8.16511E-2 5.57685E-2 6.82182E-2 9.42589E-2 1.10264E-1
-9999 -9999 -9999 -9999 -9999 -9999 -9999 -9999 -9999 -9999 -9999 -9999 -9999 -9999 -9999 2.17413E-4 2.35825E-4 1.87898E-3 2.25591E-3 1.63886E-2 0E0 0E0 1.55441E-2 3.33447E-2 3.77781E-2 4.01423E-2 3.84694E-2 4.10216E-2 4.8052E-2 5.61232E-2 4.98239E-2 4.88385E-2 4.79238E-2 5.27803E-2 5.62881E-2 6.15526E-2 7.00662E-2 7.66422E-2 7.90504E-2 7.88714E-2 6.3544E-2 5.50782E-2 5.69464E-2 5.62849E-2 5.80887E-2 5.98024E-2 6.36626E-2 6.88676E-2 7.13146E-2 7.38212E-2 7.25319E-2 7.48776E-2 7.63824E-2 8.28625E-2 9.78474E-2 1.21835E-1 1.38082E-1 1.16604E-1 1.0722E-1 1.14477E-1 1.13938E-1 1.1387E-1 1.23663E-1 1.69356E-1 2.0964E-1 1.49356E-1 9.84472E-2 7.58225E-2 9.04808E-2 9.90409E-2 1.25372E-1 1.1063E-1
-9999 -9999 -9999 -9999 -9999 -9999 -9999 -9999 -9999 -9999 -9999 -9999 -9999 -9999 -9999 -9999 4.99495E-4 2.98008E-4 1.80393E-3 0E0 0E0 0E0 3.20976E-2 3.32129E-2 3.30394E-2 3.46712E-2 3.46998E-2 3.72554E-2 4.10673E-2 4.34869E-2 4.67768E-2 4.69851E-2 4.92015E-2 5.27235E-2 5.64113E-2 6.11931E-2 6.99055E-2 7.3004E-2 7.54709E-2 7.15782E-2 6.38809E-2 5.94977E-2 5.95523E-2 6.0478E-2 6.05736E-2 6.26199E-2 7.12133E-2 7.81121E-2 8.38586E-2 7.54426E-2 7.50637E-2 7.56687E-2 7.80492E-2 8.77215E-2 1.07664E-1 1.2753E-1 1.70903E-1 1.35945E-1 1.15655E-1 1.1267E-1 1.00559E-1 1.09844E-1 1.38678E-1 1.74289E-1 1.75909E-1 1.04121E-1 7.23816E-2 7.14291E-2 8.47701E-2 9.07939E-2 1.05844E-1 9.77837E-2
-9999 -9999 -9999 -9999 -9999 -9999 -9999 -9999 -9999 -9999 -9999 -9999 -9999 -9999 -9999 -9999 -9999 2.08188E-4 2.01345E-3 0E0 0E0 0E0 3.44065E-2 3.72407E-2 3.48067E-2 3.49731E-2 3.52646E-2 3.58564E-2 3.51646E-2 3.7915E-2 4.42961E-2 4.67697E-2 5.44758E-2 5.82515E-2 5.94813E-2 6.12401E-2 6.71384E-2 6.99597E-2 7.10865E-2 7.25737E-2 7.03292E-2 6.71345E-2 6.51566E-2 6.61927E-2 6.8716E-2 7.13386E-2 7.89161E-2 8.557E-2 9.63069E-2 8.63447E-2 7.89829E-2 7.90473E-2 8.28126E-2 1.00161E-1 1.0446E-1 1.27317E-1 1.61854E-1 1.70024E-1 1.51548E-1 1.21918E-1 1.13365E-1 1.07199E-1 1.04073E-1 1.18422E-1 1.26584E-1 1.15869E-1 7.59222E-2 6.08323E-2 6.61213E-2 6.91602E-2 7.01803E-2 4.48485E-2
-9999 -9999 -9999 -9999 -9999 -9999 -9999 -9999 -9999 -9999 -9999 -9999 -9999 -9999 -9999 -9999 5.1074E-5 3.39172E-4 0E0 0E0 0E0 2.50053E-3 3.19429E-2 3.94678E-2 3.84171E-2 3.81242E-2 4.12642E-2 3.93481E-2 3.71437E-2 3.82097E-2 4.42101E-2 4.79926E-2 5.49416E-2 5.94174E-2 6.17795E-2 6.12416E-2 6.5362E-2 6.5125E-2 6.85904E-2 7.12264E-2 7.05188E-2 6.697E-2 6.76388E-2 7.30326E-2 7.70951E-2 8.39546E-2 8.61685E-2 9.24361E-2 9.80846E-2 8.7768E-2 8.06273E-2 8.15181E-2 8.84659E-2 1.0547E-1 1.10743E-1 1.03111E-1 1.24743E-1 1.27444E-1 1.176E-1 1.08227E-1 9.81289E-2 9.50336E-2 8.94781E-2 1.06198E-1 9.76595E-2 1.02692E-1 6.8908E-2 5.73267E-2 5.87641E-2 6.15313E-2 4.89965E-2 3.32108E-2
-9999 -9999 -9999 -9999 -9999 -9999 -9999 -9999 -9999 -9999 -9999 -9999 -9999 -9999 -9999 0E0 0E0 1.20381E-4 0E0 0E0 0E0 1.00509E-2 3.49052E-2 4.44449E-2 4.57221E-2 4.46287E-2 4.4193E-2 4.39415E-2 4.51089E-2 4.32469E-2 4.5995E-2 5.6504E-2 5.73495E-2 5.87871E-2 5.77046E-2 5.05754E-2 5.29506E-2 6.31109E-2 6.98535E-2 7.09665E-2 6.73397E-2 6.81485E-2 6.91608E-2 7.53937E-2 8.07616E-2 9.02236E-2 9.26029E-2 9.39462E-2 9.12324E-2 8.87127E-2 8.38296E-2 8.78364E-2 8.89178E-2 9.67579E-2 9.44629E-2 9.43854E-2 1.01155E-1 1.0004E-1 8.06789E-2 8.21994E-2 8.85229E-2 9.23837E-2 8.5844E-2 8.61787E-2 7.96929E-2 8.86908E-2 7.41237E-2 5.56808E-2 5.44218E-2 4.88102E-2 3.90572E-2 3.14055E-2
-9999 -9999 -9999 -9999 -9999 -9999 -9999 -9999 -9999 -9999 -9999 -9999 -9999 -9999 -9999 0E0 0E0 0E0 0E0 0E0 0E0 2.32457E-2 3.55757E-2 4.94017E-2 5.31082E-2 5.0009E-2 4.68666E-2 4.78328E-2 5.35389E-2 5.56645E-2 5.23782E-2 5.34824E-2 5.65635E-2 5.74638E-2 5.52694E-2 5.07218E-2 5.08097E-2 6.15428E-2 6.74965E-2 7.34103E-2 7.25372E-2 7.38426E-2 7.36536E-2 7.86117E-2 8.8853E-2 9.54186E-2 9.82451E-2 9.83802E-2 9.67767E-2 9.62819E-2 9.66577E-2 9.15027E-2 8.82805E-2 8.73454E-2 9.05005E-2 1.08715E-1 1.02087E-1 9.49798E-2 7.33644E-2 7.1563E-2 7.40257E-2 7.85952E-2 7.41483E-2 6.23222E-2 6.64245E-2 6.56247E-2 5.65846E-2 5.43802E-2 5.05247E-2 4.80095E-2 3.87132E-2 3.06514E-2
-9999 -9999 -9999 -9999 -9999 -9999 -9999 -9999 -9999 -9999 -9999 -9999 -9999 -9999 -9999 0E0 0E0 0E0 0E0 0E0 0E0 4.14904E-3 2.61632E-3 3.1653E-2 4.89639E-2 5.21186E-2 4.92697E-2 4.6346E-2 5.30326E-2 5.66698E-2 5.09211E-2 4.66417E-2 5.62826E-2 5.50803E-2 5.56865E-2 5.32514E-2 5.52888E-2 6.14749E-2 6.92963E-2 8.13797E-2 8.23947E-2 7.61988E-2 7.83349E-2 8.07925E-2 9.27935E-2 9.99956E-2 1.01353E-1 1.00068E-1 9.7796E-2 9.60035E-2 9.17908E-2 9.26282E-2 9.39606E-2 9.26022E-2 9.63298E-2 1.02518E-1 9.8518E-2 9.18399E-2 7.31415E-2 6.45748E-2 6.23275E-2 5.63079E-2 5.10426E-2 4.83075E-2 5.27543E-2 5.83871E-2 5.54107E-2 5.03789E-2 4.26733E-2 3.86187E-2 3.63402E-2 3.43628E-2
-9999 -9999 -9999 -9999 -9999 -9999 -9999 -9999 -9999 -9999 -9999 -9999 -9999 -9999 -9999 0E0 0E0 0E0 0E0 0E0 0E0 0E0 0E0 0E0 1.33343E-2 4.99994E-2 4.24424E-2 4.83494E-2 5.96829E-2 5.19713E-2 4.84565E-2 4.69329E-2 5.21705E-2 5.66411E-2 5.6485E-2 5.68015E-2 5.67964E-2 6.14784E-2 6.88669E-2 7.6242E-2 7.90092E-2 7.59664E-2 7.90199E-2 8.36758E-2 9.01762E-2 9.85489E-2 1.00688E-1 9.92127E-2 9.52004E-2 8.27878E-2 8.2408E-2 8.97801E-2 9.46175E-2 1.01453E-1 1.01753E-1 1.02262E-1 8.89993E-2 8.39077E-2 6.60171E-2 5.36298E-2 4.90259E-2 4.48525E-2 3.99989E-2 4.03935E-2 3.79926E-2 4.07415E-2 4.75173E-2 3.75209E-2 3.22804E-2 2.77953E-2 2.48948E-2 2.69576E-2
-9999 -9999 -9999 -9999 -9999 -9999 -9999 -9999 -9999 -9999 -9999 -9999 -9999 -9999 -9999 0E0 0E0 0E0 0E0 0E0 0E0 0E0 0E0 0E0 0E0 2.47481E-2 3.09046E-2 4.01163E-2 4.77135E-2 4.40479E-2 4.10952E-2 4.80284E-2 5.03709E-2 5.70202E-2 5.64566E-2 5.57364E-2 6.0004E-2 6.02171E-2 6.35966E-2 6.45138E-2 6.88959E-2 7.49985E-2 7.55981E-2 8.21991E-2 8.73973E-2 9.01355E-2 9.50592E-2 9.40433E-2 9.71293E-2 7.8587E-2 7.57201E-2 7.75988E-2 8.2001E-2 8.59301E-2 8.86292E-2 8.63005E-2 7.70432E-2 6.82424E-2 5.1581E-2 4.64497E-2 3.98744E-2 3.53636E-2 3.11867E-2 2.45101E-2 2.38971E-2 2.40254E-2 2.09253E-2 1.669E-2 1.84687E-2 1.71627E-2 1.69137E-2 1.7723E-2
-9999 -9999 -9999 -9999 -9999 -9999 -9999 -9999 -9999 -9999 -9999 -9999 -9999 -9999 -9999 -9999 0E0 0E0 0E0 0E0 0E0 0E0 0E0 0E0 2.59828E-3 3.68428E-3 1.36193E-2 2.9024E-2 3.25759E-2 3.4224E-2 3.75198E-2 4.73772E-2 4.99447E-2 5.44597E-2 5.39794E-2 5.80867E-2 5.80473E-2 6.4622E-2 6.21387E-2 5.62281E-2 6.24574E-2 7.16023E-2 7.07305E-2 7.66681E-2 8.00019E-2 8.2129E-2 7.9599E-2 8.02772E-2 8.34183E-2 7.68196E-2 6.99774E-2 6.50187E-2 6.46996E-2 6.79759E-2 7.35754E-2 7.16119E-2 6.34676E-2 5.05462E-2 3.89399E-2 3.39266E-2 2.92983E-2 2.10302E-2 1.68414E-2 1.49127E-2 1.12793E-2 1.01751E-2 1.05588E-2 9.43462E-3 1.00772E-2 9.91277E-3 8.90685E-3 7.66242E-3
-9999 -9999 -9999 -9999 -9999 -9999 -9999 -9999 -9999 -9999 -9999 -9999 -9999 -9999 -9999 -9999 -9999 -9999 0E0 0E0 0E0 0E0 0E0 0E0 1.10962E-2 6.57513E-3 1.42862E-2 2.13618E-2 2.27506E-2 2.98343E-2 3.53431E-2 4.55752E-2 4.92847E-2 5.24734E-2 5.16808E-2 5.31809E-2 6.08199E-2 6.72151E-2 6.11638E-2 5.35316E-2 5.62271E-2 6.15789E-2 6.53862E-2 6.95312E-2 7.43323E-2 7.48879E-2 6.7379E-2 6.21011E-2 7.01692E-2 7.01152E-2 6.1637E-2 5.21482E-2 4.96114E-2 5.28225E-2 5.62922E-2 5.66145E-2 5.02731E-2 3.68778E-2 2.60546E-2 2.10808E-2 1.77724E-2 1.23608E-2 8.3539E-3 7.18503E-3 5.50463E-3 4.84379E-3 4.41501E-3 4.64062E-3 4.48448E-3 4.13895E-3 4.19463E-3 2.72723E-3
-9999 -9999 -9999 -9999 -9999 -9999 -9999 -9999 -9999 -9999 -9999 -9999 -9999 -9999 -9999 -9999 -9999 -9999 0E0 0E0 0E0 0E0 0E0 0E0 0E0 0E0 1.46096E-2 2.44283E-2 2.4877E-2 2.96223E-2 3.29965E-2 4.10565E-2 4.52789E-2 4.70108E-2 4.65832E-2 4.80788E-2 5.93259E-2 6.26711E-2 5.37333E-2 4.62096E-2 4.29023E-2 4.60325E-2 5.63036E-2 6.23021E-2 6.73035E-2 7.18554E-2 6.39535E-2 5.54218E-2 6.42912E-2 6.22551E-2 5.73474E-2 4.41862E-2 3.94379E-2 3.88699E-2 4.25252E-2 4.12402E-2 3.98333E-2 3.01719E-2 1.87386E-2 1.18107E-2 9.80924E-3 7.82415E-3 6.44148E-3 2.8029E-3 1.26003E-3 1.66531E-3 1.52237E-3 1.76196E-3 1.85815E-3 9.81935E-4 1.01502E-3 1.11072E-3
