final project/Practice/maxentOut/species_maxentOut_median.asc
ncols         186
nrows         192
xllcorner     -125.0
yllcorner     -56.0
cellsize      0.5
NODATA_value  -9999
[rows 87 to 115 of 192, columns 66 to 131 of 186]
-9999 -9999 -9999 -9999 -9999 -9999 -9999 -9999 -9999 -9999 -9999 -9999 -9999 -9999 -9999 -9999 -9999 -9999 -9999 -9999 -9999 -9999 3.00264E-4 2.56211E-3 2.39582E-2 3.17247E-1 8.88879E-2 4.17063E-2 3.92965E-2 4.89815E-2 4.75619E-2 4.38264E-2 4.70871E-2 4.30796E-2 4.40664E-2 4.7136E-2 5.48759E-2 6.11809E-2 6.46546E-2 6.80787E-2 7.13786E-2 7.03237E-2 7.55534E-2 7.49764E-2 7.66328E-2 7.70695E-2 7.82374E-2 7.40534E-2 7.42877E-2 7.83822E-2 8.23394E-2 9.36454E-2 9.66773E-2 1.09353E-1 1.14599E-1 1.02446E-1 9.22261E-2 8.96043E-2 9.8954E-2 1.181E-1 1.28084E-1 1.45894E-1 1.83479E-1 2.01704E-1 1.89316E-1 1.61401E-1
-9999 -9999 -9999 -9999 -9999 -9999 -9999 -9999 -9999 -9999 -9999 -9999 -9999 -9999 -9999 -9999 -9999 -9999 -9999 -9999 -9999 2.9388E-4 8.2415E-4 2.54545E-3 2.09121E-2 3.0742E-1 8.38695E-2 3.72616E-2 4.23254E-2 5.34398E-2 5.58408E-2 5.50779E-2 5.0176E-2 4.75949E-2 5.02888E-2 4.92213E-2 5.14254E-2 6.61636E-2 6.29173E-2 6.31571E-2 6.24285E-2 5.52358E-2 5.878E-2 6.80522E-2 7.12511E-2 7.17816E-2 7.16532E-2 7.05703E-2 7.11585E-2 7.69037E-2 8.19336E-2 9.4906E-2 1.00144E-1 1.05016E-1 1.00986E-1 9.76887E-2 8.73806E-2 9.08094E-2 9.20765E-2 1.08036E-1 1.09657E-1 1.16479E-1 1.34029E-1 1.44152E-1 1.19094E-1 1.1827E-1
-9999 -9999 -9999 -9999 -9999 -9999 -9999 -9999 -9999 -9999 -9999 -9999 -9999 -9999 -9999 -9999 -9999 -9999 -9999 -9999 -9999 2.26663E-4 1.71262E-4 3.19638E-4 1.4422E-1 3.01607E-1 9.24442E-2 4.17633E-2 4.56164E-2 6.03608E-2 6.4918E-2 6.11072E-2 5.64707E-2 5.51785E-2 6.1673E-2 6.86907E-2 6.05814E-2 5.47865E-2 5.47413E-2 5.72598E-2 5.63269E-2 5.30733E-2 5.29659E-2 6.10412E-2 6.94329E-2 7.60919E-2 7.4986E-2 7.28963E-2 7.09151E-2 7.49574E-2 8.65555E-2 9.25855E-2 9.87519E-2 1.01174E-1 9.84031E-2 9.6651E-2 9.56933E-2 8.99293E-2 8.94299E-2 9.29064E-2 9.83229E-2 1.20709E-1 1.20891E-1 1.18698E-1 9.23743E-2 8.69702E-2
-9999 -9999 -9999 -9999 -9999 -9999 -9999 -9999 -9999 -9999 -9999 -9999 -9999 -9999 -9999 -9999 -9999 -9999 -9999 -9999 -9999 1.54199E-4 7.88529E-5 1.1417E-4 1.91502E-2 1.58801E-1 2.50724E-2 2.60814E-2 4.36801E-2 5.39681E-2 5.21121E-2 6.22822E-2 6.06978E-2 5.66485E-2 6.49797E-2 7.65856E-2 6.50977E-2 4.7917E-2 5.52109E-2 5.6911E-2 5.77805E-2 5.64811E-2 5.99106E-2 6.63367E-2 7.54327E-2 8.24921E-2 8.40817E-2 7.94325E-2 7.85747E-2 7.62253E-2 8.31217E-2 9.0262E-2 9.45337E-2 9.44931E-2 9.14E-2 8.86729E-2 8.79643E-2 8.95472E-2 9.15615E-2 9.23454E-2 9.68863E-2 1.08205E-1 1.12837E-1 1.12801E-1 9.11737E-2 8.27233E-2
-9999 -9999 -9999 -9999 -9999 -9999 -9999 -9999 -9999 -9999 -9999 -9999 -9999 -9999 -9999 -9999 -9999 -9999 -9999 -9999 -9999 9.79692E-4 3.94889E-4 9.6949E-5 1.34147E-3 1.28591E-1 1.15463E-2 9.59321E-2 1.65775E-1 2.71441E-2 4.96697E-2 5.15762E-2 5.03593E-2 6.23147E-2 7.71903E-2 7.04225E-2 5.93859E-2 4.67436E-2 5.24577E-2 5.92513E-2 6.2276E-2 6.26011E-2 6.43181E-2 7.08216E-2 7.76779E-2 8.319E-2 8.64581E-2 8.36553E-2 8.05594E-2 8.33035E-2 8.43626E-2 8.88593E-2 8.97987E-2 8.77422E-2 8.75109E-2 8.5115E-2 7.91617E-2 8.7446E-2 9.29058E-2 9.95932E-2 1.0269E-1 1.10439E-1 9.96968E-2 1.03224E-1 8.46516E-2 6.61223E-2
-9999 -9999 -9999 -9999 -9999 -9999 -9999 -9999 -9999 -9999 -9999 -9999 -9999 -9999 -9999 -9999 -9999 -9999 -9999 -9999 -9999 1.30901E-3 6.55733E-4 5.70822E-4 2.84049E-4 9.73239E-2 9.099E-2 7.68191E-2 1.32741E-1 1.71116E-1 2.89568E-2 4.1585E-2 3.63881E-2 5.38267E-2 6.44708E-2 5.78663E-2 4.51226E-2 4.80016E-2 5.56672E-2 6.39232E-2 6.55535E-2 6.64676E-2 6.94702E-2 7.30986E-2 7.52384E-2 7.84523E-2 8.41073E-2 8.3682E-2 8.11248E-2 8.40707E-2 8.52614E-2 8.4319E-2 8.54037E-2 8.41938E-2 8.80057E-2 8.03442E-2 7.92388E-2 8.15834E-2 8.32819E-2 8.6394E-2 8.47937E-2 9.07677E-2 8.42758E-2 8.5341E-2 6.41242E-2 5.81311E-2
-9999 -9999 -9999 -9999 -9999 -9999 -9999 -9999 -9999 -9999 -9999 -9999 -9999 -9999 -9999 -9999 -9999 -9999 -9999 -9999 -9999 -9999 1.77524E-3 6.9871E-4 8.05028E-4 1.01574E-2 2.36249E-2 7.92565E-2 1.01855E-1 1.19309E-1 1.16027E-2 9.16628E-3 2.85909E-2 4.14825E-2 4.51876E-2 3.91581E-2 4.23003E-2 5.31615E-2 6.06819E-2 6.90454E-2 6.81804E-2 6.83175E-2 6.95108E-2 7.54646E-2 7.41999E-2 7.26736E-2 7.7574E-2 8.20965E-2 8.017E-2 8.19952E-2 8.26206E-2 8.15605E-2 7.95615E-2 7.91969E-2 8.30782E-2 8.25826E-2 7.67656E-2 7.34213E-2 7.22306E-2 7.50618E-2 7.85883E-2 7.89489E-2 7.36989E-2 6.13612E-2 5.33341E-2 4.89181E-2
-9999 -9999 -9999 -9999 -9999 -9999 -9999 -9999 -9999 -9999 -9999 -9999 -9999 -9999 -9999 -9999 -9999 -9999 -9999 -9999 -9999 -9999 -9999 -9999 7.73191E-4 2.27067E-3 2.21651E-2 5.14261E-2 8.41394E-2 1.34281E-1 2.4305E-2 1.82499E-2 2.48905E-2 3.17793E-2 2.99037E-2 3.69394E-2 4.79967E-2 5.78455E-2 6.76771E-2 7.25544E-2 6.63423E-2 6.71806E-2 7.47087E-2 8.02213E-2 7.81159E-2 7.41717E-2 7.63057E-2 7.50462E-2 7.81389E-2 8.18669E-2 8.38515E-2 7.98025E-2 7.25547E-2 6.87188E-2 7.67914E-2 7.79945E-2 7.19099E-2 6.38856E-2 6.13916E-2 6.39446E-2 6.72287E-2 7.0298E-2 6.39366E-2 5.57881E-2 4.60156E-2 3.94342E-2
-9999 -9999 -9999 -9999 -9999 -9999 -9999 -9999 -9999 -9999 -9999 -9999 -9999 -9999 -9999 -9999 -9999 -9999 -9999 -9999 -9999 -9999 -9999 -9999 3.28474E-3 5.20349E-3 3.61546E-2 2.00107E-2 4.10804E-2 6.96903E-2 5.84681E-2 3.60332E-2 3.0023E-2 3.42252E-2 3.3654E-2 3.80429E-2 4.79521E-2 5.89212E-2 6.91051E-2 7.08899E-2 6.68587E-2 6.58348E-2 7.42807E-2 7.97703E-2 7.85321E-2 7.38738E-2 7.29654E-2 7.18699E-2 7.75355E-2 7.98276E-2 8.00085E-2 8.03377E-2 7.29442E-2 6.68772E-2 7.40153E-2 7.1765E-2 6.66494E-2 5.80414E-2 5.40953E-2 5.66961E-2 6.27205E-2 6.56873E-2 6.17598E-2 4.95406E-2 4.10116E-2 3.33992E-2
-9999 -9999 -9999 -9999 -9999 -9999 -9999 -9999 -9999 -9999 -9999 -9999 -9999 -9999 -9999 -9999 -9999 -9999 -9999 -9999 -9999 -9999 -9999 -9999 -9999 1.40037E-2 3.13604E-2 2.82074E-3 4.9229E-3 2.70651E-2 1.13711E-1 6.01073E-2 3.89503E-2 3.07132E-2 3.34935E-2 3.57019E-2 4.54168E-2 5.6399E-2 6.64123E-2 6.91491E-2 6.81178E-2 6.82055E-2 7.09552E-2 7.55522E-2 7.76247E-2 7.20155E-2 6.80711E-2 6.91173E-2 7.305E-2 7.7318E-2 7.4183E-2 7.50413E-2 7.74188E-2 7.33649E-2 7.14292E-2 6.86178E-2 6.75826E-2 6.32021E-2 5.57962E-2 5.68273E-2 5.70541E-2 5.23621E-2 4.76454E-2 3.97034E-2 3.20365E-2 2.63605E-2
-9999 -9999 -9999 -9999 -9999 -9999 -9999 -9999 -9999 -9999 -9999 -9999 -9999 -9999 -9999 -9999 -9999 -9999 -9999 -9999 -9999 -9999 -9999 -9999 -9999 -9999 1.67371E-2 2.45525E-2 2.19863E-3 1.29883E-2 3.45084E-2 6.8297E-2 5.23726E-2 4.15803E-2 3.66959E-2 3.38957E-2 3.89164E-2 5.0531E-2 5.72725E-2 6.32437E-2 6.64102E-2 6.82361E-2 7.25981E-2 7.44056E-2 7.26009E-2 6.84083E-2 5.84132E-2 6.3289E-2 6.72445E-2 6.94624E-2 6.82478E-2 6.37531E-2 6.82478E-2 6.98788E-2 6.86569E-2 6.67528E-2 6.8401E-2 6.77504E-2 5.96492E-2 5.03408E-2 4.00551E-2 3.35606E-2 3.00254E-2 2.54634E-2 2.17891E-2 1.81027E-2
-9999 -9999 -9999 -9999 -9999 -9999 -9999 -9999 -9999 -9999 -9999 -9999 -9999 -9999 -9999 -9999 -9999 -9999 -9999 -9999 -9999 -9999 -9999 -9999 -9999 -9999 1.49622E-2 1.93203E-2 1.56922E-3 7.67092E-3 1.84881E-2 9.08399E-2 7.09265E-2 4.98428E-2 4.35445E-2 3.7417E-2 3.91742E-2 4.589E-2 5.42979E-2 5.98378E-2 6.1608E-2 6.41397E-2 6.9615E-2 7.23148E-2 7.05156E-2 6.33923E-2 5.40874E-2 6.08882E-2 6.47772E-2 6.46965E-2 6.43904E-2 6.33335E-2 4.68009E-2 6.0815E-2 6.37678E-2 6.5966E-2 7.01989E-2 6.87507E-2 5.55923E-2 3.51855E-2 2.56256E-2 1.93425E-2 1.80012E-2 1.61923E-2 1.45022E-2 1.22018E-2
-9999 -9999 -9999 -9999 -9999 -9999 -9999 -9999 -9999 -9999 -9999 -9999 -9999 -9999 -9999 -9999 -9999 -9999 -9999 -9999 -9999 -9999 -9999 -9999 -9999 -9999 -9999 1.6366E-2 2.24876E-2 1.4805E-3 1.54183E-2 2.40223E-2 5.11045E-2 5.59559E-2 4.88488E-2 4.39755E-2 4.21591E-2 4.77685E-2 5.18215E-2 5.6135E-2 5.61816E-2 6.17408E-2 6.5151E-2 6.73454E-2 6.4459E-2 6.18021E-2 6.07087E-2 6.43944E-2 6.19514E-2 6.19637E-2 5.88199E-2 5.18094E-2 2.9438E-2 3.55029E-2 5.59816E-2 6.31152E-2 6.61766E-2 5.10103E-2 3.13333E-2 1.81826E-2 1.30795E-2 1.15499E-2 1.15485E-2 1.23644E-2 1.19543E-2 1.04579E-2
-9999 -9999 -9999 -9999 -9999 -9999 -9999 -9999 -9999 -9999 -9999 -9999 -9999 -9999 -9999 -9999 -9999 -9999 -9999 -9999 -9999 -9999 -9999 -9999 -9999 -9999 -9999 1.4081E-2 2.37449E-2 2.40938E-2 4.67869E-3 5.08195E-2 5.87311E-2 9.56673E-2 5.7393E-2 6.47648E-2 4.34186E-2 4.29282E-2 4.60213E-2 5.0825E-2 5.47925E-2 5.78988E-2 5.87548E-2 5.81244E-2 4.33625E-2 4.63228E-2 5.90011E-2 6.01481E-2 5.64524E-2 5.54433E-2 5.13555E-2 3.99786E-2 2.59268E-2 2.33754E-2 3.85605E-2 5.60731E-2 5.74395E-2 4.40141E-2 2.24468E-2 1.04623E-2 7.63005E-3 1.06675E-2 1.0559E-2 1.14244E-2 1.22031E-2 1.06772E-2
-9999 -9999 -9999 -9999 -9999 -9999 -9999 -9999 -9999 -9999 -9999 -9999 -9999 -9999 -9999 -9999 -9999 -9999 -9999 -9999 -9999 -9999 -9999 -9999 -9999 -9999 -9999 -9999 1.57701E-2 3.04042E-2 4.49134E-2 1.84552E-2 8.4681E-2 1.59816E-1 9.99109E-2 8.20609E-2 3.99708E-2 3.84357E-2 4.3455E-2 4.64755E-2 5.21414E-2 5.66071E-2 5.70896E-2 5.44318E-2 3.26217E-2 2.76335E-2 3.95889E-2 5.24068E-2 4.99692E-2 4.39584E-2 3.80061E-2 2.50237E-2 2.0629E-2 1.31075E-2 2.26173E-2 4.12718E-2 4.31155E-2 3.51733E-2 1.65449E-2 1.14405E-2 9.34293E-3 1.11873E-2 1.18774E-2 1.36196E-2 1.31513E-2 1.18018E-2
-9999 -9999 -9999 -9999 -9999 -9999 -9999 -9999 -9999 -9999 -9999 -9999 -9999 -9999 -9999 -9999 -9999 -9999 -9999 -9999 -9999 -9999 -9999 -9999 -9999 -9999 -9999 -9999 9.22232E-3 1.49909E-2 3.81451E-2 1.26752E-2 3.04934E-2 1.08153E-1 1.29413E-1 5.50254E-2 3.35312E-2 3.55851E-2 4.16509E-2 4.42521E-2 5.06447E-2 5.75542E-2 5.69717E-2 5.37564E-2 4.12415E-2 3.20106E-2 3.4035E-2 3.91832E-2 3.95991E-2 3.17754E-2 2.35992E-2 1.67409E-2 1.54201E-2 1.25696E-2 1.475E-2 1.97178E-2 2.40061E-2 2.00382E-2 1.39986E-2 1.18413E-2 1.16625E-2 1.36824E-2 1.72715E-2 1.72135E-2 1.64504E-2 1.34208E-2
-9999 -9999 -9999 -9999 -9999 -9999 -9999 -9999 -9999 -9999 -9999 -9999 -9999 -9999 -9999 -9999 -9999 -9999 -9999 -9999 -9999 -9999 -9999 -9999 -9999 -9999 -9999 -9999 9.51411E-3 8.00091E-3 2.31238E-2 5.11237E-3 1.5578E-2 7.15118E-3 4.9997E-2 5.33459E-2 6.30433E-2 2.73252E-2 4.03216E-2 4.45277E-2 5.16325E-2 5.96608E-2 6.30524E-2 5.21406E-2 4.45929E-2 3.54956E-2 3.41264E-2 3.30301E-2 3.12609E-2 4.25399E-3 1.78476E-2 2.8722E-3 1.19178E-2 9.79344E-3 9.49059E-3 1.08056E-2 1.12274E-2 1.07182E-2 1.00444E-2 1.24338E-2 1.32842E-2 1.62357E-2 2.85479E-2 2.91543E-2 7.81824E-3 6.07965E-3
-9999 -9999 -9999 -9999 -9999 -9999 -9999 -9999 -9999 -9999 -9999 -9999 -9999 -9999 -9999 -9999 -9999 -9999 -9999 -9999 -9999 -9999 -9999 -9999 -9999 -9999 -9999 -9999 -9999 5.41128E-3 7.77341E-3 2.65208E-2 4.6402E-3 1.54062E-2 2.72441E-2 6.81686E-2 5.5317E-2 3.83621E-2 2.25436E-2 5.37317E-2 6.8069E-2 6.4453E-2 6.77175E-2 6.50877E-2 5.34712E-2 4.07211E-2 3.78338E-2 3.37943E-2 4.65968E-3 4.24037E-3 3.4111E-3 1.33484E-2 2.73997E-3 7.48111E-3 6.57935E-3 6.51672E-3 6.95439E-3 7.01127E-3 7.45328E-3 1.21903E-2 2.12344E-2 2.13334E-2 3.03356E-2 1.20028E-2 1.01218E-2 7.88577E-3
-9999 -9999 -9999 -9999 -9999 -9999 -9999 -9999 -9999 -9999 -9999 -9999 -9999 -9999 -9999 -9999 -9999 -9999 -9999 -9999 -9999 -9999 -9999 -9999 -9999 -9999 -9999 -9999 -9999 -9999 4.0935E-3 1.55018E-2 2.57351E-2 3.29955E-3 1.58897E-2 1.63433E-2 5.4035E-2 3.03502E-2 3.54863E-2 4.12753E-2 9.88791E-2 7.61125E-2 9.82181E-2 8.91572E-2 6.65463E-2 5.37201E-2 7.03723E-3 6.02047E-3 4.91669E-3 2.50278E-2 1.70149E-2 2.57391E-3 2.20149E-3 2.3719E-3 1.36705E-3 1.01039E-3 5.33089E-3 5.9263E-3 6.11815E-3 7.91285E-3 1.31859E-2 2.34828E-2 3.85051E-2 1.81916E-2 1.40206E-2 1.07782E-2
-9999 -9999 -9999 -9999 -9999 -9999 -9999 -9999 -9999 -9999 -9999 -9999 -9999 -9999 -9999 -9999 -9999 -9999 -9999 -9999 -9999 -9999 -9999 -9999 -9999 -9999 -9999 -9999 -9999 -9999 3.45661E-3 4.27972E-3 1.40905E-2 2.59786E-3 3.04927E-3 1.02599E-2 1.3621E-2 1.72214E-2 3.43935E-3 3.5437E-3 1.40951E-3 8.72305E-2 2.87987E-1 1.27168E-1 8.84038E-2 6.65811E-2 5.44908E-2 4.4321E-2 3.5534E-2 2.64027E-2 3.86556E-3 2.69743E-3 2.11584E-3 8.06253E-3 1.84617E-3 1.55367E-3 1.57406E-3 1.53935E-3 6.77969E-3 2.84207E-3 1.4435E-2 2.06366E-2 3.97437E-2 4.58332E-2 5.31397E-2 1.2976E-2
-9999 -9999 -9999 -9999 -9999 -9999 -9999 -9999 -9999 -9999 -9999 -9999 -9999 -9999 -9999 -9999 -9999 -9999 -9999 -9999 -9999 -9999 -9999 -9999 -9999 -9999 -9999 -9999 -9999 -9999 -9999 5.34966E-3 3.57507E-3 1.39475E-2 2.01183E-3 2.26398E-3 7.08527E-3 1.6106E-3 1.1858E-3 3.32689E-3 6.76668E-4 3.57393E-4 5.16103E-4 6.44668E-2 3.2159E-1 2.16756E-1 8.99011E-2 5.79479E-2 3.71737E-2 2.65636E-2 4.05352E-3 3.36095E-3 2.70095E-3 1.10076E-2 1.98062E-3 2.03834E-3 8.09147E-3 2.01132E-3 2.43196E-3 1.51143E-2 1.7405E-2 2.20117E-2 1.0501E-2 3.55645E-2 5.04752E-2 1.40204E-2
-9999 -9999 -9999 -9999 -9999 -9999 -9999 -9999 -9999 -9999 -9999 -9999 -9999 -9999 -9999 -9999 -9999 -9999 -9999 -9999 -9999 -9999 -9999 -9999 -9999 -9999 -9999 -9999 -9999 -9999 -9999 5.07136E-3 1.86126E-3 3.01268E-3 1.05174E-2 1.60871E-3 2.6097E-3 7.14338E-3 9.85505E-4 2.47556E-3 3.83042E-4 8.03686E-4 1.29105E-4 2.40852E-4 2.45703E-3 2.89644E-1 3.77838E-1 1.46565E-1 3.93205E-2 4.5981E-3 3.91669E-3 3.55527E-3 3.1293E-3 2.82236E-3 2.75345E-3 1.42283E-2 2.02556E-3 8.98087E-3 2.09305E-3 1.25947E-2 1.4369E-2 1.55133E-2 8.2282E-3 2.38298E-2 2.74221E-2 1.30553E-2
-9999 -9999 -9999 -9999 -9999 -9999 -9999 -9999 -9999 -9999 -9999 -9999 -9999 -9999 -9999 -9999 -9999 -9999 -9999 -9999 -9999 -9999 -9999 -9999 -9999 -9999 -9999 -9999 -9999 -9999 -9999 -9999 4.17759E-3 1.45363E-3 4.50345E-3 1.30283E-2 2.70873E-3 1.93729E-2 4.2378E-4 2.64026E-4 1.77173E-4 9.77303E-5 4.93713E-5 1.88925E-4 5.95404E-4 1.45181E-3 4.14612E-1 3.25119E-1 5.35458E-2 2.7448E-2 4.26555E-3 4.61838E-3 6.27543E-3 4.34412E-3 3.30898E-3 1.67622E-2 1.2339E-2 1.02772E-2 1.06315E-2 1.01677E-2 1.09613E-2 1.09645E-2 1.42832E-2 1.84629E-2 5.8764E-3 2.8048E-2
-9999 -9999 -9999 -9999 -9999 -9999 -9999 -9999 -9999 -9999 -9999 -9999 -9999 -9999 -9999 -9999 -9999 -9999 -9999 -9999 -9999 -9999 -9999 -9999 -9999 -9999 -9999 -9999 -9999 -9999 -9999 -9999 -9999 2.87115E-3 2.6517E-3 6.91185E-3 1.68679E-2 1.00119E-2 3.62632E-4 1.80125E-4 1.25426E-4 9.28429E-5 1.31809E-4 4.2067E-4 2.93769E-3 3.42308E-3 1.01905E-1 8.27394E-2 6.11319E-2 5.36065E-2 2.94295E-2 2.94651E-2 7.81914E-3 7.24291E-3 4.60283E-3 3.57598E-3 1.54314E-2 9.80847E-3 9.54533E-3 8.80461E-3 8.65466E-3 8.57821E-3 9.05126E-3 1.16403E-2 1.30812E-2 1.75773E-2
-9999 -9999 -9999 -9999 -9999 -9999 -9999 -9999 -9999 -9999 -9999 -9999 -9999 -9999 -9999 -9999 -9999 -9999 -9999 -9999 -9999 -9999 -9999 -9999 -9999 -9999 -9999 -9999 -9999 -9999 -9999 -9999 -9999 -9999 8.74166E-3 1.00025E-2 8.66759E-3 9.74153E-3 4.22819E-3 3.61299E-3 1.22548E-4 1.08092E-4 2.23483E-4 8.64668E-4 1.20259E-2 9.40504E-3 1.51657E-2 3.14612E-2 5.77763E-2 7.57933E-2 7.3986E-2 3.43484E-2 8.93765E-3 8.86659E-3 2.65974E-2 2.37665E-2 1.83637E-2 9.40658E-3 8.40665E-3 9.62675E-3 8.04245E-3 6.93533E-3 2.078E-2 2.75743E-2 3.2076E-3 5.84206E-3
-9999 -9999 -9999 -9999 -9999 -9999 -9999 -9999 -9999 -9999 -9999 -9999 -9999 -9999 -9999 -9999 -9999 -9999 -9999 -9999 -9999 -9999 -9999 -9999 -9999 -9999 -9999 -9999 -9999 -9999 -9999 -9999 -9999 -9999 -9999 1.21693E-2 1.58312E-2 1.55684E-2 1.22758E-2 9.23088E-3 5.35223E-3 1.39993E-4 3.05542E-3 8.15539E-4 4.01144E-3 6.44738E-3 1.72702E-3 1.48817E-3 1.01828E-1 6.1022E-2 8.17191E-2 7.33624E-2 4.1638E-2 4.36433E-2 3.94682E-2 2.92982E-2 2.45199E-2 1.08016E-2 1.08121E-2 1.09583E-2 7.67849E-3 5.5217E-3 6.00073E-3 2.93731E-2 3.235E-3 2.96485E-3
-9999 -9999 -9999 -9999 -9999 -9999 -9999 -9999 -9999 -9999 -9999 -9999 -9999 -9999 -9999 -9999 -9999 -9999 -9999 -9999 -9999 -9999 -9999 -9999 -9999 -9999 -9999 -9999 -9999 -9999 -9999 -9999 -9999 -9999 -9999 -9999 -9999 1.00972E-2 1.15289E-2 1.1761E-2 9.40355E-3 6.92896E-3 3.8397E-3 3.00084E-4 7.13809E-4 1.2231E-3 5.57663E-4 2.96909E-4 2.9128E-3 1.98364E-2 4.59588E-2 6.13918E-2 7.28516E-2 5.78661E-2 5.47315E-2 3.78277E-2 3.11842E-2 1.6409E-2 8.57052E-3 8.39049E-3 6.94269E-3 6.14306E-3 7.80401E-3 1.36606E-2 1.57742E-2 2.77046E-2
-9999 -9999 -9999 -9999 -9999 -9999 -9999 -9999 -9999 -9999 -9999 -9999 -9999 -9999 -9999 -9999 -9999 -9999 -9999 -9999 -9999 -9999 -9999 -9999 -9999 -9999 -9999 -9999 -9999 -9999 -9999 -9999 -9999 -9999 -9999 -9999 -9999 -9999 -9999 6.63937E-3 9.82757E-3 9.35593E-3 6.93923E-3 2.54981E-3 1.79595E-4 1.96661E-4 1.42309E-4 9.24751E-5 1.0481E-4 2.43672E-4 1.35283E-3 6.32189E-3 3.8573E-2 6.30105E-2 6.46926E-2 4.39747E-2 3.42823E-2 1.48601E-2 6.90112E-3 5.89535E-3 5.17766E-3 5.20599E-3 7.7362E-3 1.80272E-2 2.03398E-2 1.06163E-2
-9999 -9999 -9999 -9999 -9999 -9999 -9999 -9999 -9999 -9999 -9999 -9999 -9999 -9999 -9999 -9999 -9999 -9999 -9999 -9999 -9999 -9999 -9999 -9999 -9999 -9999 -9999 -9999 -9999 -9999 -9999 -9999 -9999 -9999 -9999 -9999 -9999 -9999 -9999 -9999 -9999 8.34339E-3 4.45599E-3 4.58368E-3 8.03615E-5 7.97417E-5 7.52758E-5 5.73404E-5 6.40205E-5 6.68386E-5 1.55214E-4 8.18897E-4 3.30142E-4 4.28068E-4 4.38404E-2 9.87769E-2 4.52712E-2 1.58354E-2 3.95671E-3 3.47695E-3 3.78122E-3 3.947E-3 5.42935E-3 1.04354E-2 1.11423E-2 1.27388E-2
