final project/Practice/maxentOut/species_maxentOut_max.asc
ncols         186
nrows         192
xllcorner     -125.0
yllcorner     -56.0
cellsize      0.5
NODATA_value  -9999
[rows 0 to 28 of 192, columns 0 to 65 of 186]
-9999 1.98933E-2 2.06102E-3 4.8397E-5 3.07287E-5 2.19443E-6 6.99413E-6 4.56969E-5 5.37846E-5 3.47686E-5 4.65452E-6 8.75145E-7 6.39547E-7 9.00276E-7 9.39256E-7 2.7889E-6 7.30057E-6 5.97556E-6 4.46976E-6 3.55074E-6 3.53838E-6 1.36426E-6 6.73617E-7 3.65472E-7 4.27175E-7 1.11625E-6 2.29749E-7 9.48134E-7 7.0775E-7 1.03779E-6 9.30791E-7 1.85078E-6 2.33459E-6 2.00708E-6 3.72706E-7 1.54694E-6 1.28641E-6 3.40727E-6 9.049E-6 2.92229E-6 9.13636E-7 2.8695E-7 2.02318E-7 2.79978E-7 2.89939E-7 3.54232E-7 4.39059E-7 4.36709E-7 5.02492E-7 5.15E-7 5.12025E-7 4.13785E-7 5.54001E-7 9.30835E-7 1.79405E-6 2.2629E-6 2.32181E-6 3.81323E-6 4.56709E-6 6.13796E-6 6.07113E-6 4.90519E-6 5.05551E-6 6.64178E-6 7.57423E-6 6.77267E-6
-9999 -9999 1.18065E-2 1.28747E-4 9.76925E-6 1.90001E-6 2.21265E-6 1.0825E-5 1.40121E-4 6.43978E-5 1.92799E-5 7.7007E-7 9.91044E-7 1.53279E-6 3.23668E-6 6.45234E-6 8.19811E-6 1.22687E-5 4.30899E-6 3.37039E-6 4.03773E-6 1.37146E-7 2.75663E-7 2.83768E-7 1.81712E-7 8.65417E-7 1.99793E-6 1.68856E-6 2.71181E-6 8.80597E-7 1.04459E-5 2.58799E-6 2.01233E-6 3.35843E-6 1.00156E-5 1.56489E-6 2.92996E-6 9.52972E-6 5.24175E-6 2.88149E-6 1.58927E-6 6.81206E-7 3.06212E-7 2.57695E-7 2.47107E-7 3.58737E-7 4.09638E-7 3.71886E-7 4.66676E-7 5.15957E-7 6.03783E-7 5.0156E-7 6.19333E-7 7.68495E-7 1.8869E-6 2.74715E-6 3.88219E-6 5.02974E-6 6.40047E-6 9.07082E-6 1.15992E-5 8.79419E-6 7.99168E-6 7.60352E-6 7.96842E-6 9.07548E-6
-9999 -9999 2.72032E-2 2.30904E-3 3.71043E-5 4.04321E-6 2.17737E-6 5.45375E-6 1.83323E-5 2.50475E-4 2.40597E-5 5.2599E-6 1.63361E-6 2.0687E-6 3.08529E-6 5.75444E-7 2.08295E-5 8.46183E-7 2.17556E-6 1.87667E-7 2.63141E-6 2.56428E-6 9.2678E-7 3.25984E-7 6.02625E-7 3.06785E-7 1.7086E-6 6.57441E-6 2.73097E-6 2.2993E-7 8.37814E-7 4.4694E-6 1.60066E-6 5.78523E-6 5.40982E-6 1.35265E-6 9.539E-7 4.30522E-6 1.5571E-6 3.47764E-6 2.28905E-6 6.07459E-7 1.67409E-7 1.16441E-7 1.33603E-7 2.25081E-7 2.29441E-7 2.5663E-7 3.15479E-7 4.0703E-7 5.12133E-7 6.44291E-7 1.16397E-6 1.28622E-6 2.38164E-6 2.97053E-6 4.67715E-6 5.8636E-6 7.07046E-6 1.0006E-5 1.0775E-5 8.15984E-6 8.78451E-6 6.00269E-6 3.49681E-6 4.68917E-6
-9999 -9999 -9999 1.33079E-2 1.81756E-3 1.74985E-4 1.29215E-5 7.05996E-6 3.74522E-6 5.4718E-5 2.62424E-4 4.56374E-4 2.88234E-5 2.43214E-6 3.53252E-6 5.15758E-6 1.25241E-5 3.1564E-6 2.72159E-6 1.50874E-6 1.99466E-6 4.01163E-6 8.27595E-6 2.46104E-6 3.45807E-6 1.46446E-5 3.51902E-5 1.34271E-5 1.13116E-6 1.27988E-6 1.67424E-6 9.69045E-6 4.61158E-6 2.36362E-6 1.94868E-5 1.37428E-6 1.35531E-6 2.55045E-6 2.66988E-6 2.19798E-6 7.33655E-7 1.94134E-7 8.37897E-8 8.62581E-8 9.36192E-8 1.25681E-7 1.47536E-7 2.64016E-7 4.00768E-7 5.21382E-7 6.02713E-7 8.97871E-7 1.49452E-6 1.86532E-6 2.95894E-6 3.41771E-6 4.1594E-6 5.34625E-6 6.12627E-6 6.35872E-6 2.92226E-6 3.58957E-6 3.83413E-6 3.37204E-6 3.45663E-6 3.30373E-6
-9999 -9999 -9999 2.90056E-2 2.32433E-2 6.64258E-3 2.5812E-5 3.00427E-6 1.63849E-6 2.82217E-6 7.12303E-5 2.69834E-4 2.4216E-5 2.03587E-5 1.67114E-6 4.60972E-6 2.62802E-6 6.1088E-6 3.47035E-6 2.21898E-6 2.12352E-6 3.21902E-6 4.44554E-6 4.59204E-6 1.61481E-6 1.92498E-6 2.97717E-5 8.80035E-6 2.44728E-6 2.34629E-6 2.40671E-5 6.20915E-6 9.78223E-6 6.01378E-6 1.21194E-5 1.01977E-5 8.94099E-6 8.40912E-6 4.79126E-6 4.75373E-6 2.49792E-6 5.45064E-7 1.53867E-7 1.57969E-7 1.91811E-7 1.63979E-7 1.46694E-7 2.48754E-7 4.50091E-7 7.48602E-7 1.1569E-6 1.35052E-6 1.8176E-6 2.08907E-6 2.89445E-6 4.88359E-6 5.88756E-6 4.94911E-6 6.4438E-6 5.06446E-6 3.46113E-6 3.69903E-6 3.21195E-6 3.81559E-6 4.39565E-6 3.52621E-6
-9999 -9999 -9999 -9999 -9999 6.88001E-3 1.07409E-4 3.38869E-6 1.14704E-6 7.18731E-7 2.1323E-6 1.27758E-4 2.93258E-4 3.04906E-5 1.25576E-6 1.08149E-6 1.82636E-6 6.64112E-6 3.60472E-6 1.6167E-6 1.40849E-6 1.16906E-6 2.25628E-6 4.23166E-6 6.41664E-6 6.76038E-6 8.65055E-6 5.40586E-6 2.18468E-6 2.9868E-6 1.88908E-6 9.23245E-7 3.16637E-6 2.12992E-5 1.06848E-5 1.28445E-6 7.50382E-6 3.39081E-5 1.74848E-6 5.15846E-6 4.06666E-6 1.43889E-6 8.72209E-7 6.91469E-7 4.70254E-7 2.81729E-7 2.61921E-7 4.05372E-7 6.39487E-7 6.78575E-7 9.11716E-7 1.56228E-6 1.52618E-6 2.49523E-6 2.79989E-6 4.031E-6 5.36302E-6 3.1762E-6 3.31587E-6 3.41669E-6 5.9489E-6 6.05219E-6 5.66232E-6 5.29219E-6 4.82417E-6 3.63715E-6
-9999 -9999 -9999 -9999 -9999 1.00172E-2 3.09003E-3 1.05907E-5 7.15065E-7 5.31814E-7 5.95889E-7 2.51487E-6 2.17887E-4 4.1204E-4 1.91923E-6 6.71727E-7 7.12941E-7 1.53187E-6 1.9913E-6 4.16553E-6 9.63779E-7 1.14885E-6 2.82241E-6 4.2466E-6 2.51855E-6 1.46033E-5 1.13725E-5 7.89203E-6 2.126E-5 1.51788E-5 2.78061E-6 6.11424E-6 1.55878E-6 2.69186E-6 4.66079E-6 9.0017E-7 1.29045E-6 5.88885E-6 1.11779E-5 8.76276E-6 2.20517E-6 3.66959E-6 2.60722E-6 1.3243E-6 7.54237E-7 5.73326E-7 5.49404E-7 6.19586E-7 7.18061E-7 8.73643E-7 1.17853E-6 1.44579E-6 1.77314E-6 2.2379E-6 3.00271E-6 4.15026E-6 4.82481E-6 2.75024E-6 2.97052E-6 3.98598E-6 6.27159E-6 7.24076E-6 6.66003E-6 4.65646E-6 3.19059E-6 1.42862E-6
-9999 -9999 -9999 -9999 -9999 -9999 4.09342E-3 5.09949E-5 1.36463E-6 3.45884E-7 4.24424E-7 6.80111E-7 1.68269E-5 1.52395E-4 6.23351E-6 1.74496E-6 6.78721E-7 6.62584E-7 9.17305E-6 1.68232E-6 1.89335E-6 1.90765E-6 5.38243E-6 2.29721E-5 2.13207E-5 3.66105E-5 1.6097E-5 7.49212E-6 1.19272E-5 2.17869E-5 8.50584E-6 2.52214E-5 8.90152E-6 4.64555E-6 8.20652E-6 1.08555E-5 3.45942E-6 3.4836E-5 3.99471E-5 1.3179E-5 1.30431E-6 1.34221E-6 1.37072E-6 1.32442E-6 1.29691E-6 1.12221E-6 7.87325E-7 7.55246E-7 8.41302E-7 9.61282E-7 1.59665E-6 1.93785E-6 2.01448E-6 2.80601E-6 4.56022E-6 5.85874E-6 2.6912E-6 2.89371E-6 4.38591E-6 5.684E-6 8.28551E-6 9.19558E-6 1.02234E-5 7.4971E-6 1.94351E-6 1.53642E-6
-9999 -9999 -9999 -9999 -9999 -9999 -9999 5.33165E-4 6.91633E-6 4.66835E-7 3.13017E-7 4.17281E-7 2.40574E-6 1.20367E-5 1.74086E-6 9.57177E-7 7.75946E-7 7.16891E-7 2.10995E-6 4.51191E-6 3.84969E-6 5.68192E-6 2.97198E-5 3.46474E-5 4.8549E-5 4.80355E-6 3.86856E-6 3.5902E-6 5.6308E-6 8.85231E-6 1.30041E-5 2.22226E-6 1.22313E-5 9.90662E-6 7.02919E-6 7.22146E-6 5.08988E-6 4.73981E-6 1.98759E-5 5.27521E-6 2.44036E-6 1.38478E-6 1.25091E-6 1.20991E-6 1.30311E-6 1.80392E-6 1.53766E-6 1.50366E-6 1.71293E-6 1.57448E-6 1.01203E-6 1.1577E-6 1.65926E-6 2.24559E-6 2.99706E-6 4.17216E-6 3.78173E-6 4.57573E-6 5.76344E-6 6.96189E-6 7.21335E-6 6.20554E-6 6.14406E-6 5.01227E-6 4.00924E-6 3.184E-6
-9999 -9999 -9999 -9999 -9999 -9999 -9999 3.24865E-3 1.89439E-3 2.50708E-5 3.22887E-6 7.19184E-7 1.51458E-6 3.385E-5 1.91923E-6 1.7219E-6 1.41745E-6 1.26965E-6 5.19909E-6 1.48568E-5 4.75175E-6 8.0158E-6 2.49486E-5 4.10676E-5 2.82564E-5 1.09838E-5 1.79033E-5 2.05455E-5 4.28008E-6 5.6239E-6 7.74598E-6 1.33166E-5 1.2373E-6 2.56684E-6 1.72577E-6 1.68806E-6 1.32535E-5 3.38769E-6 2.99379E-5 1.56091E-5 1.54285E-6 1.43404E-6 1.49899E-6 1.54969E-6 2.23058E-6 2.94118E-6 3.50868E-6 2.53858E-6 2.41627E-6 1.53137E-6 9.62276E-7 2.42964E-6 2.41058E-6 2.62998E-6 4.05953E-6 5.79E-6 5.39147E-6 7.15926E-6 7.97444E-6 7.72453E-6 2.80159E-6 4.51148E-6 2.80303E-6 2.54738E-6 3.04683E-6 4.80402E-6
-9999 -9999 -9999 -9999 -9999 -9999 -9999 -9999 9.61762E-3 1.35717E-3 1.74292E-4 1.231E-4 2.00788E-5 9.80406E-6 2.76831E-6 2.73985E-6 2.74654E-6 2.3105E-6 5.54303E-6 2.15086E-5 5.85649E-6 4.22736E-6 7.83545E-6 3.83335E-5 3.36697E-6 3.69884E-6 4.59162E-6 1.19258E-5 2.27305E-5 7.7616E-6 7.93159E-6 1.23234E-5 1.30204E-5 1.46647E-6 2.14892E-5 9.94258E-6 6.37633E-6 4.16617E-6 1.90564E-5 1.97924E-5 1.94123E-5 1.98857E-6 2.60387E-6 3.39432E-6 2.90598E-6 3.09373E-6 3.6371E-6 1.75403E-6 1.46899E-6 1.29342E-6 1.0969E-6 2.831E-6 2.11461E-6 3.33996E-6 3.8915E-6 4.5745E-6 6.79725E-6 7.52917E-6 1.06817E-5 8.48823E-6 3.98926E-6 8.23849E-6 4.54007E-6 4.64003E-6 6.40015E-6 9.33626E-6
-9999 -9999 -9999 -9999 -9999 -9999 -9999 -9999 -9999 9.7967E-3 3.66841E-3 1.25542E-3 1.83809E-4 5.73624E-5 1.77843E-5 3.01627E-6 4.51316E-6 3.87274E-6 5.94345E-6 2.0861E-5 6.69497E-6 3.21965E-6 3.08398E-6 8.03702E-6 2.92282E-5 5.36893E-6 3.21612E-6 7.61308E-6 1.01747E-5 3.95983E-6 7.72397E-6 3.80203E-6 2.21879E-5 2.20016E-6 1.97013E-6 1.68888E-6 8.79375E-6 3.2946E-5 4.50446E-5 2.4209E-5 1.53391E-5 1.19073E-6 2.21741E-6 3.06515E-6 2.47806E-6 3.15507E-6 3.77845E-6 2.87922E-6 2.1099E-6 2.23464E-6 2.56192E-6 1.18939E-6 1.37959E-6 2.44206E-6 3.6809E-6 5.84873E-6 8.18762E-6 8.59585E-6 1.11222E-5 8.22452E-6 6.19935E-6 7.49567E-6 7.3307E-6 7.5032E-6 8.50234E-6 1.33937E-5
-9999 -9999 -9999 -9999 -9999 -9999 -9999 -9999 -9999 1.72412E-2 1.07038E-2 -9999 -9999 1.31772E-3 2.3109E-4 1.04646E-5 3.65426E-6 4.66242E-6 5.81978E-6 2.06551E-5 1.38989E-5 5.18363E-6 1.11027E-5 1.00931E-5 1.08664E-5 6.16646E-6 8.59852E-6 1.35081E-6 5.7136E-6 5.65789E-6 1.83173E-5 1.69781E-5 3.23872E-6 3.28324E-5 2.99923E-6 2.8723E-5 7.23206E-6 2.96239E-5 6.4207E-6 4.85684E-5 1.11303E-5 8.24063E-6 1.99366E-6 2.98384E-6 3.26331E-6 4.23062E-6 4.23918E-6 4.26753E-6 3.78853E-6 2.4138E-6 2.20575E-6 1.42329E-6 1.8562E-6 2.80181E-6 4.25898E-6 7.00065E-6 1.16241E-5 1.25402E-5 1.04952E-5 6.87276E-6 6.68341E-6 9.05692E-6 1.17156E-5 1.07998E-5 9.52122E-6 1.23468E-5
-9999 -9999 -9999 -9999 -9999 -9999 -9999 -9999 -9999 -9999 1.50688E-2 1.44904E-2 1.43478E-2 1.20625E-2 1.68011E-3 3.48743E-4 1.76254E-5 6.93297E-6 3.49271E-6 5.28212E-6 1.00222E-5 2.10312E-5 2.74432E-5 1.64779E-5 1.13467E-5 1.22311E-5 1.73836E-5 2.28664E-5 5.98165E-6 2.96699E-5 5.48111E-5 3.18366E-6 5.42282E-6 5.48873E-6 6.38727E-6 1.62586E-5 2.86076E-5 1.26565E-5 6.13239E-5 1.40853E-4 1.85052E-5 9.23129E-6 1.70241E-6 2.01625E-6 2.99376E-6 3.41596E-6 4.71408E-6 4.84767E-6 3.53606E-6 2.19549E-6 2.44927E-6 2.57016E-6 2.92514E-6 4.0101E-6 4.66848E-6 8.14771E-6 1.16503E-5 1.17075E-5 6.49291E-6 5.88383E-6 8.89381E-6 1.38294E-5 1.54332E-5 1.54451E-5 1.41392E-5 1.25002E-5
-9999 -9999 -9999 -9999 -9999 -9999 -9999 -9999 -9999 -9999 -9999 -9999 1.61454E-2 1.70712E-2 -9999 1.85174E-3 4.09016E-5 1.62876E-6 4.69748E-6 2.84579E-6 5.93032E-6 1.63328E-5 3.00321E-5 2.82788E-5 2.41527E-5 1.87619E-5 1.35984E-5 4.78726E-5 7.19812E-5 7.81167E-5 1.83984E-5 7.76476E-7 2.0518E-5 6.32093E-5 4.55379E-6 1.05752E-5 1.33443E-5 6.98212E-6 4.35318E-5 1.78978E-5 3.23894E-5 1.31573E-5 1.89099E-6 3.02476E-6 3.218E-6 2.82491E-6 4.64311E-6 6.85229E-6 5.82634E-6 4.89666E-6 5.26535E-6 5.03472E-6 3.79228E-6 5.05115E-6 7.44291E-6 1.06242E-5 1.18868E-5 9.72571E-6 1.14253E-5 7.47459E-6 1.40881E-5 2.2228E-5 2.53807E-5 1.7759E-5 2.00872E-5 2.44229E-5
-9999 -9999 -9999 -9999 -9999 -9999 -9999 -9999 -9999 -9999 -9999 -9999 -9999 -9999 -9999 3.12676E-3 1.48475E-4 2.05661E-5 2.06882E-5 5.79993E-6 7.47647E-6 2.03111E-5 3.20046E-5 4.21876E-5 3.93302E-5 2.22774E-5 1.90816E-5 3.05973E-5 9.98731E-5 5.61632E-5 2.84596E-5 1.67286E-5 1.10307E-5 1.19643E-5 7.47424E-6 7.51328E-6 1.31767E-5 1.1269E-5 3.17199E-5 2.17974E-5 7.59708E-6 2.56953E-5 2.40088E-5 2.38713E-6 3.47528E-6 3.96457E-6 5.84983E-6 6.24789E-6 5.97355E-6 8.11717E-6 8.0857E-6 7.36422E-6 6.55607E-6 9.36723E-6 6.25468E-6 9.147E-6 1.13051E-5 1.14199E-5 1.65294E-5 1.47122E-5 2.60529E-5 2.91463E-5 2.97381E-5 1.73444E-5 2.42504E-5 3.671E-5
-9999 -9999 -9999 -9999 -9999 -9999 -9999 -9999 -9999 -9999 -9999 -9999 -9999 -9999 -9999 -9999 1.20268E-3 8.01367E-5 1.52793E-5 2.00691E-5 1.9573E-5 3.31214E-5 5.35339E-5 4.34045E-5 2.27546E-5 1.75128E-5 4.18956E-5 6.10862E-5 1.10744E-5 7.54466E-5 5.31542E-5 6.89816E-6 1.8942E-5 7.51688E-6 4.47437E-6 5.15967E-6 8.80178E-6 9.80068E-6 1.53025E-5 7.67292E-6 2.2913E-6 2.60714E-5 1.5721E-5 1.38204E-6 2.36273E-6 3.97291E-6 3.76194E-6 4.0865E-6 5.55239E-6 6.34439E-6 6.17347E-6 7.07216E-6 8.58442E-6 9.37794E-6 8.53281E-6 1.00748E-5 1.27236E-5 1.45514E-5 1.79017E-5 2.56231E-5 2.77754E-5 2.61544E-5 1.85205E-5 2.15048E-5 3.45726E-5 4.00881E-5
-9999 -9999 -9999 -9999 -9999 -9999 -9999 -9999 -9999 -9999 -9999 -9999 -9999 -9999 -9999 -9999 7.3458E-3 1.18755E-3 6.16513E-5 8.25612E-5 4.30382E-5 5.74996E-5 1.19811E-4 6.64911E-5 2.83293E-5 2.00521E-5 3.75623E-5 1.00589E-4 1.46299E-5 1.41271E-4 4.7281E-5 1.39666E-5 3.08132E-6 5.45127E-6 4.01909E-6 3.85394E-6 4.62754E-6 6.87904E-6 8.19955E-6 1.58898E-5 2.31307E-5 3.52426E-5 1.9055E-5 1.61403E-5 1.08406E-5 3.08416E-5 4.07589E-6 4.99216E-6 8.0467E-6 9.13825E-6 5.96722E-6 6.19807E-6 8.16759E-6 1.17259E-5 1.52747E-5 1.27606E-5 1.64562E-5 1.73102E-5 1.85285E-5 2.48948E-5 3.68595E-5 2.47676E-5 2.51976E-5 3.98245E-5 6.10806E-5 6.83708E-5
-9999 -9999 -9999 -9999 -9999 -9999 -9999 -9999 -9999 -9999 -9999 -9999 -9999 -9999 -9999 -9999 -9999 6.2967E-4 5.63545E-4 4.36729E-5 6.425E-5 -9999 -9999 4.76342E-5 3.03894E-5 1.57639E-5 1.77978E-5 4.40735E-5 1.56452E-5 1.32915E-5 5.31926E-6 1.94717E-5 3.41893E-5 1.37414E-5 1.11109E-5 5.12369E-6 4.15481E-6 9.90633E-6 2.50935E-5 2.34588E-5 2.03203E-5 1.14685E-4 9.97445E-5 4.98816E-5 5.1729E-5 5.78472E-5 5.43378E-5 7.8338E-5 8.91576E-6 9.48049E-6 7.42928E-6 8.43948E-6 1.00784E-5 1.46005E-5 2.15174E-5 1.7755E-5 3.01765E-5 3.15925E-5 3.144E-5 3.33307E-5 5.44239E-5 8.98836E-5 5.39816E-5 6.79944E-5 8.53602E-5 1.06673E-4
-9999 -9999 -9999 -9999 -9999 -9999 -9999 -9999 -9999 -9999 -9999 -9999 -9999 -9999 -9999 -9999 -9999 4.5652E-4 1.91044E-4 1.28115E-4 6.4528E-5 -9999 -9999 -9999 4.33463E-5 3.70073E-5 5.71561E-5 7.89836E-5 2.08167E-4 2.01873E-5 1.35822E-4 5.02428E-5 6.43965E-6 5.3085E-6 2.11544E-5 1.16662E-5 1.0543E-5 1.65664E-5 2.61321E-5 3.00153E-5 3.88157E-5 5.94944E-5 1.38551E-4 1.49058E-4 1.47281E-4 6.55868E-5 6.38416E-5 8.68139E-5 1.1179E-5 1.49879E-5 1.5643E-5 2.27731E-5 2.43052E-5 2.28984E-5 2.7517E-5 2.5658E-5 3.26393E-5 2.72374E-5 4.60097E-5 1.18647E-4 2.07902E-4 2.5612E-4 3.50741E-4 4.9814E-4 5.47589E-4 6.51609E-4
-9999 -9999 -9999 -9999 -9999 -9999 -9999 -9999 -9999 -9999 -9999 -9999 -9999 -9999 -9999 -9999 -9999 -9999 1.74621E-4 9.46191E-5 8.76012E-5 7.19028E-5 6.05552E-5 5.84731E-5 5.24291E-5 6.47099E-5 1.20577E-4 1.51683E-4 1.84264E-4 3.79465E-5 7.82518E-6 1.32828E-5 1.50484E-5 2.31546E-5 7.00894E-6 3.22438E-6 4.45904E-5 4.19219E-5 2.85645E-5 3.36075E-5 1.62067E-5 2.1418E-5 5.341E-5 6.53044E-5 7.09357E-5 6.87115E-5 7.79319E-5 9.20074E-5 1.68833E-4 2.44736E-5 2.70968E-5 3.14943E-5 3.51062E-5 3.42993E-5 2.79373E-5 3.5014E-5 4.10834E-5 3.97767E-5 1.0363E-4 5.33763E-4 6.3139E-4 9.30603E-4 1.3272E-3 1.58784E-3 1.70593E-3 1.94398E-3
-9999 -9999 -9999 -9999 -9999 -9999 -9999 -9999 -9999 -9999 -9999 -9999 -9999 1.28715E-1 -9999 -9999 -9999 -9999 -9999 1.04909E-4 1.0328E-4 1.30799E-4 9.25764E-5 7.58991E-5 8.58317E-5 9.69558E-5 1.00611E-4 1.31931E-4 1.51045E-4 1.54832E-4 2.86411E-5 1.81325E-5 1.83826E-5 7.25938E-5 1.4191E-5 6.05496E-6 1.25104E-5 6.36419E-5 3.13375E-5 3.82905E-5 2.98463E-5 3.40717E-5 3.31517E-5 6.69367E-6 2.1598E-5 4.74906E-5 3.03727E-4 1.35987E-4 1.82593E-4 1.99333E-5 2.28184E-5 2.97384E-4 3.7078E-4 3.15707E-5 3.32663E-5 4.63734E-5 8.76858E-5 1.16574E-4 3.88941E-4 1.11721E-3 1.95558E-3 -9999 -9999 -9999 -9999 -9999
-9999 -9999 -9999 -9999 -9999 -9999 -9999 -9999 -9999 -9999 -9999 -9999 -9999 1.19721E-1 -9999 -9999 -9999 -9999 -9999 -9999 1.05753E-4 1.1861E-4 1.71708E-4 8.679E-5 9.31293E-5 1.1806E-4 1.24877E-4 2.08483E-4 3.01065E-4 7.06079E-5 6.04839E-5 1.02522E-4 7.27401E-5 7.52572E-5 1.28302E-5 7.32545E-6 1.12854E-5 1.24891E-4 4.489E-5 4.02124E-5 3.36832E-5 9.69191E-5 1.43792E-4 8.83855E-5 3.6032E-4 9.46733E-5 5.05032E-5 2.46533E-4 1.6937E-4 2.22883E-4 2.24966E-4 2.27304E-4 2.43134E-4 2.77809E-5 5.79273E-5 1.23706E-4 3.5285E-4 6.11359E-4 8.71404E-4 1.63993E-3 -9999 -9999 -9999 -9999 -9999 -9999
-9999 -9999 -9999 -9999 -9999 -9999 -9999 -9999 -9999 -9999 -9999 -9999 -9999 -9999 -9999 -9999 -9999 -9999 4.36871E-5 3.38767E-5 -9999 1.43936E-4 1.58571E-4 1.58209E-4 9.79674E-5 1.07202E-4 1.81666E-4 4.67989E-4 7.25488E-4 4.57988E-4 6.1403E-5 2.17162E-4 2.03947E-4 2.29674E-4 9.40974E-5 2.00992E-5 1.19201E-5 1.2467E-4 6.92399E-5 4.12936E-5 6.56448E-5 9.44241E-5 1.56773E-4 2.43997E-4 4.07331E-4 1.15831E-4 6.2813E-4 1.35628E-4 1.18494E-4 1.70848E-4 2.26519E-4 2.11983E-4 2.25929E-4 4.369E-4 1.06584E-4 3.8881E-4 9.42936E-4 1.20932E-3 -9999 -9999 -9999 -9999 -9999 -9999 -9999 -9999
-9999 -9999 -9999 -9999 -9999 -9999 -9999 -9999 -9999 -9999 -9999 -9999 -9999 -9999 -9999 -9999 -9999 -9999 -9999 3.62112E-4 3.52895E-4 2.02896E-4 1.67536E-4 1.57255E-4 1.47127E-4 1.11573E-4 -9999 6.06678E-4 6.42799E-4 4.17845E-4 6.71561E-5 1.37592E-4 2.69001E-4 2.00639E-4 2.18195E-4 6.9125E-5 2.15433E-5 1.3415E-4 1.05232E-4 5.48857E-5 6.69444E-5 1.0162E-4 2.8642E-4 3.07746E-4 8.09774E-4 1.10948E-3 7.00764E-4 8.17012E-5 8.09767E-5 1.53063E-4 2.20665E-4 2.50032E-4 3.63743E-4 6.86015E-4 2.07737E-4 9.47605E-4 1.42605E-3 -9999 -9999 -9999 -9999 -9999 -9999 -9999 -9999 -9999
-9999 -9999 -9999 -9999 -9999 -9999 -9999 -9999 -9999 -9999 -9999 -9999 -9999 -9999 -9999 -9999 -9999 -9999 -9999 -9999 3.9982E-4 2.67107E-4 2.24393E-4 1.31895E-4 1.66564E-4 1.48481E-4 1.2676E-4 -9999 4.19434E-4 6.06817E-5 4.42555E-5 8.68618E-5 1.41429E-4 1.59791E-4 2.44353E-4 1.51822E-4 5.28294E-5 2.21984E-4 2.1179E-4 7.48719E-5 4.9852E-5 1.32427E-4 4.19695E-5 4.92957E-4 9.00921E-4 6.15895E-4 2.81386E-4 1.16184E-4 1.33026E-4 1.54561E-4 2.01348E-4 3.25092E-4 4.98328E-4 8.59381E-4 3.16278E-4 9.66809E-4 -9999 -9999 -9999 -9999 -9999 -9999 -9999 -9999 -9999 -9999
-9999 -9999 -9999 -9999 -9999 -9999 -9999 -9999 -9999 -9999 -9999 -9999 -9999 -9999 -9999 -9999 -9999 -9999 -9999 -9999 -9999 2.19546E-4 2.10005E-4 1.5927E-4 2.48513E-4 3.77878E-4 2.30661E-4 2.65126E-4 -9999 -9999 5.23103E-5 5.97382E-5 9.30766E-5 2.25888E-4 1.92002E-4 5.82822E-4 2.21988E-4 4.65228E-5 2.34698E-5 1.09325E-4 5.26094E-5 6.45987E-5 2.00189E-4 3.06245E-4 3.692E-4 2.51435E-4 2.70918E-5 3.39481E-5 5.11869E-4 4.24831E-4 2.86298E-4 4.0333E-4 6.27832E-4 1.08613E-3 3.60012E-4 1.32662E-3 -9999 -9999 -9999 -9999 -9999 -9999 -9999 -9999 -9999 -9999
-9999 -9999 -9999 -9999 -9999 -9999 -9999 -9999 -9999 -9999 -9999 -9999 -9999 -9999 -9999 -9999 -9999 -9999 -9999 -9999 -9999 -9999 -9999 -9999 2.35925E-4 3.50705E-4 4.25401E-4 3.50095E-4 -9999 -9999 -9999 5.59889E-5 8.05705E-5 3.69738E-4 1.1301E-3 1.10945E-3 7.32824E-4 2.07596E-4 2.64362E-5 1.46721E-5 7.28686E-5 7.24563E-5 1.08548E-4 1.43852E-4 1.94105E-4 4.66604E-4 7.35909E-4 5.27544E-4 9.04768E-4 1.74221E-3 1.46487E-3 4.82382E-4 7.33426E-4 1.53841E-3 5.06937E-3 1.80102E-3 -9999 -9999 -9999 -9999 -9999 -9999 -9999 -9999 -9999 -9999
-9999 -9999 -9999 -9999 -9999 -9999 -9999 -9999 -9999 -9999 -9999 -9999 -9999 -9999 -9999 -9999 -9999 -9999 -9999 -9999 -9999 -9999 -9999 -9999 -9999 2.42042E-4 3.7291E-4 4.25853E-4 3.72807E-4 -9999 -9999 7.59986E-5 9.45959E-5 1.49339E-4 9.15126E-4 3.47775E-3 2.16683E-3 9.33276E-4 1.03134E-4 1.36436E-5 1.1516E-4 1.18334E-4 1.06493E-4 8.05821E-5 1.56719E-4 2.96946E-4 5.64615E-4 9.6961E-4 2.07041E-3 2.51303E-3 1.00832E-3 4.69146E-4 1.41215E-3 2.09474E-3 6.00845E-3 1.65917E-3 -9999 -9999 -9999 -9999 -9999 -9999 -9999 -9999 -9999 -9999
