final project/Practice/maxentOut/species_maxentOut_median.asc
ncols         186
nrows         192
xllcorner     -125.0
yllcorner     -56.0
cellsize      0.5
NODATA_value  -9999
[rows 0 to 28 of 192, columns 0 to 65 of 186]
-9999 2.78581E-3 3.00479E-4 7.92509E-6 5.84897E-6 4.44648E-7 1.29188E-6 7.58978E-6 6.92784E-6 5.5258E-6 1.39344E-6 3.38235E-7 3.1006E-7 3.68372E-7 4.03486E-7 9.65777E-7 1.84217E-6 1.62135E-6 1.42279E-6 1.20786E-6 1.53092E-6 8.05355E-7 3.62263E-7 1.583E-7 1.91433E-7 6.37006E-7 4.4567E-8 7.41947E-8 5.30123E-7 5.11671E-7 2.80128E-7 4.87765E-7 1.67999E-6 9.28057E-7 1.76761E-7 6.24141E-7 5.13118E-7 1.56927E-6 1.65227E-6 2.21131E-6 3.862E-7 9.09595E-8 5.57574E-8 8.27359E-8 7.41183E-8 7.99764E-8 8.75856E-8 6.36268E-8 6.77501E-8 6.65397E-8 6.02487E-8 4.11229E-8 5.0451E-8 7.63132E-8 1.50696E-7 1.64866E-7 1.37675E-7 2.4028E-7 3.0861E-7 4.4917E-7 4.44931E-7 3.71897E-7 4.25952E-7 6.21445E-7 7.42635E-7 6.69882E-7
-9999 -9999 1.79058E-3 1.73954E-5 1.47522E-6 3.08421E-7 3.58195E-7 1.60009E-6 2.23487E-5 4.73016E-6 4.01795E-6 3.78772E-7 4.08205E-7 5.80702E-7 9.4037E-7 1.36518E-6 1.93836E-6 2.60927E-6 1.41986E-6 1.1132E-6 1.18132E-6 6.73246E-8 1.17706E-7 1.30201E-7 8.32796E-8 5.0483E-7 8.6472E-7 9.60884E-7 5.47514E-7 2.58797E-7 5.62032E-6 7.30641E-7 6.44803E-7 1.67912E-6 4.58112E-6 6.56733E-7 9.58527E-7 3.02621E-6 1.83627E-6 1.96496E-6 8.89379E-7 3.231E-7 1.24491E-7 7.72295E-8 6.11374E-8 8.91746E-8 8.14086E-8 6.34729E-8 7.10075E-8 6.78217E-8 8.07229E-8 5.26163E-8 5.10169E-8 5.42479E-8 1.3302E-7 1.83113E-7 2.41794E-7 3.55097E-7 4.97269E-7 7.60544E-7 1.09583E-6 7.98863E-7 7.58195E-7 7.19343E-7 7.43212E-7 9.65496E-7
-9999 -9999 4.76681E-3 2.8733E-4 4.6072E-6 5.50718E-7 3.01489E-7 7.49702E-7 3.23341E-6 2.27519E-5 2.01237E-6 1.27019E-6 6.60118E-7 8.59212E-7 1.27435E-6 1.67765E-7 2.70278E-6 1.74987E-7 7.59037E-7 7.80286E-8 1.07232E-6 1.65613E-6 4.92737E-7 1.74044E-7 3.48944E-7 1.92635E-7 1.03983E-6 2.15021E-6 5.78143E-7 4.65617E-8 2.00576E-7 1.3177E-6 8.61325E-7 1.90482E-6 1.46566E-6 3.3512E-7 1.93439E-7 1.32317E-6 6.54701E-7 1.96354E-6 9.51453E-7 1.63847E-7 3.64788E-8 2.20022E-8 2.4692E-8 5.0535E-8 3.53956E-8 3.6846E-8 3.88158E-8 4.60312E-8 6.16298E-8 6.76126E-8 1.08956E-7 1.00667E-7 1.51223E-7 1.91326E-7 3.45615E-7 4.70472E-7 5.92904E-7 9.14031E-7 1.04976E-6 7.61042E-7 8.47115E-7 7.60125E-7 7.85362E-7 9.82718E-7
-9999 -9999 -9999 1.7168E-3 2.13202E-4 1.92433E-5 1.58052E-6 9.12494E-7 5.53888E-7 9.41208E-6 1.59818E-5 3.1767E-5 3.48665E-6 8.12484E-7 1.23118E-6 1.57855E-6 5.96368E-6 1.14862E-6 1.08739E-6 6.72903E-7 8.44154E-7 1.84821E-6 3.07662E-6 7.96736E-7 2.19763E-6 1.04968E-5 2.29684E-5 4.81595E-6 2.27111E-7 3.22008E-7 4.73622E-7 4.16155E-6 1.23733E-6 8.05184E-7 6.58923E-6 2.81536E-7 2.57182E-7 8.25381E-7 1.51584E-6 9.99581E-7 1.65604E-7 2.85846E-8 1.26064E-8 1.28486E-8 1.30922E-8 1.92996E-8 2.01809E-8 4.01753E-8 5.13155E-8 6.00802E-8 6.53457E-8 9.10779E-8 1.43402E-7 1.52803E-7 2.17258E-7 2.38798E-7 2.97238E-7 4.02487E-7 4.70819E-7 6.52706E-7 5.31407E-7 5.93179E-7 6.88406E-7 7.47372E-7 7.97366E-7 7.72551E-7
-9999 -9999 -9999 4.53932E-3 3.60064E-3 7.80624E-4 3.16009E-6 4.24402E-7 2.27552E-7 4.20279E-7 1.04888E-5 1.46065E-5 1.47099E-6 3.27216E-6 6.62773E-7 2.00995E-6 1.33749E-6 2.21621E-6 1.50855E-6 1.05537E-6 1.02122E-6 1.44231E-6 2.59619E-6 2.56503E-6 9.74231E-7 8.2447E-7 1.56969E-5 2.23214E-6 5.46036E-7 6.84164E-7 1.00345E-5 2.78903E-6 4.24229E-6 3.60109E-6 3.28847E-6 2.219E-6 2.39495E-6 3.61304E-6 1.99614E-6 2.27358E-6 6.68815E-7 1.01652E-7 2.80534E-8 3.11182E-8 3.61485E-8 2.58351E-8 1.95317E-8 3.69901E-8 6.21224E-8 9.02319E-8 1.36057E-7 1.49354E-7 1.65842E-7 1.68155E-7 2.34211E-7 3.94639E-7 4.89256E-7 4.1084E-7 5.83129E-7 7.64334E-7 7.511E-7 8.04274E-7 6.91775E-7 8.93713E-7 1.20278E-6 8.98093E-7
-9999 -9999 -9999 -9999 -9999 8.60624E-4 1.28565E-5 4.65245E-7 1.50261E-7 1.02022E-7 3.282E-7 1.39353E-5 1.53119E-5 6.12092E-6 5.88026E-7 5.27114E-7 9.07678E-7 2.71992E-6 1.71246E-6 8.97486E-7 7.74305E-7 6.5284E-7 1.14977E-6 2.00959E-6 2.22846E-6 2.9956E-6 2.18374E-6 1.28431E-6 6.57627E-7 9.53185E-7 5.58701E-7 2.3941E-7 1.21132E-6 9.75412E-6 3.79364E-6 3.37946E-7 2.79748E-6 1.37177E-5 4.75802E-7 2.21706E-6 1.67458E-6 4.02863E-7 2.19597E-7 2.39555E-7 1.32454E-7 5.8515E-8 4.3181E-8 6.3682E-8 9.21907E-8 7.51435E-8 9.63611E-8 1.61291E-7 1.41151E-7 2.25945E-7 2.71342E-7 3.94313E-7 6.28729E-7 5.758E-7 6.51157E-7 8.03429E-7 1.71068E-6 1.66041E-6 1.54359E-6 1.50613E-6 1.3601E-6 1.26256E-6
-9999 -9999 -9999 -9999 -9999 1.32355E-3 3.83351E-4 1.53517E-6 1.22333E-7 9.03499E-8 9.17536E-8 3.95658E-7 1.76994E-5 4.49037E-5 7.00917E-7 1.47993E-7 1.5404E-7 4.58887E-7 8.04786E-7 2.00253E-6 2.14741E-7 2.76965E-7 1.32776E-6 2.61968E-6 2.13291E-6 4.4056E-6 3.02486E-6 2.19574E-6 6.33646E-6 4.48571E-6 8.13022E-7 1.9689E-6 4.63518E-7 9.49154E-7 1.55118E-6 1.67188E-7 2.91874E-7 2.83398E-6 3.79958E-6 3.66712E-6 9.20644E-7 1.62723E-6 1.00661E-6 3.87385E-7 1.89549E-7 1.33032E-7 1.1679E-7 1.0198E-7 9.79778E-8 9.55398E-8 1.27231E-7 1.63454E-7 1.82463E-7 2.2923E-7 3.39791E-7 5.10938E-7 8.2964E-7 7.52451E-7 8.85049E-7 1.23056E-6 2.12471E-6 2.0984E-6 1.85439E-6 1.32249E-6 1.25274E-6 8.92254E-7
-9999 -9999 -9999 -9999 -9999 -9999 4.52705E-4 6.89644E-6 2.19375E-7 6.0363E-8 6.50881E-8 1.05301E-7 2.91354E-6 1.16313E-5 1.97068E-6 5.45728E-7 1.11933E-7 1.29206E-7 3.85049E-6 4.16353E-7 2.93739E-7 3.13163E-7 3.83158E-6 1.10965E-5 6.05021E-6 1.69691E-5 4.7409E-6 1.95671E-6 3.29627E-6 7.29483E-6 2.21647E-6 9.97534E-6 2.66185E-6 1.1153E-6 2.49122E-6 2.98126E-6 1.27266E-6 1.07528E-5 1.34759E-5 7.8056E-6 4.68986E-7 4.49451E-7 4.34364E-7 3.66671E-7 2.75285E-7 2.5381E-7 1.67514E-7 1.20468E-7 1.2523E-7 1.19128E-7 2.16804E-7 2.99477E-7 2.72456E-7 3.95431E-7 7.88404E-7 8.43105E-7 7.75161E-7 9.1517E-7 1.50207E-6 2.00379E-6 3.11732E-6 3.06391E-6 3.76487E-6 3.88446E-6 1.19308E-6 9.27765E-7
-9999 -9999 -9999 -9999 -9999 -9999 -9999 6.80496E-5 1.05185E-6 8.64886E-8 5.11717E-8 6.33144E-8 4.33973E-7 2.39897E-6 2.92986E-7 1.50096E-7 1.16517E-7 1.07704E-7 5.28511E-7 1.08589E-6 5.29556E-7 2.29374E-6 8.99455E-6 1.14736E-5 1.93249E-5 2.15697E-6 1.71481E-6 8.65318E-7 1.38848E-6 2.46819E-6 4.00885E-6 1.03578E-6 4.28045E-6 3.16246E-6 2.20031E-6 2.05838E-6 1.84938E-6 1.54748E-6 1.45009E-5 3.02319E-6 9.23773E-7 3.40127E-7 2.77494E-7 2.51289E-7 2.27565E-7 3.03986E-7 2.76561E-7 2.63789E-7 3.08952E-7 2.6842E-7 2.86208E-7 3.16236E-7 4.8959E-7 6.64002E-7 9.41782E-7 1.42012E-6 1.29346E-6 1.55531E-6 2.0922E-6 2.74538E-6 3.6732E-6 3.64747E-6 4.47339E-6 3.71112E-6 2.58324E-6 1.77611E-6
-9999 -9999 -9999 -9999 -9999 -9999 -9999 4.28299E-4 2.47778E-4 3.30183E-6 4.78829E-7 1.15544E-7 2.83463E-7 6.96778E-6 2.72598E-7 2.63682E-7 2.18695E-7 2.598E-7 1.86455E-6 4.36514E-6 6.06459E-7 3.18475E-6 9.66155E-6 1.52666E-5 1.02067E-5 5.66929E-6 1.24124E-5 6.2278E-6 9.7544E-7 1.43708E-6 2.09025E-6 4.38446E-6 5.04425E-7 1.28306E-6 7.75423E-7 6.24223E-7 3.37441E-6 1.07788E-6 1.11829E-5 5.41999E-6 4.46259E-7 2.92754E-7 2.91691E-7 2.60171E-7 3.77308E-7 4.94812E-7 5.72305E-7 4.69747E-7 4.43296E-7 3.19773E-7 3.26949E-7 5.54737E-7 6.30908E-7 8.4484E-7 1.42919E-6 2.08077E-6 2.05035E-6 2.78044E-6 3.51422E-6 3.38826E-6 1.5995E-6 2.52273E-6 1.70225E-6 1.38138E-6 1.62993E-6 2.55759E-6
-9999 -9999 -9999 -9999 -9999 -9999 -9999 -9999 1.40727E-3 1.65919E-4 1.74433E-5 1.228E-5 2.54736E-6 1.98388E-6 4.58987E-7 4.87754E-7 5.25725E-7 6.35726E-7 3.13092E-6 1.09404E-5 1.30739E-6 5.72759E-7 4.50893E-6 1.24412E-5 1.283E-6 1.26426E-6 1.57633E-6 6.65601E-6 7.48194E-6 1.97713E-6 2.09015E-6 3.88817E-6 5.07086E-6 6.78952E-7 9.35851E-6 2.81031E-6 1.43001E-6 1.33918E-6 6.9357E-6 6.80495E-6 5.47134E-6 5.53485E-7 6.405E-7 8.00962E-7 6.09426E-7 6.04657E-7 6.24996E-7 2.86826E-7 3.01529E-7 3.73274E-7 3.55211E-7 4.83824E-7 6.07968E-7 1.25439E-6 1.44874E-6 1.68072E-6 2.59013E-6 3.0975E-6 4.59848E-6 3.82364E-6 2.14283E-6 4.30048E-6 2.38812E-6 2.22658E-6 2.98515E-6 4.57542E-6
-9999 -9999 -9999 -9999 -9999 -9999 -9999 -9999 -9999 1.36003E-3 4.51423E-4 1.59135E-4 2.45058E-5 8.60568E-6 3.10508E-6 6.88276E-7 1.51928E-6 9.22887E-7 4.49843E-6 9.2457E-6 2.57816E-6 4.52938E-7 1.51662E-6 4.20569E-6 1.11717E-5 1.91322E-6 1.3765E-6 3.1907E-6 5.65372E-6 1.79415E-6 4.54589E-6 2.072E-6 1.14371E-5 1.25152E-6 1.0422E-6 6.56291E-7 2.25594E-6 1.13032E-5 1.74023E-5 8.00485E-6 4.05343E-6 3.01744E-7 5.3984E-7 6.75653E-7 4.9203E-7 6.35844E-7 8.17481E-7 6.41968E-7 4.83E-7 5.43744E-7 5.14346E-7 4.53194E-7 5.76759E-7 1.04232E-6 1.55427E-6 2.55738E-6 3.64348E-6 3.89067E-6 4.79708E-6 4.02738E-6 3.02463E-6 3.71116E-6 3.5513E-6 3.40722E-6 3.78779E-6 6.15871E-6
-9999 -9999 -9999 -9999 -9999 -9999 -9999 -9999 -9999 2.49732E-3 1.37182E-3 -9999 -9999 2.03843E-4 4.17066E-5 2.14794E-6 1.18509E-6 6.94518E-7 1.67023E-6 1.06131E-5 6.12017E-6 3.97293E-6 5.54096E-6 5.38588E-6 5.70868E-6 1.51436E-6 1.65461E-6 1.00333E-6 2.0256E-6 2.30816E-6 1.12249E-5 1.44324E-5 1.82013E-6 1.89261E-5 1.78812E-6 1.13018E-5 1.98962E-6 9.28235E-6 2.79092E-6 1.781E-5 3.18678E-6 2.34344E-6 5.4945E-7 6.84021E-7 6.90211E-7 9.74292E-7 1.14205E-6 1.00444E-6 8.09792E-7 5.01487E-7 6.18835E-7 6.12346E-7 9.00101E-7 1.34121E-6 2.23941E-6 3.69748E-6 5.73179E-6 5.74907E-6 4.87828E-6 3.31841E-6 3.06813E-6 4.10017E-6 5.07993E-6 4.56648E-6 4.26586E-6 5.48509E-6
-9999 -9999 -9999 -9999 -9999 -9999 -9999 -9999 -9999 -9999 3.3329E-3 2.97746E-3 2.93054E-3 1.7488E-3 3.02792E-4 6.11153E-5 5.17641E-6 1.06189E-6 3.95726E-7 3.52459E-6 6.0648E-6 1.19235E-5 1.52054E-5 7.93637E-6 4.88707E-6 5.50077E-6 6.60067E-6 1.45983E-5 2.28169E-6 1.24401E-5 2.02514E-5 1.22259E-6 2.86029E-6 3.12462E-6 3.82806E-6 5.9692E-6 9.30136E-6 4.05927E-6 4.22468E-5 6.52396E-5 5.46014E-6 2.82245E-6 4.67791E-7 5.29339E-7 7.04169E-7 8.49563E-7 1.25385E-6 1.34201E-6 9.00347E-7 7.605E-7 1.15709E-6 1.27293E-6 1.45478E-6 2.0424E-6 2.57139E-6 4.21867E-6 5.45397E-6 5.34874E-6 3.45374E-6 2.75009E-6 3.88736E-6 6.03261E-6 6.42125E-6 6.49318E-6 6.06415E-6 5.24274E-6
-9999 -9999 -9999 -9999 -9999 -9999 -9999 -9999 -9999 -9999 -9999 -9999 4.44954E-3 4.93443E-3 -9999 2.89163E-4 8.78466E-6 4.6298E-7 4.73863E-7 8.77943E-7 4.02272E-6 1.07707E-5 1.64927E-5 1.43128E-5 1.16029E-5 9.43566E-6 5.00487E-6 1.81925E-5 3.51742E-5 2.96223E-5 7.68687E-6 2.41995E-7 6.22889E-6 2.66488E-5 2.07336E-6 4.15298E-6 4.24687E-6 2.95961E-6 2.74968E-5 9.56492E-6 1.05098E-5 4.60236E-6 5.19604E-7 8.78692E-7 9.48767E-7 8.37445E-7 1.33475E-6 2.14453E-6 1.99736E-6 2.17142E-6 2.99895E-6 2.77662E-6 1.92444E-6 2.8226E-6 4.24022E-6 5.64718E-6 5.7971E-6 4.60465E-6 5.35495E-6 3.54271E-6 6.2932E-6 1.13748E-5 1.20405E-5 5.55458E-6 8.14774E-6 9.96559E-6
-9999 -9999 -9999 -9999 -9999 -9999 -9999 -9999 -9999 -9999 -9999 -9999 -9999 -9999 -9999 4.60416E-4 2.44331E-5 5.65568E-6 3.54302E-6 9.89682E-7 1.14679E-6 9.99782E-6 1.68893E-5 2.3418E-5 2.32854E-5 1.39693E-5 1.08696E-5 1.58799E-5 5.60684E-5 2.58087E-5 1.20813E-5 7.21133E-6 4.13515E-6 4.36346E-6 3.32385E-6 3.40283E-6 5.91072E-6 5.63907E-6 1.17234E-5 9.60212E-6 4.47486E-6 1.1816E-5 1.01968E-5 8.1251E-7 1.20711E-6 1.36933E-6 1.77756E-6 2.14705E-6 2.34122E-6 3.49228E-6 4.59162E-6 4.27701E-6 3.38575E-6 5.3524E-6 3.37589E-6 4.67686E-6 5.6955E-6 5.84423E-6 8.28495E-6 7.26191E-6 1.28045E-5 1.38432E-5 1.53526E-5 2.36067E-6 5.09141E-6 1.33902E-5
-9999 -9999 -9999 -9999 -9999 -9999 -9999 -9999 -9999 -9999 -9999 -9999 -9999 -9999 -9999 -9999 1.82426E-4 1.70035E-5 3.48993E-6 4.94306E-6 7.6546E-6 1.19322E-5 2.05393E-5 1.9499E-5 1.5297E-5 1.2928E-5 2.80037E-5 3.5931E-5 5.38409E-6 3.71747E-5 2.41923E-5 3.09031E-6 7.29581E-6 3.90841E-6 2.54175E-6 3.04181E-6 5.3318E-6 5.77936E-6 7.09764E-6 4.63856E-6 1.37538E-6 1.38478E-5 7.03786E-6 4.74883E-7 7.78217E-7 1.49756E-6 1.49761E-6 1.70247E-6 2.23762E-6 2.81111E-6 3.35053E-6 4.00786E-6 4.97855E-6 5.61794E-6 4.83371E-6 5.50522E-6 6.81662E-6 7.66514E-6 9.36744E-6 1.29794E-5 1.37478E-5 1.23556E-5 6.37463E-6 2.63739E-6 4.05747E-6 4.87674E-6
-9999 -9999 -9999 -9999 -9999 -9999 -9999 -9999 -9999 -9999 -9999 -9999 -9999 -9999 -9999 -9999 1.21353E-3 2.18259E-4 1.29411E-5 3.27974E-5 1.68272E-5 2.29342E-5 4.92827E-5 2.86671E-5 1.70318E-5 1.78621E-5 2.79017E-5 5.18658E-5 6.30362E-6 6.22832E-5 1.98548E-5 7.20913E-6 1.27481E-6 3.71372E-6 2.83924E-6 2.64656E-6 2.83929E-6 3.84439E-6 4.38365E-6 8.24361E-6 1.29527E-5 1.70991E-5 8.80044E-6 6.70717E-6 7.43571E-6 2.22467E-5 2.11591E-6 2.27228E-6 3.91644E-6 4.81387E-6 3.37348E-6 3.69392E-6 5.27159E-6 7.57888E-6 9.01257E-6 6.95202E-6 8.90557E-6 9.30441E-6 9.33458E-6 1.23466E-5 1.75109E-5 8.73819E-6 3.54633E-6 5.56702E-6 8.17253E-6 9.34053E-6
-9999 -9999 -9999 -9999 -9999 -9999 -9999 -9999 -9999 -9999 -9999 -9999 -9999 -9999 -9999 -9999 -9999 1.18397E-4 1.16909E-4 1.1136E-5 2.65626E-5 -9999 -9999 1.85866E-5 1.63359E-5 1.21026E-5 1.3854E-5 3.0547E-5 5.40621E-6 4.353E-6 1.86169E-6 1.06722E-5 1.55449E-5 7.73715E-6 7.48224E-6 3.74932E-6 2.67809E-6 5.57094E-6 1.31702E-5 1.29707E-5 1.11461E-5 5.49063E-5 4.12797E-5 2.35442E-5 3.14637E-5 4.0373E-5 3.65456E-5 5.18573E-5 4.21146E-6 4.94728E-6 3.9783E-6 5.27236E-6 6.5137E-6 9.12614E-6 1.24329E-5 9.43319E-6 1.55431E-5 1.55824E-5 1.45626E-5 1.47545E-5 2.26466E-5 3.23438E-5 1.8498E-5 1.0994E-5 1.34131E-5 1.40852E-5
-9999 -9999 -9999 -9999 -9999 -9999 -9999 -9999 -9999 -9999 -9999 -9999 -9999 -9999 -9999 -9999 -9999 8.37893E-5 3.63717E-5 2.44444E-5 1.33627E-5 -9999 -9999 -9999 2.34081E-5 2.69529E-5 5.27108E-5 6.44731E-5 1.09053E-4 6.9648E-6 6.64151E-5 2.79774E-5 2.74033E-6 3.15288E-6 1.29378E-5 8.58886E-6 7.24106E-6 1.11902E-5 1.676E-5 1.81437E-5 2.20949E-5 2.83453E-5 6.365E-5 6.22027E-5 7.12899E-5 4.39853E-5 4.71329E-5 6.6105E-5 5.73267E-6 8.05009E-6 7.71487E-6 1.25569E-5 1.6482E-5 1.37877E-5 1.52048E-5 1.3504E-5 1.56716E-5 1.25229E-5 2.02742E-5 4.27268E-5 6.96748E-5 8.05575E-5 1.06653E-4 1.63472E-4 1.65674E-4 2.01161E-4
-9999 -9999 -9999 -9999 -9999 -9999 -9999 -9999 -9999 -9999 -9999 -9999 -9999 -9999 -9999 -9999 -9999 -9999 2.8054E-5 1.51371E-5 1.56494E-5 9.29829E-6 6.37796E-6 5.8402E-6 2.61107E-5 3.96043E-5 9.83012E-5 1.32457E-4 1.47829E-4 2.16759E-5 3.40552E-6 6.9085E-6 5.43382E-6 1.49393E-5 4.06297E-6 1.87206E-6 2.44961E-5 2.3244E-5 2.047E-5 2.29982E-5 1.16589E-5 1.55381E-5 3.21133E-5 3.84318E-5 4.66179E-5 4.79751E-5 6.05546E-5 7.99639E-5 1.48705E-4 1.33502E-5 1.42564E-5 2.12348E-5 2.26628E-5 2.01799E-5 1.44031E-5 1.71783E-5 1.94971E-5 1.79386E-5 5.05329E-5 2.20121E-4 2.64679E-4 3.66557E-4 4.66215E-4 5.10329E-4 4.93335E-4 4.93826E-4
-9999 -9999 -9999 -9999 -9999 -9999 -9999 -9999 -9999 -9999 -9999 -9999 -9999 3.90052E-2 -9999 -9999 -9999 -9999 -9999 1.3957E-5 1.4457E-5 2.42798E-5 1.23717E-5 8.87069E-6 4.24675E-5 5.14334E-5 6.29823E-5 1.07409E-4 1.26131E-4 1.19988E-4 1.55468E-5 9.16585E-6 5.66565E-6 3.80605E-5 8.3894E-6 3.67716E-6 8.34297E-6 3.67295E-5 2.42553E-5 2.84309E-5 2.26776E-5 2.6618E-5 2.4034E-5 3.24318E-6 1.12887E-5 2.65388E-5 1.8759E-4 9.98664E-5 1.59562E-4 1.39242E-5 1.50551E-5 2.03837E-4 2.4513E-4 1.95929E-5 1.82677E-5 2.31111E-5 3.93456E-5 5.17043E-5 1.61706E-4 4.54765E-4 7.69238E-4 -9999 -9999 -9999 -9999 -9999
-9999 -9999 -9999 -9999 -9999 -9999 -9999 -9999 -9999 -9999 -9999 -9999 -9999 3.37917E-2 -9999 -9999 -9999 -9999 -9999 -9999 1.46464E-5 1.61653E-5 3.04136E-5 9.85121E-6 3.13407E-5 6.32554E-5 8.40602E-5 1.62024E-4 2.38966E-4 4.85693E-5 3.148E-5 4.31385E-5 2.47394E-5 4.22668E-5 7.01323E-6 4.88151E-6 9.10293E-6 8.57907E-5 3.44355E-5 3.01873E-5 2.67535E-5 6.83382E-5 9.6761E-5 5.03659E-5 2.3992E-4 5.80176E-5 3.28065E-5 1.73068E-4 1.38439E-4 1.70095E-4 1.63144E-4 1.53584E-4 1.5852E-4 1.62626E-5 3.09067E-5 5.75111E-5 1.55379E-4 2.3439E-4 3.23481E-4 5.74752E-4 -9999 -9999 -9999 -9999 -9999 -9999
-9999 -9999 -9999 -9999 -9999 -9999 -9999 -9999 -9999 -9999 -9999 -9999 -9999 -9999 -9999 -9999 -9999 -9999 7.0106E-6 5.4675E-6 -9999 3.01271E-5 2.29354E-5 2.32952E-5 2.09835E-5 5.69462E-5 1.34455E-4 3.93389E-4 5.49365E-4 3.26607E-4 3.35911E-5 7.5745E-5 5.4865E-5 8.64014E-5 5.02939E-5 1.24612E-5 8.72705E-6 7.77507E-5 5.43714E-5 3.28152E-5 4.47879E-5 6.53339E-5 1.12957E-4 1.50627E-4 2.62278E-4 7.31855E-5 4.25039E-4 1.07703E-4 9.54655E-5 1.46641E-4 1.77836E-4 1.59836E-4 1.63172E-4 2.935E-4 5.68126E-5 1.66875E-4 4.10575E-4 4.97702E-4 -9999 -9999 -9999 -9999 -9999 -9999 -9999 -9999
-9999 -9999 -9999 -9999 -9999 -9999 -9999 -9999 -9999 -9999 -9999 -9999 -9999 -9999 -9999 -9999 -9999 -9999 -9999 6.61939E-5 6.59086E-5 3.38153E-5 4.55667E-5 3.59144E-5 8.03465E-5 5.42118E-5 -9999 4.47994E-4 4.85973E-4 3.34004E-4 3.97159E-5 5.36793E-5 7.84959E-5 5.99455E-5 1.26834E-4 5.54419E-5 1.55509E-5 8.2077E-5 8.53676E-5 4.60945E-5 5.05083E-5 7.93873E-5 2.12426E-4 2.22378E-4 5.2459E-4 6.77952E-4 5.39539E-4 6.25592E-5 6.03216E-5 1.31396E-4 1.97571E-4 2.07935E-4 2.56861E-4 4.35206E-4 1.06006E-4 3.98976E-4 6.26901E-4 -9999 -9999 -9999 -9999 -9999 -9999 -9999 -9999 -9999
-9999 -9999 -9999 -9999 -9999 -9999 -9999 -9999 -9999 -9999 -9999 -9999 -9999 -9999 -9999 -9999 -9999 -9999 -9999 -9999 7.42417E-5 4.65943E-5 4.97286E-5 4.28829E-5 7.99068E-5 8.08961E-5 6.70297E-5 -9999 3.12509E-4 4.80531E-5 3.61672E-5 3.76955E-5 5.56704E-5 4.41395E-5 8.82993E-5 1.17419E-4 4.22061E-5 1.37228E-4 1.41468E-4 5.48268E-5 4.21502E-5 1.10049E-4 3.58686E-5 3.73431E-4 5.91787E-4 3.78288E-4 2.05465E-4 8.45203E-5 1.06384E-4 1.22255E-4 1.58506E-4 2.78159E-4 3.59028E-4 5.6445E-4 1.64919E-4 4.06609E-4 -9999 -9999 -9999 -9999 -9999 -9999 -9999 -9999 -9999 -9999
-9999 -9999 -9999 -9999 -9999 -9999 -9999 -9999 -9999 -9999 -9999 -9999 -9999 -9999 -9999 -9999 -9999 -9999 -9999 -9999 -9999 3.77176E-5 3.49931E-5 3.03486E-5 1.028E-4 2.29314E-4 1.50298E-4 1.97828E-4 -9999 -9999 5.03039E-5 4.32593E-5 3.68352E-5 7.43974E-5 5.60768E-5 2.72608E-4 1.51711E-4 3.5556E-5 1.62498E-5 7.77249E-5 4.39323E-5 5.87959E-5 1.61088E-4 2.3133E-4 2.57203E-4 1.79646E-4 1.86661E-5 2.12113E-5 3.39081E-4 3.40134E-4 2.49833E-4 3.25443E-4 4.48797E-4 7.3034E-4 1.89641E-4 5.73701E-4 -9999 -9999 -9999 -9999 -9999 -9999 -9999 -9999 -9999 -9999
-9999 -9999 -9999 -9999 -9999 -9999 -9999 -9999 -9999 -9999 -9999 -9999 -9999 -9999 -9999 -9999 -9999 -9999 -9999 -9999 -9999 -9999 -9999 -9999 4.11844E-5 1.38422E-4 3.15675E-4 2.78769E-4 -9999 -9999 -9999 4.59583E-5 4.18843E-5 1.1787E-4 3.80783E-4 4.11826E-4 4.80557E-4 1.81665E-4 1.9899E-5 1.00206E-5 5.93221E-5 5.18734E-5 7.18864E-5 9.20463E-5 1.25954E-4 3.28274E-4 4.94197E-4 3.59067E-4 6.32955E-4 1.23856E-3 8.35074E-4 4.06437E-4 5.80628E-4 1.10678E-3 2.95336E-3 6.59449E-4 -9999 -9999 -9999 -9999 -9999 -9999 -9999 -9999 -9999 -9999
-9999 -9999 -9999 -9999 -9999 -9999 -9999 -9999 -9999 -9999 -9999 -9999 -9999 -9999 -9999 -9999 -9999 -9999 -9999 -9999 -9999 -9999 -9999 -9999 -9999 3.61497E-5 2.59009E-4 3.53896E-4 2.76824E-4 -9999 -9999 6.62105E-5 6.74911E-5 6.08066E-5 3.06944E-4 1.06168E-3 1.38415E-3 7.17312E-4 8.77048E-5 8.96491E-6 9.73824E-5 8.97264E-5 6.51267E-5 4.21163E-5 8.44072E-5 1.81154E-4 3.82812E-4 5.96839E-4 1.57274E-3 1.64176E-3 4.92006E-4 3.61113E-4 9.56893E-4 1.41918E-3 3.38039E-3 5.57762E-4 -9999 -9999 -9999 -9999 -9999 -9999 -9999 -9999 -9999 -9999
