final project/Practice/maxentOut/species_3_maxentOut.asc
ncols         186
nrows         192
xllcorner     -125.0
yllcorner     -56.0
cellsize      0.5
NODATA_value  -9999
[rows 0 to 28 of 192, columns 0 to 65 of 186]
-9999 2.78581E-3 3.00479E-4 7.92509E-6 5.84897E-6 4.44648E-7 1.29188E-6 7.58978E-6 8.61965E-6 7.69015E-6 1.41488E-6 3.38235E-7 6.39547E-7 9.00276E-7 9.39256E-7 2.04928E-6 4.40896E-6 3.94938E-6 3.18991E-6 2.50316E-6 2.83567E-6 1.36426E-6 6.73617E-7 3.65472E-7 4.27175E-7 1.11625E-6 8.8952E-8 1.80122E-7 6.50254E-7 8.69721E-7 7.86368E-7 1.2942E-6 2.21298E-6 1.22473E-6 2.07601E-7 6.24141E-7 6.55857E-7 1.56927E-6 1.65227E-6 2.92229E-6 9.13636E-7 2.36707E-7 1.40296E-7 1.95721E-7 1.99287E-7 2.41374E-7 2.96109E-7 2.32009E-7 2.59472E-7 2.63209E-7 2.46609E-7 1.8263E-7 2.32458E-7 3.35429E-7 6.22628E-7 7.0028E-7 6.13802E-7 9.89665E-7 1.20974E-6 1.67977E-6 1.63373E-6 1.32396E-6 1.49387E-6 2.06603E-6 2.35194E-6 2.16174E-6
-9999 -9999 1.79058E-3 1.73954E-5 1.47522E-6 3.08421E-7 3.58195E-7 1.60009E-6 2.23487E-5 8.57426E-6 4.90048E-6 4.38558E-7 9.91044E-7 1.53279E-6 2.74646E-6 3.90333E-6 5.16933E-6 7.06458E-6 3.15712E-6 2.13914E-6 2.38296E-6 1.14183E-7 2.75663E-7 2.83768E-7 1.81712E-7 8.65417E-7 1.55844E-6 1.23512E-6 2.22967E-6 8.80597E-7 1.04459E-5 2.21149E-6 1.82273E-6 3.14793E-6 5.25079E-6 6.58691E-7 9.58527E-7 3.02621E-6 1.83627E-6 2.24892E-6 1.55532E-6 6.23481E-7 2.44484E-7 1.86442E-7 1.66244E-7 2.60152E-7 2.83594E-7 2.28105E-7 2.78779E-7 2.80221E-7 3.29362E-7 2.37294E-7 2.51008E-7 2.73884E-7 6.13062E-7 8.29386E-7 1.02354E-6 1.38937E-6 1.85339E-6 2.65496E-6 3.65316E-6 2.65631E-6 2.52296E-6 2.4163E-6 2.45231E-6 3.03116E-6
-9999 -9999 4.76681E-3 2.8733E-4 4.52799E-6 5.50718E-7 3.01489E-7 7.49702E-7 3.23341E-6 3.35705E-5 4.18691E-6 1.57833E-6 1.24239E-6 2.0687E-6 3.08529E-6 4.29044E-7 8.18514E-6 5.02816E-7 1.85214E-6 1.44292E-7 1.98653E-6 2.56428E-6 9.2678E-7 3.25984E-7 6.02625E-7 2.7055E-7 1.50374E-6 6.55611E-6 2.55166E-6 2.2993E-7 8.37814E-7 4.02489E-6 1.41143E-6 5.02823E-6 3.6477E-6 3.3512E-7 1.93439E-7 1.32317E-6 6.54701E-7 2.07297E-6 2.07914E-6 4.23931E-7 9.93675E-8 6.77981E-8 7.37877E-8 1.41521E-7 1.41906E-7 1.54891E-7 1.75723E-7 2.09981E-7 2.71242E-7 3.06893E-7 4.98537E-7 4.68476E-7 7.33639E-7 8.76238E-7 1.37077E-6 1.73869E-6 2.15989E-6 3.11401E-6 3.41852E-6 2.50466E-6 2.73108E-6 2.10124E-6 1.57141E-6 2.12057E-6
-9999 -9999 -9999 1.7168E-3 2.13202E-4 1.92433E-5 1.58052E-6 9.12494E-7 5.53888E-7 9.41208E-6 3.19843E-5 6.41584E-5 6.1801E-6 1.65735E-6 3.53252E-6 5.15758E-6 1.25241E-5 1.48112E-6 1.36245E-6 8.63082E-7 1.77398E-6 3.67385E-6 7.82536E-6 2.46104E-6 3.45807E-6 1.39222E-5 3.24079E-5 1.34271E-5 1.13116E-6 1.27988E-6 1.67424E-6 9.16517E-6 3.57452E-6 1.4444E-6 1.03642E-5 2.81536E-7 2.57182E-7 8.25381E-7 1.78451E-6 1.78592E-6 6.30959E-7 1.19301E-7 4.70116E-8 5.0864E-8 5.09027E-8 6.7269E-8 8.24578E-8 1.64508E-7 2.2705E-7 2.71335E-7 3.04632E-7 4.22389E-7 6.55819E-7 7.05343E-7 9.77686E-7 1.03693E-6 1.23308E-6 1.56415E-6 1.76145E-6 2.09635E-6 1.17132E-6 1.38969E-6 1.54285E-6 1.46858E-6 1.5907E-6 1.5408E-6
-9999 -9999 -9999 4.53932E-3 3.60064E-3 7.80624E-4 3.16009E-6 4.24402E-7 2.27552E-7 4.20279E-7 1.16283E-5 3.38739E-5 3.56072E-6 5.15729E-6 1.67114E-6 4.60972E-6 1.8467E-6 2.32245E-6 1.50855E-6 1.05537E-6 1.02122E-6 1.7624E-6 4.44554E-6 4.59204E-6 1.29303E-6 1.45298E-6 2.97717E-5 8.80035E-6 2.44728E-6 2.34629E-6 2.40671E-5 6.20915E-6 8.40457E-6 3.60109E-6 3.28847E-6 2.219E-6 2.39495E-6 5.62353E-6 3.71213E-6 2.61536E-6 1.91458E-6 4.39836E-7 1.14807E-7 1.16557E-7 1.32575E-7 1.01276E-7 8.50046E-8 1.55744E-7 2.73592E-7 3.9028E-7 5.87029E-7 6.55388E-7 7.64259E-7 7.56334E-7 1.01819E-6 1.64374E-6 1.88416E-6 1.54115E-6 2.00069E-6 1.89258E-6 1.4214E-6 1.55213E-6 1.36885E-6 1.73815E-6 2.16857E-6 1.68267E-6
-9999 -9999 -9999 -9999 -9999 8.60624E-4 1.28565E-5 4.65245E-7 1.50261E-7 1.02022E-7 3.282E-7 1.90715E-5 3.65597E-5 7.812E-6 5.88026E-7 5.27114E-7 9.07678E-7 2.71992E-6 1.71246E-6 8.97486E-7 7.74305E-7 6.5284E-7 1.14977E-6 2.00959E-6 2.3836E-6 6.76038E-6 8.65055E-6 5.40586E-6 2.18468E-6 2.9868E-6 1.88908E-6 9.23245E-7 3.16637E-6 1.83562E-5 6.68912E-6 5.26056E-7 2.79748E-6 1.5196E-5 1.02723E-6 2.21706E-6 3.22007E-6 1.29032E-6 7.70392E-7 6.67346E-7 4.09645E-7 2.03299E-7 1.78634E-7 2.81453E-7 4.05182E-7 3.58072E-7 4.56422E-7 7.26899E-7 6.24658E-7 9.31096E-7 1.02486E-6 1.41079E-6 1.97622E-6 1.31795E-6 1.34377E-6 1.46358E-6 2.77456E-6 2.82399E-6 2.71775E-6 2.63578E-6 2.39845E-6 1.95737E-6
-9999 -9999 -9999 -9999 -9999 1.32355E-3 3.83351E-4 1.53517E-6 1.22333E-7 9.03499E-8 9.17536E-8 3.95658E-7 2.96802E-5 7.70288E-5 7.00917E-7 1.47993E-7 1.5404E-7 4.58887E-7 8.04786E-7 2.00253E-6 2.14741E-7 2.76965E-7 1.32776E-6 2.61968E-6 2.51855E-6 7.29775E-6 1.13725E-5 7.89203E-6 2.126E-5 1.51788E-5 2.78061E-6 6.11424E-6 1.55878E-6 2.69186E-6 4.66079E-6 4.41224E-7 5.5591E-7 2.83398E-6 7.34723E-6 3.66712E-6 1.79737E-6 3.28108E-6 2.53589E-6 1.1577E-6 6.34272E-7 4.83254E-7 4.54712E-7 4.4553E-7 4.44488E-7 4.63872E-7 5.54181E-7 6.4493E-7 6.87268E-7 8.30585E-7 1.10433E-6 1.51324E-6 2.01475E-6 1.30688E-6 1.38214E-6 1.84059E-6 3.04874E-6 3.45685E-6 3.17438E-6 2.19426E-6 1.67756E-6 8.92254E-7
-9999 -9999 -9999 -9999 -9999 -9999 4.52705E-4 6.89644E-6 2.19375E-7 6.0363E-8 6.50881E-8 1.05301E-7 2.91354E-6 2.21424E-5 1.97068E-6 5.45728E-7 1.11933E-7 1.29206E-7 3.85049E-6 4.16353E-7 2.93739E-7 3.13163E-7 3.83158E-6 2.29721E-5 2.13207E-5 3.66105E-5 1.6097E-5 7.49212E-6 1.19272E-5 2.17869E-5 8.50584E-6 2.52214E-5 8.90152E-6 4.64555E-6 8.20652E-6 8.19622E-6 2.03972E-6 2.54534E-5 2.73902E-5 7.86583E-6 1.09089E-6 1.07299E-6 1.10036E-6 1.04252E-6 1.02389E-6 9.66231E-7 6.46499E-7 5.2224E-7 5.45995E-7 5.44459E-7 8.69287E-7 9.38937E-7 8.71672E-7 1.18592E-6 1.99614E-6 2.22058E-6 1.3033E-6 1.39842E-6 2.07941E-6 2.59274E-6 3.84891E-6 4.35713E-6 5.12668E-6 4.30244E-6 1.19308E-6 9.27765E-7
-9999 -9999 -9999 -9999 -9999 -9999 -9999 6.80496E-5 1.05185E-6 8.64886E-8 5.11717E-8 6.33144E-8 4.33973E-7 2.39897E-6 2.92986E-7 1.50096E-7 1.16517E-7 1.07704E-7 5.28511E-7 1.08589E-6 5.29556E-7 2.29374E-6 2.97198E-5 3.46474E-5 4.8549E-5 4.80355E-6 3.86856E-6 3.5902E-6 5.6308E-6 8.85231E-6 1.30041E-5 2.22226E-6 1.22313E-5 9.90662E-6 7.02919E-6 6.89479E-6 3.79824E-6 3.84038E-6 1.64317E-5 4.91642E-6 2.18921E-6 1.13433E-6 9.84775E-7 9.32612E-7 9.90247E-7 1.33355E-6 1.13826E-6 1.07245E-6 1.18417E-6 1.04443E-6 7.17894E-7 6.73849E-7 9.4796E-7 1.24821E-6 1.59724E-6 2.17343E-6 1.85084E-6 2.12716E-6 2.67331E-6 3.07757E-6 3.6732E-6 3.64747E-6 4.13021E-6 3.30271E-6 2.4575E-6 1.77611E-6
-9999 -9999 -9999 -9999 -9999 -9999 -9999 4.28299E-4 2.47778E-4 3.30183E-6 4.78829E-7 1.15544E-7 2.83463E-7 6.96778E-6 2.72598E-7 2.63682E-7 2.18695E-7 2.598E-7 1.86455E-6 4.36514E-6 6.06459E-7 3.18475E-6 2.49486E-5 4.10676E-5 2.82564E-5 1.09838E-5 1.79033E-5 2.05455E-5 4.28008E-6 5.6239E-6 7.74598E-6 1.33166E-5 1.2373E-6 2.45985E-6 1.72577E-6 1.68602E-6 1.32535E-5 2.90234E-6 2.78609E-5 1.56091E-5 1.46058E-6 1.21946E-6 1.2323E-6 1.21724E-6 1.62827E-6 2.09353E-6 2.43309E-6 1.76979E-6 1.64201E-6 1.04114E-6 6.76929E-7 1.30759E-6 1.29409E-6 1.42717E-6 2.13052E-6 2.90236E-6 2.55926E-6 3.37058E-6 3.69412E-6 3.38826E-6 1.5995E-6 2.52273E-6 1.70225E-6 1.38138E-6 1.62993E-6 2.55759E-6
-9999 -9999 -9999 -9999 -9999 -9999 -9999 -9999 1.40727E-3 1.65919E-4 1.74433E-5 1.228E-5 2.54736E-6 1.98388E-6 4.58987E-7 4.87754E-7 5.25725E-7 6.35726E-7 3.33277E-6 2.15086E-5 1.30739E-6 5.72759E-7 7.83545E-6 3.83335E-5 3.36697E-6 3.69884E-6 4.44181E-6 1.19258E-5 2.27305E-5 7.7616E-6 7.93159E-6 1.23234E-5 1.30204E-5 1.42399E-6 2.14892E-5 9.94258E-6 6.37633E-6 3.36246E-6 1.90564E-5 1.97924E-5 1.94123E-5 1.94148E-6 2.36584E-6 2.89273E-6 2.33249E-6 2.36215E-6 2.58044E-6 1.21316E-6 1.01098E-6 9.4851E-7 6.7087E-7 1.33111E-6 1.17355E-6 1.81935E-6 1.95771E-6 2.18532E-6 3.2298E-6 3.41898E-6 4.59848E-6 3.82364E-6 2.14283E-6 4.30048E-6 2.3839E-6 2.22658E-6 2.98515E-6 4.57542E-6
-9999 -9999 -9999 -9999 -9999 -9999 -9999 -9999 -9999 1.36003E-3 4.51423E-4 1.59135E-4 2.45058E-5 8.60568E-6 3.10508E-6 6.88276E-7 1.51928E-6 9.22887E-7 5.94345E-6 2.0861E-5 2.57816E-6 4.52938E-7 1.74696E-6 8.03702E-6 2.92282E-5 5.36893E-6 3.21612E-6 7.47974E-6 1.01747E-5 3.95983E-6 7.72397E-6 3.80203E-6 2.21879E-5 2.13411E-6 1.97013E-6 1.68888E-6 8.79375E-6 3.2946E-5 4.50446E-5 2.4209E-5 1.53391E-5 1.17007E-6 2.05216E-6 2.61348E-6 1.98568E-6 2.49236E-6 3.00696E-6 2.25128E-6 1.49324E-6 1.38283E-6 1.25472E-6 7.14482E-7 7.7844E-7 1.29861E-6 1.90991E-6 2.97722E-6 3.94855E-6 3.90255E-6 4.79708E-6 4.02738E-6 3.02463E-6 3.54645E-6 3.32687E-6 3.33597E-6 3.78779E-6 6.00238E-6
-9999 -9999 -9999 -9999 -9999 -9999 -9999 -9999 -9999 2.49732E-3 1.37182E-3 -9999 -9999 2.03843E-4 4.17066E-5 2.14794E-6 1.18509E-6 6.94518E-7 1.67023E-6 2.06551E-5 1.38989E-5 5.18363E-6 1.11027E-5 1.00931E-5 1.08664E-5 1.51436E-6 1.65461E-6 1.30907E-6 5.7136E-6 5.65789E-6 1.67683E-5 1.62776E-5 2.93663E-6 3.20828E-5 2.99923E-6 2.8723E-5 7.23206E-6 2.96239E-5 6.4207E-6 4.85684E-5 1.11303E-5 8.13862E-6 1.91519E-6 2.57011E-6 2.63662E-6 3.64417E-6 3.81033E-6 3.39911E-6 2.3475E-6 1.25029E-6 1.19888E-6 8.79065E-7 1.10282E-6 1.5732E-6 2.38031E-6 3.71053E-6 5.73179E-6 5.74907E-6 4.87828E-6 3.31841E-6 3.06813E-6 4.10017E-6 5.07392E-6 4.53579E-6 4.26586E-6 5.4649E-6
-9999 -9999 -9999 -9999 -9999 -9999 -9999 -9999 -9999 -9999 3.3329E-3 2.97746E-3 2.93054E-3 1.7488E-3 3.02792E-4 6.11153E-5 5.17641E-6 1.06189E-6 3.95726E-7 3.8938E-6 1.00222E-5 2.10312E-5 2.74432E-5 1.64779E-5 1.13467E-5 1.22311E-5 1.73836E-5 1.98849E-5 5.98165E-6 2.96699E-5 5.48111E-5 3.09464E-6 5.37325E-6 5.15348E-6 6.38727E-6 1.62586E-5 2.86076E-5 1.26565E-5 6.13239E-5 1.40853E-4 1.85052E-5 9.22842E-6 1.65199E-6 1.85798E-6 2.55775E-6 3.04488E-6 4.0983E-6 3.75092E-6 2.17794E-6 1.37518E-6 1.6101E-6 1.66606E-6 1.73764E-6 2.32708E-6 2.57829E-6 4.21867E-6 5.45397E-6 5.34874E-6 3.45374E-6 2.75009E-6 3.88736E-6 6.03261E-6 6.42125E-6 6.37814E-6 6.06324E-6 5.24274E-6
-9999 -9999 -9999 -9999 -9999 -9999 -9999 -9999 -9999 -9999 -9999 -9999 4.76813E-3 5.13003E-3 -9999 2.89163E-4 8.78466E-6 4.6298E-7 4.73863E-7 8.77943E-7 4.40671E-6 1.63328E-5 3.00321E-5 2.82788E-5 2.41527E-5 1.87619E-5 1.35984E-5 4.78726E-5 7.19812E-5 7.81167E-5 1.83984E-5 7.62023E-7 2.0518E-5 6.32093E-5 4.55379E-6 1.05752E-5 1.33443E-5 6.98212E-6 4.35318E-5 1.78978E-5 3.23894E-5 1.31573E-5 1.89099E-6 3.02476E-6 3.08127E-6 2.61002E-6 3.97729E-6 5.41264E-6 3.9544E-6 3.32496E-6 3.78651E-6 3.46038E-6 2.3258E-6 2.9886E-6 4.24022E-6 5.64718E-6 5.7971E-6 4.60465E-6 5.35495E-6 3.54271E-6 6.2932E-6 1.13748E-5 1.20405E-5 4.66332E-6 7.8672E-6 9.26269E-6
-9999 -9999 -9999 -9999 -9999 -9999 -9999 -9999 -9999 -9999 -9999 -9999 -9999 -9999 -9999 4.60416E-4 2.44331E-5 5.65568E-6 3.54302E-6 9.89682E-7 1.14679E-6 1.26425E-5 2.56984E-5 4.21876E-5 3.93302E-5 2.22774E-5 1.90816E-5 3.05973E-5 9.98731E-5 5.61632E-5 2.84596E-5 1.67286E-5 1.10307E-5 1.19643E-5 6.89348E-6 6.9693E-6 1.31767E-5 1.1269E-5 3.17199E-5 2.17974E-5 7.59708E-6 2.56953E-5 2.40088E-5 2.38713E-6 3.47528E-6 3.85327E-6 5.34358E-6 4.9434E-6 4.21757E-6 5.69917E-6 6.11749E-6 5.2798E-6 4.15379E-6 5.67003E-6 3.37589E-6 4.67686E-6 5.6955E-6 5.84423E-6 8.28495E-6 7.26191E-6 1.28045E-5 1.38432E-5 1.53526E-5 2.36067E-6 4.28568E-6 9.00013E-6
-9999 -9999 -9999 -9999 -9999 -9999 -9999 -9999 -9999 -9999 -9999 -9999 -9999 -9999 -9999 -9999 1.82426E-4 1.70035E-5 3.48993E-6 4.94306E-6 8.87838E-6 1.44665E-5 2.40104E-5 2.53633E-5 2.27546E-5 1.75128E-5 4.18956E-5 5.71095E-5 1.10744E-5 7.54466E-5 5.31542E-5 6.89816E-6 1.8942E-5 7.43212E-6 3.73576E-6 4.51966E-6 8.71717E-6 9.68578E-6 1.53025E-5 7.62565E-6 2.2913E-6 2.60714E-5 1.5721E-5 1.38204E-6 2.36273E-6 3.97291E-6 3.66622E-6 3.51993E-6 3.95674E-6 4.35253E-6 4.41602E-6 4.76549E-6 5.69792E-6 5.921E-6 4.83371E-6 5.50522E-6 6.81662E-6 7.66514E-6 9.36744E-6 1.29794E-5 1.37478E-5 1.23556E-5 4.88922E-6 2.63739E-6 3.93686E-6 4.54205E-6
-9999 -9999 -9999 -9999 -9999 -9999 -9999 -9999 -9999 -9999 -9999 -9999 -9999 -9999 -9999 -9999 1.21353E-3 2.18259E-4 1.29411E-5 3.27974E-5 1.68272E-5 2.48182E-5 4.92827E-5 2.90761E-5 2.16692E-5 2.00521E-5 3.66583E-5 9.43754E-5 1.35349E-5 1.41271E-4 4.7281E-5 1.38914E-5 3.08132E-6 5.42052E-6 3.40341E-6 3.31489E-6 4.62754E-6 6.41265E-6 7.53873E-6 1.58898E-5 2.31307E-5 3.52426E-5 1.9055E-5 1.61403E-5 1.08406E-5 3.08416E-5 4.07589E-6 4.17498E-6 6.10459E-6 6.77714E-6 4.40672E-6 4.4096E-6 5.71494E-6 7.67192E-6 9.01257E-6 6.95202E-6 8.90557E-6 9.30441E-6 9.33458E-6 1.23466E-5 1.75109E-5 7.38808E-6 3.54633E-6 5.16096E-6 7.05059E-6 7.92725E-6
-9999 -9999 -9999 -9999 -9999 -9999 -9999 -9999 -9999 -9999 -9999 -9999 -9999 -9999 -9999 -9999 -9999 1.18397E-4 1.16909E-4 1.1136E-5 2.65626E-5 -9999 -9999 2.08718E-5 2.21034E-5 1.55209E-5 1.77978E-5 4.39377E-5 1.14269E-5 9.83361E-6 4.6385E-6 1.85456E-5 3.41893E-5 1.37414E-5 1.11009E-5 4.50732E-6 4.01893E-6 9.90633E-6 2.50935E-5 2.34588E-5 2.03203E-5 1.14685E-4 9.97445E-5 4.98816E-5 5.1729E-5 5.78472E-5 5.43378E-5 7.48375E-5 6.70698E-6 7.28973E-6 5.68861E-6 6.317E-6 6.76308E-6 9.12614E-6 1.24329E-5 9.43319E-6 1.55431E-5 1.55824E-5 1.45626E-5 1.47545E-5 2.26466E-5 3.23438E-5 1.67917E-5 8.68021E-6 9.76511E-6 1.13084E-5
-9999 -9999 -9999 -9999 -9999 -9999 -9999 -9999 -9999 -9999 -9999 -9999 -9999 -9999 -9999 -9999 -9999 8.37893E-5 3.63717E-5 2.44444E-5 1.33627E-5 -9999 -9999 -9999 3.23065E-5 3.09697E-5 5.71561E-5 7.17561E-5 1.46856E-4 1.2734E-5 1.03987E-4 4.139E-5 6.13696E-6 5.3085E-6 2.00396E-5 1.04087E-5 1.00107E-5 1.57755E-5 2.36008E-5 2.60252E-5 3.88157E-5 5.94944E-5 1.38551E-4 1.49058E-4 1.47281E-4 6.55868E-5 6.38416E-5 8.68139E-5 8.40417E-6 1.15151E-5 1.14467E-5 1.63479E-5 1.6482E-5 1.37877E-5 1.52048E-5 1.3504E-5 1.56716E-5 1.25229E-5 2.02742E-5 4.27268E-5 6.96748E-5 8.05575E-5 1.06653E-4 1.63472E-4 1.65674E-4 2.01161E-4
-9999 -9999 -9999 -9999 -9999 -9999 -9999 -9999 -9999 -9999 -9999 -9999 -9999 -9999 -9999 -9999 -9999 -9999 2.8054E-5 1.51371E-5 1.56494E-5 9.29829E-6 6.37796E-6 5.8402E-6 3.85794E-5 5.04343E-5 9.83012E-5 1.32457E-4 1.595E-4 2.98018E-5 6.09408E-6 1.00107E-5 1.10581E-5 2.10718E-5 7.00894E-6 2.9718E-6 4.40807E-5 3.87431E-5 2.19144E-5 2.45721E-5 1.5019E-5 2.1418E-5 5.341E-5 6.53044E-5 7.09357E-5 6.87115E-5 7.79319E-5 9.20074E-5 1.59263E-4 1.7852E-5 1.90127E-5 2.20568E-5 2.26628E-5 2.01799E-5 1.44031E-5 1.71783E-5 1.94971E-5 1.79386E-5 5.05329E-5 2.20121E-4 2.64679E-4 3.66557E-4 4.66215E-4 5.10329E-4 4.93335E-4 4.93826E-4
-9999 -9999 -9999 -9999 -9999 -9999 -9999 -9999 -9999 -9999 -9999 -9999 -9999 4.1008E-2 -9999 -9999 -9999 -9999 -9999 1.3957E-5 1.4457E-5 2.42798E-5 1.23717E-5 8.87069E-6 6.49485E-5 7.22254E-5 8.83615E-5 1.31465E-4 1.51045E-4 1.35252E-4 2.20416E-5 1.35102E-5 9.79339E-6 5.06696E-5 1.2542E-5 5.12876E-6 1.08909E-5 5.61674E-5 2.42553E-5 2.90918E-5 2.6051E-5 3.40717E-5 3.31517E-5 6.69367E-6 2.1598E-5 4.74906E-5 3.03727E-4 1.34158E-4 1.59562E-4 1.42317E-5 1.51663E-5 2.03837E-4 2.4513E-4 1.95929E-5 1.82677E-5 2.31111E-5 3.93456E-5 5.17043E-5 1.61706E-4 4.55205E-4 9.55745E-4 -9999 -9999 -9999 -9999 -9999
-9999 -9999 -9999 -9999 -9999 -9999 -9999 -9999 -9999 -9999 -9999 -9999 -9999 3.37917E-2 -9999 -9999 -9999 -9999 -9999 -9999 1.46464E-5 1.61653E-5 3.04136E-5 9.85121E-6 3.05035E-5 9.01608E-5 1.21622E-4 2.08483E-4 3.01065E-4 5.25757E-5 3.89876E-5 4.56729E-5 3.87273E-5 5.64573E-5 1.09609E-5 5.67001E-6 9.10293E-6 9.58072E-5 3.44355E-5 3.16853E-5 2.72726E-5 9.69191E-5 1.43792E-4 8.83855E-5 3.6032E-4 9.46733E-5 5.05032E-5 2.46533E-4 1.51511E-4 1.70095E-4 1.63144E-4 1.53584E-4 1.5852E-4 1.62626E-5 3.09067E-5 5.75111E-5 1.55379E-4 2.3439E-4 3.23481E-4 5.97658E-4 -9999 -9999 -9999 -9999 -9999 -9999
-9999 -9999 -9999 -9999 -9999 -9999 -9999 -9999 -9999 -9999 -9999 -9999 -9999 -9999 -9999 -9999 -9999 -9999 7.0106E-6 5.4675E-6 -9999 3.01271E-5 2.29354E-5 2.32952E-5 2.09835E-5 8.21556E-5 1.81666E-4 4.67989E-4 6.85134E-4 3.77935E-4 3.89394E-5 7.5745E-5 7.37479E-5 1.03521E-4 5.91358E-5 1.65994E-5 8.72705E-6 7.77507E-5 5.43714E-5 3.33501E-5 5.66177E-5 9.44241E-5 1.56773E-4 2.43997E-4 4.07331E-4 1.15831E-4 6.2813E-4 1.35628E-4 1.05186E-4 1.46641E-4 1.77836E-4 1.59836E-4 1.63172E-4 2.935E-4 5.68126E-5 1.66875E-4 4.10575E-4 4.97702E-4 -9999 -9999 -9999 -9999 -9999 -9999 -9999 -9999
-9999 -9999 -9999 -9999 -9999 -9999 -9999 -9999 -9999 -9999 -9999 -9999 -9999 -9999 -9999 -9999 -9999 -9999 -9999 6.61939E-5 6.59086E-5 3.38153E-5 4.55667E-5 3.59144E-5 8.25098E-5 6.40012E-5 -9999 6.06678E-4 6.42799E-4 4.17845E-4 4.74852E-5 6.05494E-5 7.45313E-5 7.80189E-5 1.34504E-4 6.52646E-5 1.67583E-5 8.94679E-5 8.54291E-5 4.61844E-5 6.07295E-5 1.0162E-4 2.8642E-4 3.07746E-4 8.09774E-4 1.10948E-3 7.00764E-4 7.62311E-5 7.44367E-5 1.37601E-4 1.97571E-4 2.07935E-4 2.56861E-4 4.35206E-4 1.06006E-4 4.23103E-4 6.26901E-4 -9999 -9999 -9999 -9999 -9999 -9999 -9999 -9999 -9999
-9999 -9999 -9999 -9999 -9999 -9999 -9999 -9999 -9999 -9999 -9999 -9999 -9999 -9999 -9999 -9999 -9999 -9999 -9999 -9999 7.42417E-5 4.65943E-5 4.97286E-5 3.99861E-5 7.8083E-5 9.54876E-5 9.14681E-5 -9999 4.19434E-4 6.06817E-5 4.42555E-5 4.44007E-5 4.60275E-5 5.69235E-5 1.04557E-4 1.33451E-4 5.09476E-5 1.55595E-4 1.53514E-4 5.48268E-5 4.2729E-5 1.32427E-4 4.19695E-5 4.92957E-4 9.00921E-4 6.15895E-4 2.81386E-4 1.16184E-4 1.28047E-4 1.41749E-4 1.90744E-4 2.78159E-4 3.59028E-4 5.6445E-4 1.73326E-4 4.78971E-4 -9999 -9999 -9999 -9999 -9999 -9999 -9999 -9999 -9999 -9999
-9999 -9999 -9999 -9999 -9999 -9999 -9999 -9999 -9999 -9999 -9999 -9999 -9999 -9999 -9999 -9999 -9999 -9999 -9999 -9999 -9999 3.77176E-5 3.49931E-5 3.03486E-5 9.32813E-5 2.02678E-4 1.83162E-4 2.43255E-4 -9999 -9999 5.23103E-5 4.32593E-5 3.68352E-5 7.43974E-5 5.95072E-5 2.7656E-4 1.57176E-4 3.81153E-5 1.62498E-5 7.77249E-5 4.39323E-5 5.87959E-5 1.88245E-4 3.06245E-4 3.692E-4 2.51435E-4 2.70918E-5 3.39481E-5 5.11869E-4 4.24831E-4 2.86298E-4 3.25443E-4 4.48797E-4 7.3034E-4 1.99837E-4 7.21379E-4 -9999 -9999 -9999 -9999 -9999 -9999 -9999 -9999 -9999 -9999
-9999 -9999 -9999 -9999 -9999 -9999 -9999 -9999 -9999 -9999 -9999 -9999 -9999 -9999 -9999 -9999 -9999 -9999 -9999 -9999 -9999 -9999 -9999 -9999 4.11844E-5 1.19731E-4 2.78513E-4 3.135E-4 -9999 -9999 -9999 4.59583E-5 4.18843E-5 1.1787E-4 2.96538E-4 4.11826E-4 4.80557E-4 1.81665E-4 1.9899E-5 1.00206E-5 5.93221E-5 5.18734E-5 7.69423E-5 1.08257E-4 1.55813E-4 4.66604E-4 7.35909E-4 5.27544E-4 9.04768E-4 1.23856E-3 8.79289E-4 4.06437E-4 5.80628E-4 1.10678E-3 2.95336E-3 9.04237E-4 -9999 -9999 -9999 -9999 -9999 -9999 -9999 -9999 -9999 -9999
-9999 -9999 -9999 -9999 -9999 -9999 -9999 -9999 -9999 -9999 -9999 -9999 -9999 -9999 -9999 -9999 -9999 -9999 -9999 -9999 -9999 -9999 -9999 -9999 -9999 3.61497E-5 2.48436E-4 3.65772E-4 3.72807E-4 -9999 -9999 6.62105E-5 6.74911E-5 5.79844E-5 2.69013E-4 9.03027E-4 1.38415E-3 7.17511E-4 9.11113E-5 8.46204E-6 9.73824E-5 9.44858E-5 6.54654E-5 4.61014E-5 1.00809E-4 2.20313E-4 5.64615E-4 9.6961E-4 2.07041E-3 1.64176E-3 4.92006E-4 3.61113E-4 1.04279E-3 1.41918E-3 3.38039E-3 7.54241E-4 -9999 -9999 -9999 -9999 -9999 -9999 -9999 -9999 -9999 -9999
