final project/Practice/maxentOut/species_4_maxentOut_novel.asc
ncols         186
nrows         192
xllcorner     -125.0
yllcorner     -56.0
cellsize      0.5
NODATA_value  -9999
[rows 87 to 115 of 192, columns 66 to 131 of 186]
-9999 -9999 -9999 -9999 -9999 -9999 -9999 -9999 -9999 -9999 -9999 -9999 -9999 -9999 -9999 -9999 -9999 -9999 -9999 -9999 -9999 -9999 -3.09735E0 -3.9823E0 8.20681E-2 1.23102E-1 8.61715E-1 -4.42478E-1 -8.40708E0 -1.08407E1 -1.06195E1 -1.0177E1 -9.0708E0 -8.18584E0 -9.0708E0 -9.51327E0 -9.95575E0 -1.0177E1 -9.73451E0 -9.51327E0 -9.51327E0 -9.51327E0 -9.29204E0 -9.0708E0 -9.0708E0 -9.29204E0 -9.29204E0 -9.51327E0 -9.73451E0 -9.95575E0 -1.0177E1 -1.08407E1 -1.12832E1 -1.23894E1 -1.28319E1 -1.28319E1 -1.26106E1 -1.26106E1 -1.28319E1 -1.30531E1 -1.34956E1 -1.39381E1 -1.41593E1 -1.41593E1 -1.39381E1 -1.32743E1
-9999 -9999 -9999 -9999 -9999 -9999 -9999 -9999 -9999 -9999 -9999 -9999 -9999 -9999 -9999 -9999 -9999 -9999 -9999 -9999 -9999 2.7698E0 1.55929E0 -4.42478E-1 4.12392E0 1.25154E0 2.46204E0 -2.21239E0 -9.29204E0 -1.17257E1 -1.12832E1 -1.08407E1 -9.95575E0 -9.51327E0 -9.73451E0 -9.95575E0 -1.0177E1 -1.06195E1 -9.73451E0 -9.29204E0 -9.0708E0 -8.84956E0 -8.62832E0 -8.84956E0 -8.84956E0 -8.84956E0 -8.62832E0 -9.0708E0 -9.73451E0 -1.0177E1 -1.06195E1 -1.10619E1 -1.12832E1 -1.19469E1 -1.21681E1 -1.23894E1 -1.21681E1 -1.21681E1 -1.21681E1 -1.26106E1 -1.30531E1 -1.30531E1 -1.32743E1 -1.32743E1 -1.28319E1 -1.23894E1
-9999 -9999 -9999 -9999 -9999 -9999 -9999 -9999 -9999 -9999 -9999 -9999 -9999 -9999 -9999 -9999 -9999 -9999 -9999 -9999 -9999 2.03119E0 1.55929E0 1.23102E-1 4.18547E0 2.46204E0 1.9286E0 -5.30973E0 -8.40708E0 -1.12832E1 -1.12832E1 -1.12832E1 -1.10619E1 -1.06195E1 -1.0177E1 -1.03982E1 -1.03982E1 -9.73451E0 -9.0708E0 -8.84956E0 -8.62832E0 -8.40708E0 -8.18584E0 -8.18584E0 -7.9646E0 -8.18584E0 -8.40708E0 -9.0708E0 -9.51327E0 -1.0177E1 -1.08407E1 -1.08407E1 -1.10619E1 -1.12832E1 -1.17257E1 -1.17257E1 -1.17257E1 -1.15044E1 -1.17257E1 -1.21681E1 -1.21681E1 -1.23894E1 -1.23894E1 -1.21681E1 -1.19469E1 -1.15044E1
-9999 -9999 -9999 -9999 -9999 -9999 -9999 -9999 -9999 -9999 -9999 -9999 -9999 -9999 -9999 -9999 -9999 -9999 -9999 -9999 -9999 1.62085E0 7.5913E-1 8.20681E-2 1.40542E1 3.09807E0 2.0517E-1 -2.21239E0 -4.42478E-1 -5.75221E0 -9.51327E0 -1.08407E1 -1.10619E1 -1.06195E1 -1.03982E1 -1.03982E1 -1.0177E1 -9.29204E0 -8.62832E0 -8.18584E0 -7.9646E0 -7.9646E0 -7.74336E0 -7.74336E0 -7.52212E0 -7.9646E0 -7.9646E0 -8.40708E0 -9.0708E0 -9.95575E0 -1.0177E1 -1.03982E1 -1.06195E1 -1.08407E1 -1.08407E1 -1.10619E1 -1.10619E1 -1.12832E1 -1.12832E1 -1.12832E1 -1.15044E1 -1.17257E1 -1.15044E1 -1.12832E1 -1.08407E1 -1.0177E1
-9999 -9999 -9999 -9999 -9999 -9999 -9999 -9999 -9999 -9999 -9999 -9999 -9999 -9999 -9999 -9999 -9999 -9999 -9999 -9999 -9999 1.62085E0 7.5913E-1 8.20681E-2 1.55929E0 4.71892E0 8.20681E-2 1.9286E0 1.6824E0 4.10341E-2 -2.21239E0 -9.95575E0 -9.95575E0 -9.95575E0 -9.95575E0 -9.95575E0 -9.29204E0 -8.62832E0 -7.9646E0 -7.74336E0 -7.52212E0 -7.52212E0 -7.30088E0 -7.07965E0 -7.07965E0 -7.30088E0 -7.30088E0 -7.74336E0 -8.62832E0 -8.84956E0 -9.51327E0 -9.73451E0 -9.95575E0 -1.0177E1 -1.03982E1 -1.06195E1 -1.06195E1 -1.06195E1 -1.03982E1 -1.06195E1 -1.08407E1 -1.10619E1 -1.06195E1 -1.0177E1 -9.51327E0 -9.0708E0
-9999 -9999 -9999 -9999 -9999 -9999 -9999 -9999 -9999 -9999 -9999 -9999 -9999 -9999 -9999 -9999 -9999 -9999 -9999 -9999 -9999 1.62085E0 1.47723E0 2.87238E-1 2.0517E-1 1.82602E1 1.21461E1 8.00164E0 8.00164E0 3.09807E0 4.51375E-1 -5.0885E0 -7.9646E0 -8.84956E0 -9.0708E0 -8.84956E0 -8.18584E0 -7.74336E0 -7.07965E0 -7.07965E0 -6.85841E0 -6.85841E0 -6.85841E0 -6.63717E0 -6.63717E0 -6.63717E0 -6.63717E0 -7.30088E0 -7.74336E0 -8.18584E0 -8.62832E0 -8.84956E0 -9.29204E0 -9.29204E0 -9.73451E0 -9.73451E0 -9.51327E0 -9.73451E0 -9.73451E0 -9.73451E0 -9.73451E0 -9.73451E0 -9.29204E0 -8.84956E0 -8.18584E0 -7.74336E0
-9999 -9999 -9999 -9999 -9999 -9999 -9999 -9999 -9999 -9999 -9999 -9999 -9999 -9999 -9999 -9999 -9999 -9999 -9999 -9999 -9999 -9999 1.18999E0 7.5913E-1 7.5913E-1 2.08043E1 1.91219E1 2.25482E1 2.4046E1 8.00164E0 -1.76991E0 -3.53982E0 -3.9823E0 -7.74336E0 -7.9646E0 -7.52212E0 -6.85841E0 -6.63717E0 -6.19469E0 -6.19469E0 -6.19469E0 -6.63717E0 -6.63717E0 -6.63717E0 -6.41593E0 -6.19469E0 -6.19469E0 -6.41593E0 -6.63717E0 -7.30088E0 -7.74336E0 -8.18584E0 -8.40708E0 -8.62832E0 -8.84956E0 -8.84956E0 -8.84956E0 -8.84956E0 -8.84956E0 -8.62832E0 -8.62832E0 -8.40708E0 -7.9646E0 -7.52212E0 -6.41593E0 -6.19469E0
-9999 -9999 -9999 -9999 -9999 -9999 -9999 -9999 -9999 -9999 -9999 -9999 -9999 -9999 -9999 -9999 -9999 -9999 -9999 -9999 -9999 -9999 -9999 -9999 1.33361E0 6.52442E0 2.55847E1 1.9245E1 2.25482E1 2.18096E1 -4.20354E0 -3.09735E0 -4.86726E0 -7.52212E0 -6.41593E0 -6.41593E0 -5.53097E0 -5.75221E0 -5.53097E0 -5.53097E0 -5.97345E0 -6.19469E0 -6.41593E0 -6.19469E0 -5.75221E0 -5.30973E0 -5.0885E0 -5.30973E0 -5.75221E0 -6.41593E0 -7.07965E0 -7.52212E0 -7.74336E0 -8.18584E0 -8.18584E0 -8.18584E0 -7.9646E0 -7.9646E0 -7.74336E0 -7.52212E0 -7.30088E0 -6.85841E0 -6.63717E0 -5.53097E0 -5.0885E0 -4.42478E0
-9999 -9999 -9999 -9999 -9999 -9999 -9999 -9999 -9999 -9999 -9999 -9999 -9999 -9999 -9999 -9999 -9999 -9999 -9999 -9999 -9999 -9999 -9999 -9999 6.56545E-1 2.15429E0 1.65367E1 1.88346E1 2.16865E1 2.62208E1 6.56545E-1 2.0517E-2 -3.76106E0 -7.07965E0 -7.07965E0 -6.41593E0 -5.30973E0 -5.0885E0 -4.86726E0 -5.0885E0 -5.53097E0 -5.97345E0 -6.19469E0 -5.97345E0 -4.86726E0 -4.20354E0 -3.76106E0 -3.9823E0 -4.86726E0 -5.75221E0 -6.63717E0 -7.07965E0 -7.52212E0 -7.74336E0 -7.74336E0 -7.52212E0 -7.52212E0 -7.07965E0 -6.85841E0 -6.41593E0 -5.97345E0 -5.53097E0 -5.0885E0 -4.64602E0 -3.76106E0 -2.87611E0
-9999 -9999 -9999 -9999 -9999 -9999 -9999 -9999 -9999 -9999 -9999 -9999 -9999 -9999 -9999 -9999 -9999 -9999 -9999 -9999 -9999 -9999 -9999 -9999 -9999 4.51375E-1 4.08289E0 1.82396E1 1.46492E1 1.99426E1 3.36684E1 1.04637E0 -8.84956E-1 -5.97345E0 -7.07965E0 -6.63717E0 -5.53097E0 -5.0885E0 -5.0885E0 -4.86726E0 -5.0885E0 -5.53097E0 -5.75221E0 -5.0885E0 -3.9823E0 -2.65487E0 -2.21239E0 -2.87611E0 -3.9823E0 -5.30973E0 -5.97345E0 -6.63717E0 -7.07965E0 -7.30088E0 -7.30088E0 -7.07965E0 -6.85841E0 -6.41593E0 -5.75221E0 -5.30973E0 -4.86726E0 -3.9823E0 -3.53982E0 -3.31858E0 -3.09735E0 -1.99115E0
-9999 -9999 -9999 -9999 -9999 -9999 -9999 -9999 -9999 -9999 -9999 -9999 -9999 -9999 -9999 -9999 -9999 -9999 -9999 -9999 -9999 -9999 -9999 -9999 -9999 -9999 8.61715E-1 6.3808E0 1.42183E1 2.09069E1 2.62208E1 1.04637E0 2.0517E-2 -5.75221E0 -6.85841E0 -7.07965E0 -6.19469E0 -5.30973E0 -5.0885E0 -4.42478E0 -4.42478E0 -4.86726E0 -4.86726E0 -3.76106E0 -2.43363E0 -1.32743E0 -6.63717E-1 -1.76991E0 -3.53982E0 -5.0885E0 -5.75221E0 -6.41593E0 -6.85841E0 -7.07965E0 -7.07965E0 -6.19469E0 -5.97345E0 -5.53097E0 -4.64602E0 -4.20354E0 -3.31858E0 -2.87611E0 -2.43363E0 -1.99115E0 -1.76991E0 -1.32743E0
-9999 -9999 -9999 -9999 -9999 -9999 -9999 -9999 -9999 -9999 -9999 -9999 -9999 -9999 -9999 -9999 -9999 -9999 -9999 -9999 -9999 -9999 -9999 -9999 -9999 -9999 8.61715E-1 2.50308E0 1.40747E1 1.10792E1 2.06812E1 3.80386E1 3.42634E0 -5.97345E0 -2.87611E0 -7.07965E0 -6.19469E0 -5.30973E0 -4.86726E0 -4.20354E0 -3.9823E0 -3.9823E0 -3.53982E0 -2.87611E0 -1.76991E0 -6.63717E-1 2.0517E-2 -1.76991E0 -3.9823E0 -5.0885E0 -5.75221E0 -5.97345E0 -6.41593E0 -6.63717E0 -6.85841E0 -6.19469E0 -5.53097E0 -4.64602E0 -3.53982E0 -2.65487E0 -1.99115E0 -1.32743E0 -1.10619E0 -8.84956E-1 -4.42478E-1 -4.42478E-1
-9999 -9999 -9999 -9999 -9999 -9999 -9999 -9999 -9999 -9999 -9999 -9999 -9999 -9999 -9999 -9999 -9999 -9999 -9999 -9999 -9999 -9999 -9999 -9999 -9999 -9999 -9999 1.35412E0 9.37628E0 3.36479E0 1.23923E1 2.43742E1 4.56504E1 -4.64602E0 -2.65487E0 -4.86726E0 -5.97345E0 -4.86726E0 -4.86726E0 -3.76106E0 -3.53982E0 -3.31858E0 -2.65487E0 -1.99115E0 -1.10619E0 -8.84956E-1 -1.32743E0 -3.31858E0 -4.86726E0 -5.30973E0 -5.75221E0 -6.19469E0 -6.85841E0 -7.30088E0 -6.63717E0 -5.97345E0 -4.86726E0 -3.76106E0 -2.43363E0 -1.32743E0 -6.63717E-1 2.0517E-2 2.0517E-2 4.10341E-2 8.20681E-2 4.10341E-2
-9999 -9999 -9999 -9999 -9999 -9999 -9999 -9999 -9999 -9999 -9999 -9999 -9999 -9999 -9999 -9999 -9999 -9999 -9999 -9999 -9999 -9999 -9999 -9999 -9999 -9999 -9999 7.5913E-1 3.75462E0 1.16947E1 4.14444E0 1.54493E1 2.62208E1 7.5913E-1 -2.43363E0 4.51375E-1 -5.53097E0 -4.64602E0 -4.42478E0 -3.31858E0 -3.09735E0 -2.65487E0 -1.76991E0 -1.10619E0 -6.63717E-1 -8.84956E-1 -2.21239E0 -4.42478E0 -5.30973E0 -5.53097E0 -5.53097E0 -5.75221E0 -6.63717E0 -6.85841E0 -6.19469E0 -5.53097E0 -3.9823E0 -2.65487E0 -1.32743E0 2.0517E-2 1.23102E-1 2.87238E-1 2.0517E-1 4.51375E-1 7.5913E-1 7.5913E-1
-9999 -9999 -9999 -9999 -9999 -9999 -9999 -9999 -9999 -9999 -9999 -9999 -9999 -9999 -9999 -9999 -9999 -9999 -9999 -9999 -9999 -9999 -9999 -9999 -9999 -9999 -9999 -9999 1.18999E0 9.37628E0 4.04185E0 6.31924E0 1.57776E1 3.80386E1 7.96061E0 1.41362E1 -3.76106E0 -5.0885E0 -4.20354E0 -3.09735E0 -2.87611E0 -1.76991E0 -1.10619E0 -2.21239E-1 2.0517E-2 2.0517E-2 -1.99115E0 -4.20354E0 -4.86726E0 -4.86726E0 -4.64602E0 -4.64602E0 -6.19469E0 -5.97345E0 -5.53097E0 -4.20354E0 -1.54867E0 -1.32743E0 2.0517E-2 2.0517E-1 6.56545E-1 1.33361E0 1.33361E0 2.70825E0 3.63151E0 3.50841E0
-9999 -9999 -9999 -9999 -9999 -9999 -9999 -9999 -9999 -9999 -9999 -9999 -9999 -9999 -9999 -9999 -9999 -9999 -9999 -9999 -9999 -9999 -9999 -9999 -9999 -9999 -9999 -9999 8.61715E-1 2.60566E0 1.0279E1 2.0517E0 1.0279E1 2.85597E1 3.80386E1 2.70825E0 4.51375E-1 -3.9823E0 -4.42478E0 -2.87611E0 -1.99115E0 -1.54867E0 -6.63717E-1 4.10341E-2 2.0517E-1 1.23102E-1 -8.84956E-1 -2.87611E0 -4.20354E0 -4.42478E0 -4.20354E0 -3.9823E0 -5.30973E0 -5.53097E0 -5.0885E0 -4.64602E0 -2.43363E0 -6.63717E-1 8.20681E-2 4.51375E-1 1.99015E0 3.50841E0 4.22651E0 4.75995E0 5.12926E0 3.93927E0
-9999 -9999 -9999 -9999 -9999 -9999 -9999 -9999 -9999 -9999 -9999 -9999 -9999 -9999 -9999 -9999 -9999 -9999 -9999 -9999 -9999 -9999 -9999 -9999 -9999 -9999 -9999 -9999 1.23102E-1 1.27206E0 9.37628E0 1.27206E0 4.14444E0 1.16947E1 2.03734E1 2.23225E1 4.68814E1 2.0517E-2 -3.31858E0 -2.65487E0 -3.31858E0 -2.21239E0 -1.32743E0 -2.21239E-1 8.20681E-2 2.0517E-2 -1.10619E0 -2.65487E0 -3.76106E0 -3.9823E0 -4.20354E0 -4.42478E0 -5.0885E0 -5.0885E0 -4.64602E0 -3.9823E0 -2.43363E0 -8.84956E-1 4.10341E-2 1.33361E0 3.42634E0 3.69307E0 5.5396E0 8.69922E0 7.67337E0 5.5396E0
-9999 -9999 -9999 -9999 -9999 -9999 -9999 -9999 -9999 -9999 -9999 -9999 -9999 -9999 -9999 -9999 -9999 -9999 -9999 -9999 -9999 -9999 -9999 -9999 -9999 -9999 -9999 -9999 -9999 1.10792E0 2.33894E0 1.2023E1 1.9286E0 1.16947E1 2.25482E1 4.98153E1 5.03078E1 4.14239E1 1.33361E0 5.03078E1 4.12392E0 -3.09735E0 -2.65487E0 -1.76991E0 -1.32743E0 -1.54867E0 -2.21239E0 -3.09735E0 -3.76106E0 -3.9823E0 -4.42478E0 -4.86726E0 -4.86726E0 -4.86726E0 -4.42478E0 -3.53982E0 -2.65487E0 -1.32743E0 4.10341E-2 1.55929E0 5.5396E0 5.5396E0 8.69922E0 1.90603E1 1.55314E1 6.48338E0
-9999 -9999 -9999 -9999 -9999 -9999 -9999 -9999 -9999 -9999 -9999 -9999 -9999 -9999 -9999 -9999 -9999 -9999 -9999 -9999 -9999 -9999 -9999 -9999 -9999 -9999 -9999 -9999 -9999 -9999 1.18999E0 5.6627E0 7.98112E0 1.99015E0 1.47517E1 2.25482E1 4.47066E1 5.31801E1 4.92409E1 3.81206E1 4.74354E1 -1.54867E0 -3.53982E0 -3.53982E0 -3.31858E0 -3.31858E0 -3.31858E0 -3.76106E0 -3.9823E0 -4.42478E0 -4.42478E0 -4.64602E0 -4.42478E0 -4.64602E0 -4.20354E0 -3.31858E0 -2.43363E0 -1.10619E0 4.10341E-2 4.51375E-1 2.70825E0 6.85269E0 1.55314E1 3.59048E1 2.26508E1 9.49938E0
-9999 -9999 -9999 -9999 -9999 -9999 -9999 -9999 -9999 -9999 -9999 -9999 -9999 -9999 -9999 -9999 -9999 -9999 -9999 -9999 -9999 -9999 -9999 -9999 -9999 -9999 -9999 -9999 -9999 -9999 1.02585E0 1.62085E0 7.3451E0 3.11859E0 3.11859E0 2.11531E1 3.02011E1 3.57612E1 2.37177E1 1.71933E1 1.91219E1 3.10217E1 6.15511E-1 -8.84956E-1 -2.87611E0 -3.31858E0 -3.76106E0 -3.76106E0 -4.20354E0 -4.20354E0 -4.20354E0 -3.9823E0 -3.76106E0 -3.9823E0 -3.76106E0 -2.87611E0 -1.99115E0 -6.63717E-1 8.20681E-2 4.51375E-1 1.55929E0 5.12926E0 1.04432E1 1.55314E1 3.04883E1 1.30283E1
-9999 -9999 -9999 -9999 -9999 -9999 -9999 -9999 -9999 -9999 -9999 -9999 -9999 -9999 -9999 -9999 -9999 -9999 -9999 -9999 -9999 -9999 -9999 -9999 -9999 -9999 -9999 -9999 -9999 -9999 -9999 3.07755E-1 2.37998E0 1.18794E1 6.68855E0 1.47517E1 2.37177E1 2.12762E1 2.03119E1 1.90193E1 1.65367E1 3.11859E0 4.71892E0 2.22405E1 4.86254E0 5.60115E0 2.0517E-2 -2.21239E0 -3.76106E0 -4.20354E0 -3.76106E0 -3.09735E0 -2.65487E0 -2.87611E0 -2.87611E0 -2.43363E0 -1.54867E0 -4.42478E-1 8.20681E-2 1.33361E0 2.70825E0 5.12926E0 1.04432E1 7.67337E0 2.48872E1 1.90603E1
-9999 -9999 -9999 -9999 -9999 -9999 -9999 -9999 -9999 -9999 -9999 -9999 -9999 -9999 -9999 -9999 -9999 -9999 -9999 -9999 -9999 -9999 -9999 -9999 -9999 -9999 -9999 -9999 -9999 -9999 -9999 1.23102E-1 6.56545E-1 3.65203E0 1.18794E1 7.11941E0 1.20845E1 1.28437E1 7.98112E0 9.643E0 1.0279E1 5.97046E0 1.62085E0 2.93394E0 1.16947E1 3.15347E1 4.71892E0 4.18547E0 -1.54867E0 -3.53982E0 -2.65487E0 -1.32743E0 -6.63717E-1 -1.10619E0 -1.76991E0 -1.54867E0 -8.84956E-1 4.10341E-2 1.23102E-1 1.04637E0 3.93927E0 3.93927E0 1.41978E1 5.88839E0 6.48338E0 2.48872E1
-9999 -9999 -9999 -9999 -9999 -9999 -9999 -9999 -9999 -9999 -9999 -9999 -9999 -9999 -9999 -9999 -9999 -9999 -9999 -9999 -9999 -9999 -9999 -9999 -9999 -9999 -9999 -9999 -9999 -9999 -9999 -9999 3.07755E-1 6.15511E-1 5.6627E0 1.51416E1 4.37013E0 3.75462E0 1.10792E0 1.72343E0 3.36479E0 7.11941E0 6.68855E0 8.59663E0 4.71892E0 3.52893E0 1.07099E1 2.23636E0 4.10341E-2 -8.84956E-1 -1.32743E0 4.10341E-2 4.51375E-1 8.20681E-2 -6.63717E-1 -4.42478E-1 -2.21239E-1 8.20681E-2 2.87238E-1 1.55929E0 3.63151E0 3.50841E0 4.75995E0 7.67337E0 5.5396E0 1.30283E1
-9999 -9999 -9999 -9999 -9999 -9999 -9999 -9999 -9999 -9999 -9999 -9999 -9999 -9999 -9999 -9999 -9999 -9999 -9999 -9999 -9999 -9999 -9999 -9999 -9999 -9999 -9999 -9999 -9999 -9999 -9999 -9999 -9999 6.15511E-1 1.62085E0 6.56545E0 1.75215E1 1.37669E1 2.37998E0 1.62085E0 1.27206E0 1.72343E0 1.33361E0 1.33976E1 1.40747E1 8.32991E0 2.19737E1 3.09807E0 4.51375E-1 2.87238E-1 2.0517E-2 1.23102E-1 7.5913E-1 2.87238E-1 4.10341E-2 2.0517E-2 2.0517E-2 4.10341E-2 7.5913E-1 3.50841E0 3.50841E0 3.30324E0 3.15962E0 3.63151E0 3.50841E0 4.22651E0
-9999 -9999 -9999 -9999 -9999 -9999 -9999 -9999 -9999 -9999 -9999 -9999 -9999 -9999 -9999 -9999 -9999 -9999 -9999 -9999 -9999 -9999 -9999 -9999 -9999 -9999 -9999 -9999 -9999 -9999 -9999 -9999 -9999 -9999 4.30858E-1 1.62085E0 4.9446E0 4.59581E0 1.10792E1 1.10792E1 2.29791E0 1.49774E0 1.99015E0 1.0279E1 1.33566E1 1.36233E1 1.57776E1 2.59746E1 9.17111E0 1.22487E1 7.96061E0 4.51375E-1 2.87238E-1 2.0517E-1 1.23102E-1 4.10341E-2 4.10341E-2 4.10341E-2 1.04637E0 4.75995E0 3.93927E0 3.30324E0 3.03652E0 3.03652E0 3.30324E0 5.5396E0
-9999 -9999 -9999 -9999 -9999 -9999 -9999 -9999 -9999 -9999 -9999 -9999 -9999 -9999 -9999 -9999 -9999 -9999 -9999 -9999 -9999 -9999 -9999 -9999 -9999 -9999 -9999 -9999 -9999 -9999 -9999 -9999 -9999 -9999 -9999 3.07755E-1 6.56545E-1 7.5913E-1 1.02585E0 1.66188E0 4.37013E0 4.04185E0 2.15429E0 2.29791E0 1.10792E1 1.3808E1 1.40747E1 7.4682E0 3.78539E1 5.21543E1 4.56094E1 9.29421E0 4.51375E-1 2.87238E-1 2.0517E-1 1.23102E-1 8.20681E-2 8.20681E-2 1.55929E0 6.85269E0 4.51375E0 3.30324E0 3.03652E0 3.30324E0 3.50841E0 1.99015E0
-9999 -9999 -9999 -9999 -9999 -9999 -9999 -9999 -9999 -9999 -9999 -9999 -9999 -9999 -9999 -9999 -9999 -9999 -9999 -9999 -9999 -9999 -9999 -9999 -9999 -9999 -9999 -9999 -9999 -9999 -9999 -9999 -9999 -9999 -9999 -9999 -9999 1.23102E-1 3.07755E-1 3.07755E-1 1.18999E0 3.65203E0 9.37628E0 1.02585E0 3.52893E0 1.20845E1 1.16947E1 1.33976E1 2.4046E1 2.91752E1 2.87238E1 4.23677E1 2.52359E0 6.56545E-1 6.56545E-1 2.87238E-1 2.0517E-1 1.23102E-1 1.23102E-1 4.12392E0 4.22651E0 3.63151E0 3.63151E0 3.69307E0 1.99015E0 2.0517E-1
-9999 -9999 -9999 -9999 -9999 -9999 -9999 -9999 -9999 -9999 -9999 -9999 -9999 -9999 -9999 -9999 -9999 -9999 -9999 -9999 -9999 -9999 -9999 -9999 -9999 -9999 -9999 -9999 -9999 -9999 -9999 -9999 -9999 -9999 -9999 -9999 -9999 -9999 -9999 1.10792E0 9.43783E-1 7.5913E-1 3.15962E0 9.37628E0 1.9286E0 9.29421E0 1.40747E1 1.16947E1 1.51416E1 1.10792E1 2.51334E1 2.19122E1 3.8531E1 7.81699E0 7.18096E0 1.04637E0 6.56545E-1 6.56545E-1 4.51375E-1 1.04637E0 3.03652E0 2.72876E0 3.03652E0 4.75995E0 1.99015E0 1.23102E-1
-9999 -9999 -9999 -9999 -9999 -9999 -9999 -9999 -9999 -9999 -9999 -9999 -9999 -9999 -9999 -9999 -9999 -9999 -9999 -9999 -9999 -9999 -9999 -9999 -9999 -9999 -9999 -9999 -9999 -9999 -9999 -9999 -9999 -9999 -9999 -9999 -9999 -9999 -9999 -9999 -9999 4.51375E-1 6.15511E-1 2.03119E0 5.25236E0 5.25236E0 7.98112E0 1.23923E1 1.55929E1 1.55929E1 1.28437E1 2.13377E1 1.98195E1 2.67132E1 4.74354E1 4.91998E1 2.23225E1 6.56545E-1 2.0517E-1 7.5913E-1 2.37998E0 2.09274E0 2.37998E0 3.42634E0 1.04637E0 1.99015E0
