final project/Practice/maxentOut/species_maxentOut_min.asc
ncols         186
nrows         192
xllcorner     -125.0
yllcorner     -56.0
cellsize      0.5
NODATA_value  -9999
[rows 87 to 115 of 192, columns 66 to 131 of 186]
-9999 -9999 -9999 -9999 -9999 -9999 -9999 -9999 -9999 -9999 -9999 -9999 -9999 -9999 -9999 -9999 -9999 -9999 -9999 -9999 -9999 -9999 1.1522E-4 4.78838E-4 1.34502E-2 4.31501E-2 4.81741E-2 7.31867E-3 8.67045E-3 1.63212E-2 1.57014E-2 1.30508E-2 1.27714E-2 9.95135E-3 1.12415E-2 1.27879E-2 1.73479E-2 2.02123E-2 1.87491E-2 1.93583E-2 2.09226E-2 1.96984E-2 2.12769E-2 2.02985E-2 2.19028E-2 2.30542E-2 2.41311E-2 2.19842E-2 2.17183E-2 2.35613E-2 2.54563E-2 3.46104E-2 4.00072E-2 5.73302E-2 6.74494E-2 5.70576E-2 4.99841E-2 4.72511E-2 5.13458E-2 6.38599E-2 7.78085E-2 8.71286E-2 1.1392E-1 1.22734E-1 1.11616E-1 8.76676E-2
-9999 -9999 -9999 -9999 -9999 -9999 -9999 -9999 -9999 -9999 -9999 -9999 -9999 -9999 -9999 -9999 -9999 -9999 -9999 -9999 -9999 6.62839E-5 2.0922E-4 4.64789E-4 1.15046E-2 4.09671E-2 4.84001E-2 6.231E-3 9.51897E-3 2.43317E-2 2.40031E-2 2.05115E-2 1.62718E-2 1.52076E-2 1.72661E-2 1.747E-2 1.77136E-2 2.49026E-2 1.94598E-2 1.86737E-2 1.75033E-2 1.44225E-2 1.52371E-2 1.8336E-2 2.04774E-2 2.09567E-2 2.0553E-2 2.06439E-2 2.12951E-2 2.47283E-2 2.83893E-2 3.77223E-2 4.54226E-2 5.44447E-2 5.41565E-2 5.3844E-2 4.43111E-2 4.55563E-2 4.32455E-2 5.80051E-2 5.9004E-2 6.05162E-2 6.9331E-2 7.4088E-2 5.62747E-2 5.40597E-2
-9999 -9999 -9999 -9999 -9999 -9999 -9999 -9999 -9999 -9999 -9999 -9999 -9999 -9999 -9999 -9999 -9999 -9999 -9999 -9999 -9999 4.05588E-5 4.09578E-5 8.18736E-5 1.39843E-2 4.47115E-2 6.0688E-2 7.84251E-3 1.05156E-2 2.7326E-2 2.95764E-2 2.62927E-2 2.27005E-2 2.25475E-2 2.49044E-2 2.70541E-2 2.39572E-2 1.93242E-2 1.6703E-2 1.73166E-2 1.58515E-2 1.39774E-2 1.36891E-2 1.65034E-2 1.8009E-2 2.06792E-2 2.03536E-2 2.13159E-2 2.18368E-2 2.69474E-2 3.60687E-2 3.82481E-2 4.61838E-2 5.09742E-2 5.17322E-2 5.10753E-2 4.85369E-2 4.17667E-2 4.32097E-2 4.7456E-2 4.96927E-2 6.11402E-2 5.68266E-2 5.58079E-2 4.06314E-2 3.71223E-2
-9999 -9999 -9999 -9999 -9999 -9999 -9999 -9999 -9999 -9999 -9999 -9999 -9999 -9999 -9999 -9999 -9999 -9999 -9999 -9999 -9999 2.93462E-5 2.14397E-5 3.93306E-5 1.0945E-3 2.62143E-2 1.28802E-2 3.47235E-3 7.96242E-3 1.09774E-2 1.54805E-2 2.63546E-2 2.40425E-2 2.0593E-2 2.49475E-2 3.1268E-2 2.51555E-2 1.84681E-2 1.61213E-2 1.41291E-2 1.47568E-2 1.39426E-2 1.44105E-2 1.59257E-2 1.82755E-2 2.13193E-2 2.16112E-2 2.02351E-2 2.18487E-2 2.76634E-2 3.24003E-2 3.72642E-2 4.16844E-2 4.48476E-2 4.40875E-2 4.32377E-2 3.98238E-2 4.08193E-2 4.1937E-2 4.03372E-2 4.61424E-2 5.13009E-2 4.60613E-2 4.27789E-2 3.15967E-2 2.52254E-2
-9999 -9999 -9999 -9999 -9999 -9999 -9999 -9999 -9999 -9999 -9999 -9999 -9999 -9999 -9999 -9999 -9999 -9999 -9999 -9999 -9999 5.33867E-4 2.87016E-4 3.72163E-5 2.77646E-4 1.96612E-2 6.48597E-3 6.61594E-3 3.68182E-2 1.0169E-2 9.52119E-3 1.91306E-2 1.72201E-2 2.04652E-2 3.0663E-2 2.63121E-2 2.04329E-2 1.65932E-2 1.4099E-2 1.481E-2 1.45196E-2 1.46053E-2 1.41875E-2 1.54258E-2 1.71582E-2 1.86946E-2 1.93842E-2 1.86787E-2 2.09494E-2 2.41571E-2 2.82941E-2 3.40916E-2 3.78321E-2 3.75513E-2 3.92265E-2 3.53689E-2 3.09475E-2 3.35961E-2 3.35877E-2 3.92723E-2 4.41208E-2 4.64899E-2 3.60463E-2 3.2139E-2 2.26005E-2 1.64922E-2
-9999 -9999 -9999 -9999 -9999 -9999 -9999 -9999 -9999 -9999 -9999 -9999 -9999 -9999 -9999 -9999 -9999 -9999 -9999 -9999 -9999 6.27815E-4 5.30869E-4 3.13797E-4 9.74286E-5 5.39676E-3 1.78342E-2 6.8832E-3 4.28178E-2 3.71879E-2 1.61625E-2 5.57153E-3 9.18418E-3 1.42055E-2 1.92837E-2 1.64523E-2 1.39942E-2 1.39962E-2 1.20504E-2 1.40996E-2 1.40671E-2 1.37438E-2 1.48045E-2 1.43838E-2 1.47279E-2 1.49177E-2 1.60325E-2 1.69453E-2 1.72287E-2 2.02949E-2 2.36865E-2 2.63317E-2 3.06033E-2 3.10142E-2 3.54967E-2 2.69832E-2 2.45011E-2 2.4742E-2 2.47656E-2 2.78105E-2 2.91962E-2 3.04723E-2 2.53228E-2 2.15992E-2 1.39283E-2 1.16507E-2
-9999 -9999 -9999 -9999 -9999 -9999 -9999 -9999 -9999 -9999 -9999 -9999 -9999 -9999 -9999 -9999 -9999 -9999 -9999 -9999 -9999 -9999 9.67134E-4 4.93137E-4 5.56129E-4 5.94706E-4 6.06614E-3 2.76752E-2 4.08763E-2 2.17487E-2 3.71386E-3 1.9466E-3 2.71381E-3 8.53599E-3 9.93327E-3 9.5627E-3 8.69418E-3 1.06328E-2 1.12063E-2 1.30074E-2 1.30174E-2 1.41417E-2 1.34351E-2 1.4746E-2 1.36259E-2 1.20279E-2 1.31598E-2 1.49801E-2 1.45698E-2 1.66617E-2 1.97985E-2 2.22306E-2 2.28987E-2 2.43086E-2 2.66612E-2 2.36963E-2 1.90385E-2 1.80822E-2 1.76598E-2 1.84414E-2 2.04458E-2 1.96557E-2 1.64601E-2 1.13292E-2 7.75753E-3 6.79545E-3
-9999 -9999 -9999 -9999 -9999 -9999 -9999 -9999 -9999 -9999 -9999 -9999 -9999 -9999 -9999 -9999 -9999 -9999 -9999 -9999 -9999 -9999 -9999 -9999 6.53953E-4 1.74183E-4 6.50819E-3 1.59551E-2 2.92311E-2 3.08575E-2 3.81989E-3 2.26688E-3 2.59191E-3 6.60983E-3 4.89865E-3 6.27984E-3 6.70934E-3 9.55676E-3 1.10746E-2 1.21792E-2 1.19563E-2 1.2303E-2 1.38549E-2 1.45692E-2 1.2871E-2 1.10845E-2 1.15723E-2 1.18336E-2 1.27275E-2 1.42797E-2 1.64323E-2 1.76817E-2 1.6996E-2 1.6627E-2 2.02428E-2 1.79426E-2 1.50134E-2 1.27487E-2 1.1693E-2 1.15563E-2 1.15639E-2 1.18627E-2 1.00274E-2 6.36195E-3 4.48048E-3 3.87202E-3
-9999 -9999 -9999 -9999 -9999 -9999 -9999 -9999 -9999 -9999 -9999 -9999 -9999 -9999 -9999 -9999 -9999 -9999 -9999 -9999 -9999 -9999 -9999 -9999 1.56998E-3 1.75642E-3 7.9506E-3 7.88236E-3 5.04958E-3 2.26264E-2 1.17465E-2 3.04575E-3 2.93624E-3 6.86142E-3 6.64576E-3 6.60215E-3 6.06449E-3 8.3727E-3 1.00578E-2 1.04777E-2 1.0303E-2 1.04488E-2 1.31208E-2 1.3275E-2 1.12084E-2 9.64772E-3 9.21886E-3 9.23208E-3 1.09331E-2 1.24488E-2 1.40828E-2 1.7268E-2 1.62176E-2 1.42321E-2 1.67625E-2 1.43441E-2 1.25761E-2 9.5817E-3 7.81271E-3 7.11184E-3 7.39458E-3 7.39198E-3 7.01854E-3 5.47776E-3 3.52718E-3 2.71184E-3
-9999 -9999 -9999 -9999 -9999 -9999 -9999 -9999 -9999 -9999 -9999 -9999 -9999 -9999 -9999 -9999 -9999 -9999 -9999 -9999 -9999 -9999 -9999 -9999 -9999 3.17263E-3 6.1849E-3 6.5174E-4 1.60979E-3 9.33567E-3 5.00765E-2 1.35115E-2 3.38391E-3 5.224E-3 6.51368E-3 6.47879E-3 5.52582E-3 7.14041E-3 9.00383E-3 9.16558E-3 9.52879E-3 1.04104E-2 1.14021E-2 1.05405E-2 9.73108E-3 7.8469E-3 6.85539E-3 7.27998E-3 8.5609E-3 1.09032E-2 1.0752E-2 1.31655E-2 1.5358E-2 1.46311E-2 1.36407E-2 1.18716E-2 1.1244E-2 9.96714E-3 6.79425E-3 5.97405E-3 5.34823E-3 4.77798E-3 4.16881E-3 3.54233E-3 2.73031E-3 2.15734E-3
-9999 -9999 -9999 -9999 -9999 -9999 -9999 -9999 -9999 -9999 -9999 -9999 -9999 -9999 -9999 -9999 -9999 -9999 -9999 -9999 -9999 -9999 -9999 -9999 -9999 -9999 3.15844E-3 5.70713E-3 6.91391E-4 4.38685E-3 9.11251E-3 1.55513E-2 5.16834E-3 7.27448E-3 7.39696E-3 6.94053E-3 6.19138E-3 6.27082E-3 7.27788E-3 7.21145E-3 7.86014E-3 8.73447E-3 9.73365E-3 8.56402E-3 7.29432E-3 6.23051E-3 4.87274E-3 5.56928E-3 7.29826E-3 9.17154E-3 9.66807E-3 9.73684E-3 1.22054E-2 1.29104E-2 1.17884E-2 9.43387E-3 9.12268E-3 8.44342E-3 5.60895E-3 4.36419E-3 3.7166E-3 3.57129E-3 3.1245E-3 2.4902E-3 2.03738E-3 1.68828E-3
-9999 -9999 -9999 -9999 -9999 -9999 -9999 -9999 -9999 -9999 -9999 -9999 -9999 -9999 -9999 -9999 -9999 -9999 -9999 -9999 -9999 -9999 -9999 -9999 -9999 -9999 2.96734E-3 3.86295E-3 5.26782E-4 4.27528E-3 5.88241E-3 3.37901E-2 2.3951E-2 8.57281E-3 3.86598E-3 8.61594E-3 7.55018E-3 5.83375E-3 6.2782E-3 6.44695E-3 6.89609E-3 6.71323E-3 7.21315E-3 7.09802E-3 6.19965E-3 5.20315E-3 4.30868E-3 5.15563E-3 7.59483E-3 8.2465E-3 9.74641E-3 8.77995E-3 8.49434E-3 9.06824E-3 9.89415E-3 9.10409E-3 8.08193E-3 6.64623E-3 5.17553E-3 3.63425E-3 2.68788E-3 1.89765E-3 1.8221E-3 1.67753E-3 1.50361E-3 1.27316E-3
-9999 -9999 -9999 -9999 -9999 -9999 -9999 -9999 -9999 -9999 -9999 -9999 -9999 -9999 -9999 -9999 -9999 -9999 -9999 -9999 -9999 -9999 -9999 -9999 -9999 -9999 -9999 3.0834E-3 9.07777E-3 6.04439E-4 6.55964E-3 5.98257E-3 1.13801E-2 7.55724E-3 4.50784E-3 4.84437E-3 7.1963E-3 5.55503E-3 6.10881E-3 5.77589E-3 5.64563E-3 6.12808E-3 5.86694E-3 5.69541E-3 5.09027E-3 4.84996E-3 4.9305E-3 6.59713E-3 7.85465E-3 9.21957E-3 9.02549E-3 9.19511E-3 8.18369E-3 8.27251E-3 7.67345E-3 7.40728E-3 6.44158E-3 4.94376E-3 3.39264E-3 1.70327E-3 1.14937E-3 9.82294E-4 1.1279E-3 1.54119E-3 1.71379E-3 1.38906E-3
-9999 -9999 -9999 -9999 -9999 -9999 -9999 -9999 -9999 -9999 -9999 -9999 -9999 -9999 -9999 -9999 -9999 -9999 -9999 -9999 -9999 -9999 -9999 -9999 -9999 -9999 -9999 2.21219E-3 5.18274E-3 1.28897E-2 1.36269E-3 1.48603E-2 1.68066E-2 2.04428E-2 6.02005E-3 1.07836E-2 6.01324E-3 4.79389E-3 4.98074E-3 4.72383E-3 5.07033E-3 5.21261E-3 4.69234E-3 4.47294E-3 4.12698E-3 4.34434E-3 4.87684E-3 6.94028E-3 7.92999E-3 9.06073E-3 7.66632E-3 7.33577E-3 7.06253E-3 6.31409E-3 5.40235E-3 5.41428E-3 4.9615E-3 3.92154E-3 2.42727E-3 8.31986E-4 9.21114E-4 1.70022E-3 1.6555E-3 2.22415E-3 2.90331E-3 2.44868E-3
-9999 -9999 -9999 -9999 -9999 -9999 -9999 -9999 -9999 -9999 -9999 -9999 -9999 -9999 -9999 -9999 -9999 -9999 -9999 -9999 -9999 -9999 -9999 -9999 -9999 -9999 -9999 -9999 2.15032E-3 1.17313E-2 2.82925E-2 3.99471E-3 2.56773E-2 1.18878E-1 5.02527E-2 4.73327E-2 4.17271E-3 5.04995E-3 4.42561E-3 4.07275E-3 4.71813E-3 4.70662E-3 4.52339E-3 4.10226E-3 3.87692E-3 3.2537E-3 3.79448E-3 5.70658E-3 6.41507E-3 5.84294E-3 5.60884E-3 5.03123E-3 5.98209E-3 4.09004E-3 3.84946E-3 3.83933E-3 3.51156E-3 2.73516E-3 1.6666E-3 2.06793E-3 1.92676E-3 2.98705E-3 3.26127E-3 4.78692E-3 5.77282E-3 4.39076E-3
-9999 -9999 -9999 -9999 -9999 -9999 -9999 -9999 -9999 -9999 -9999 -9999 -9999 -9999 -9999 -9999 -9999 -9999 -9999 -9999 -9999 -9999 -9999 -9999 -9999 -9999 -9999 -9999 1.33066E-3 2.36951E-3 2.1851E-2 2.68078E-3 9.73009E-3 3.80474E-2 9.51442E-2 1.85478E-2 7.18969E-3 3.5806E-3 4.25559E-3 3.72258E-3 4.21586E-3 4.99016E-3 4.71824E-3 4.76769E-3 5.4549E-3 4.01592E-3 2.81111E-3 3.82479E-3 4.40198E-3 4.59469E-3 3.98052E-3 3.54945E-3 4.43511E-3 3.65748E-3 3.09631E-3 2.90601E-3 2.31857E-3 1.84131E-3 1.99861E-3 2.7428E-3 4.49708E-3 6.36263E-3 1.02806E-2 1.08094E-2 1.12887E-2 7.53152E-3
-9999 -9999 -9999 -9999 -9999 -9999 -9999 -9999 -9999 -9999 -9999 -9999 -9999 -9999 -9999 -9999 -9999 -9999 -9999 -9999 -9999 -9999 -9999 -9999 -9999 -9999 -9999 -9999 8.61989E-4 1.03072E-3 7.00581E-3 1.37397E-3 6.42041E-3 1.62433E-3 1.5756E-2 3.41328E-2 3.44887E-2 2.6139E-3 3.28893E-3 3.67997E-3 5.31173E-3 6.25102E-3 6.3567E-3 4.53295E-3 4.69604E-3 2.90812E-3 2.84456E-3 3.16523E-3 3.44461E-3 5.96266E-4 3.49872E-3 5.67266E-4 3.51462E-3 3.27818E-3 2.27443E-3 1.9474E-3 1.76335E-3 1.45087E-3 1.61168E-3 4.22772E-3 5.97986E-3 7.96167E-3 1.58435E-2 2.08693E-2 3.12851E-3 2.37282E-3
-9999 -9999 -9999 -9999 -9999 -9999 -9999 -9999 -9999 -9999 -9999 -9999 -9999 -9999 -9999 -9999 -9999 -9999 -9999 -9999 -9999 -9999 -9999 -9999 -9999 -9999 -9999 -9999 -9999 6.65308E-4 1.24546E-3 1.52274E-2 1.36918E-3 5.61198E-3 5.94696E-3 1.58774E-2 1.94662E-2 1.86605E-2 6.41845E-3 2.53296E-2 2.41009E-2 8.61115E-3 9.40658E-3 7.88969E-3 5.19331E-3 3.68634E-3 3.46099E-3 3.31693E-3 5.92353E-4 5.86511E-4 5.79988E-4 3.38718E-3 5.52396E-4 2.76425E-3 1.90529E-3 1.22815E-3 1.2112E-3 1.14407E-3 1.33475E-3 4.93316E-3 1.21073E-2 1.22223E-2 1.96795E-2 5.89393E-3 5.29933E-3 3.4295E-3
-9999 -9999 -9999 -9999 -9999 -9999 -9999 -9999 -9999 -9999 -9999 -9999 -9999 -9999 -9999 -9999 -9999 -9999 -9999 -9999 -9999 -9999 -9999 -9999 -9999 -9999 -9999 -9999 -9999 -9999 4.91509E-4 4.27374E-3 1.74164E-2 8.33152E-4 4.36122E-3 3.53108E-3 9.14711E-3 7.80127E-3 9.16376E-3 8.38163E-3 6.12406E-2 1.04278E-2 1.7336E-2 1.49425E-2 9.99908E-3 6.3822E-3 8.32285E-4 7.38001E-4 6.25986E-4 3.60299E-3 3.18374E-3 5.08904E-4 4.50147E-4 4.65015E-4 3.0688E-4 1.88148E-4 1.05115E-3 1.03148E-3 1.19464E-3 2.62202E-3 5.75725E-3 1.39967E-2 2.49164E-2 8.27508E-3 7.01114E-3 5.22397E-3
-9999 -9999 -9999 -9999 -9999 -9999 -9999 -9999 -9999 -9999 -9999 -9999 -9999 -9999 -9999 -9999 -9999 -9999 -9999 -9999 -9999 -9999 -9999 -9999 -9999 -9999 -9999 -9999 -9999 -9999 3.72282E-4 6.47369E-4 5.89339E-3 7.88622E-4 7.14569E-4 2.70832E-3 2.69978E-3 3.14206E-3 6.63802E-4 1.53289E-3 3.23995E-4 6.74708E-2 1.88567E-1 2.1151E-2 1.43428E-2 9.57614E-3 7.15129E-3 4.93081E-3 4.22336E-3 3.82002E-3 5.75721E-4 4.53748E-4 3.9942E-4 2.26801E-3 3.51594E-4 2.43988E-4 2.27785E-4 2.05773E-4 1.75433E-3 5.15178E-4 5.30567E-3 5.16119E-3 1.04725E-2 1.18578E-2 1.35842E-2 6.06336E-3
-9999 -9999 -9999 -9999 -9999 -9999 -9999 -9999 -9999 -9999 -9999 -9999 -9999 -9999 -9999 -9999 -9999 -9999 -9999 -9999 -9999 -9999 -9999 -9999 -9999 -9999 -9999 -9999 -9999 -9999 -9999 9.99185E-4 7.9662E-4 7.67045E-3 5.67987E-4 4.86334E-4 1.876E-3 3.41348E-4 2.94537E-4 1.42633E-3 1.90599E-4 6.36905E-5 8.73706E-5 4.0555E-2 2.53965E-1 1.07794E-1 9.85755E-3 5.82199E-3 4.14271E-3 3.88279E-3 5.47041E-4 4.27015E-4 3.26019E-4 1.90039E-3 3.38717E-4 2.9648E-4 1.55307E-3 2.36631E-4 3.15568E-4 4.63661E-3 6.28577E-3 4.65973E-3 4.75945E-3 9.1575E-3 1.27594E-2 6.6256E-3
-9999 -9999 -9999 -9999 -9999 -9999 -9999 -9999 -9999 -9999 -9999 -9999 -9999 -9999 -9999 -9999 -9999 -9999 -9999 -9999 -9999 -9999 -9999 -9999 -9999 -9999 -9999 -9999 -9999 -9999 -9999 1.11093E-3 4.26195E-4 7.1916E-4 5.81496E-3 4.2719E-4 4.23917E-4 1.70212E-3 1.8323E-4 7.6583E-4 1.09661E-4 2.06855E-4 2.46772E-5 4.46371E-5 4.87069E-4 2.54165E-1 2.38977E-1 7.83814E-2 3.39634E-3 5.67766E-4 4.52852E-4 3.75473E-4 3.20844E-4 3.10049E-4 3.25774E-4 1.79407E-3 2.82157E-4 1.67663E-3 3.62037E-4 3.69483E-3 2.4551E-3 2.84633E-3 2.95414E-3 4.89506E-3 6.22292E-3 5.73622E-3
-9999 -9999 -9999 -9999 -9999 -9999 -9999 -9999 -9999 -9999 -9999 -9999 -9999 -9999 -9999 -9999 -9999 -9999 -9999 -9999 -9999 -9999 -9999 -9999 -9999 -9999 -9999 -9999 -9999 -9999 -9999 -9999 9.68304E-4 3.61845E-4 1.13428E-3 6.91314E-3 5.51268E-4 5.89137E-3 7.92703E-5 6.10763E-5 4.90245E-5 2.95031E-5 1.3892E-5 4.58762E-5 1.59366E-4 3.67562E-4 1.37502E-1 1.11781E-1 5.50478E-3 2.61889E-3 4.46389E-4 4.99327E-4 8.31293E-4 5.10572E-4 3.65749E-4 1.89873E-3 1.66228E-3 2.05017E-3 2.51993E-3 1.60369E-3 1.66643E-3 1.68583E-3 2.3079E-3 3.10061E-3 2.1267E-3 5.65686E-3
-9999 -9999 -9999 -9999 -9999 -9999 -9999 -9999 -9999 -9999 -9999 -9999 -9999 -9999 -9999 -9999 -9999 -9999 -9999 -9999 -9999 -9999 -9999 -9999 -9999 -9999 -9999 -9999 -9999 -9999 -9999 -9999 -9999 5.05129E-4 6.0669E-4 1.69391E-3 6.60544E-3 3.92691E-3 7.65081E-5 4.21093E-5 3.33455E-5 2.78383E-5 3.73325E-5 1.22499E-4 9.62582E-4 9.98435E-4 1.01584E-2 6.37017E-2 1.52047E-2 8.40819E-3 3.04415E-3 4.48296E-3 1.15103E-3 9.9112E-4 5.1466E-4 3.72954E-4 2.05557E-3 1.91577E-3 1.51842E-3 1.2965E-3 1.18572E-3 1.14904E-3 1.26127E-3 1.7891E-3 2.28589E-3 3.53667E-3
-9999 -9999 -9999 -9999 -9999 -9999 -9999 -9999 -9999 -9999 -9999 -9999 -9999 -9999 -9999 -9999 -9999 -9999 -9999 -9999 -9999 -9999 -9999 -9999 -9999 -9999 -9999 -9999 -9999 -9999 -9999 -9999 -9999 -9999 1.78069E-3 2.03508E-3 2.15247E-3 2.18248E-3 1.55575E-3 1.25213E-3 2.89279E-5 2.83155E-5 6.97192E-5 2.52708E-4 3.51874E-3 2.70331E-3 2.32109E-3 4.35733E-3 5.02921E-2 4.83409E-2 2.87458E-2 6.96488E-3 1.15673E-3 1.10696E-3 5.19465E-3 3.70382E-3 2.66432E-3 1.80442E-3 3.27303E-3 1.45439E-3 1.02625E-3 7.94391E-4 1.58316E-3 1.39628E-3 1.4665E-3 2.48422E-3
-9999 -9999 -9999 -9999 -9999 -9999 -9999 -9999 -9999 -9999 -9999 -9999 -9999 -9999 -9999 -9999 -9999 -9999 -9999 -9999 -9999 -9999 -9999 -9999 -9999 -9999 -9999 -9999 -9999 -9999 -9999 -9999 -9999 -9999 -9999 3.06442E-3 2.9312E-3 2.8263E-3 2.17698E-3 1.68229E-3 1.20904E-3 3.57521E-5 1.42206E-3 2.06872E-4 1.17854E-3 1.76052E-3 4.50804E-4 3.40943E-4 1.51697E-2 1.45064E-2 7.76015E-2 4.73065E-2 8.84141E-3 8.62136E-3 7.61031E-3 5.99001E-3 3.71474E-3 1.24348E-3 1.93096E-3 1.85796E-3 9.76252E-4 5.82961E-4 7.10744E-4 1.68136E-3 1.52488E-3 9.51285E-4
-9999 -9999 -9999 -9999 -9999 -9999 -9999 -9999 -9999 -9999 -9999 -9999 -9999 -9999 -9999 -9999 -9999 -9999 -9999 -9999 -9999 -9999 -9999 -9999 -9999 -9999 -9999 -9999 -9999 -9999 -9999 -9999 -9999 -9999 -9999 -9999 -9999 3.06903E-3 2.23569E-3 1.83164E-3 1.63443E-3 1.61738E-3 1.74849E-3 7.81204E-5 1.88928E-4 3.50484E-4 1.47292E-4 7.37088E-5 3.90324E-4 4.41175E-3 9.36757E-3 3.7416E-2 5.33332E-2 1.20263E-2 1.12587E-2 7.98253E-3 5.45495E-3 3.83405E-3 1.29828E-3 1.31478E-3 9.41118E-4 7.56611E-4 1.3179E-3 3.52959E-3 2.97083E-3 5.19346E-4
-9999 -9999 -9999 -9999 -9999 -9999 -9999 -9999 -9999 -9999 -9999 -9999 -9999 -9999 -9999 -9999 -9999 -9999 -9999 -9999 -9999 -9999 -9999 -9999 -9999 -9999 -9999 -9999 -9999 -9999 -9999 -9999 -9999 -9999 -9999 -9999 -9999 -9999 -9999 9.59845E-4 1.1358E-3 1.56729E-3 1.62238E-3 1.24445E-3 4.3959E-5 5.40979E-5 3.97102E-5 2.26962E-5 2.56956E-5 5.42698E-5 2.57087E-4 5.51821E-4 1.36762E-2 5.23496E-2 2.86559E-2 1.07048E-2 7.90046E-3 2.37225E-3 1.23695E-3 8.34168E-4 6.45361E-4 6.89653E-4 1.41907E-3 5.42603E-3 3.67836E-3 1.35732E-3
-9999 -9999 -9999 -9999 -9999 -9999 -9999 -9999 -9999 -9999 -9999 -9999 -9999 -9999 -9999 -9999 -9999 -9999 -9999 -9999 -9999 -9999 -9999 -9999 -9999 -9999 -9999 -9999 -9999 -9999 -9999 -9999 -9999 -9999 -9999 -9999 -9999 -9999 -9999 -9999 -9999 1.04226E-3 5.43923E-4 6.78619E-4 2.04757E-5 1.92147E-5 1.90258E-5 1.42855E-5 1.58646E-5 1.44223E-5 3.37474E-5 1.1089E-4 7.06957E-5 8.23564E-5 5.55834E-3 1.98122E-2 2.19022E-2 2.51442E-3 6.9093E-4 4.58211E-4 3.60851E-4 3.96382E-4 7.37543E-4 2.28888E-3 1.97059E-3 2.52015E-3
