final project/Practice/maxentOut/species_1_maxentOut.asc
ncols         186
nrows         192
xllcorner     -125.0
yllcorner     -56.0
cellsize      0.5
NODATA_value  -9999
[rows 0 to 28 of 192, columns 0 to 65 of 186]
-9999 1.11981E-3 1.37503E-4 5.14386E-6 3.50097E-6 2.00927E-7 8.65234E-7 4.07968E-6 4.84505E-6 1.90704E-6 2.07179E-7 5.12746E-8 2.46812E-7 3.68372E-7 3.03029E-7 5.93438E-7 1.35049E-6 1.45246E-6 1.42279E-6 1.20786E-6 1.53092E-6 8.05355E-7 3.62263E-7 1.583E-7 1.91433E-7 6.37006E-7 3.95348E-8 7.41947E-8 7.0775E-7 1.03779E-6 9.30791E-7 1.85078E-6 2.33459E-6 9.28057E-7 1.76761E-7 7.8756E-7 1.28641E-6 3.40727E-6 1.99517E-6 2.8154E-6 8.86381E-7 2.8695E-7 2.02318E-7 2.79978E-7 2.89939E-7 3.54232E-7 4.39059E-7 4.36709E-7 5.02492E-7 5.15E-7 5.12025E-7 4.13785E-7 5.54001E-7 9.30835E-7 1.79405E-6 2.2629E-6 2.32181E-6 3.81323E-6 4.56709E-6 6.13796E-6 6.07113E-6 4.90519E-6 5.05551E-6 6.64178E-6 7.57423E-6 6.77267E-6
-9999 -9999 1.05253E-3 1.36953E-5 1.15758E-6 1.56065E-7 1.89741E-7 1.58012E-6 1.14937E-5 3.54603E-6 8.76147E-7 8.43125E-8 4.08205E-7 5.80702E-7 9.4037E-7 1.23872E-6 1.71957E-6 2.60927E-6 1.41986E-6 1.1132E-6 1.18132E-6 6.73246E-8 1.17706E-7 1.30201E-7 8.19616E-8 5.0483E-7 8.6472E-7 9.60884E-7 2.71181E-6 8.74702E-7 1.02755E-5 2.58799E-6 2.01233E-6 3.35843E-6 4.58112E-6 1.56489E-6 2.92996E-6 9.52972E-6 5.24175E-6 2.88149E-6 1.58927E-6 6.81206E-7 3.06212E-7 2.57695E-7 2.47107E-7 3.58737E-7 4.09638E-7 3.71886E-7 4.66676E-7 5.15957E-7 6.03783E-7 5.0156E-7 6.19333E-7 7.68495E-7 1.8869E-6 2.74715E-6 3.88219E-6 5.02974E-6 6.40047E-6 9.07082E-6 1.15992E-5 8.79419E-6 7.99168E-6 7.60352E-6 7.96842E-6 9.07548E-6
-9999 -9999 3.3248E-3 1.92982E-4 4.6072E-6 4.23908E-7 1.60125E-7 4.54116E-7 2.56118E-6 1.5233E-5 1.04647E-6 2.661E-7 2.87138E-7 8.59212E-7 1.27435E-6 1.67765E-7 2.2721E-6 1.74987E-7 6.82272E-7 7.80286E-8 1.07232E-6 1.90013E-6 4.92737E-7 1.77867E-7 3.48944E-7 1.92635E-7 1.7086E-6 6.57441E-6 2.73097E-6 2.10239E-7 7.55434E-7 4.4694E-6 1.60066E-6 5.78523E-6 5.40982E-6 1.35265E-6 9.539E-7 4.30522E-6 1.5571E-6 3.47764E-6 2.28905E-6 6.07459E-7 1.67409E-7 1.16441E-7 1.33603E-7 2.25081E-7 2.29441E-7 2.5663E-7 3.15479E-7 4.0703E-7 5.12133E-7 6.44291E-7 1.16397E-6 1.28622E-6 2.38164E-6 2.97053E-6 4.67715E-6 5.8636E-6 7.07046E-6 1.0006E-5 1.0775E-5 8.15984E-6 8.78451E-6 6.00269E-6 3.49681E-6 4.68917E-6
-9999 -9999 -9999 1.2548E-3 1.64783E-4 1.27829E-5 7.4972E-7 4.15781E-7 3.46132E-7 4.81964E-6 1.43799E-5 1.42686E-5 8.46266E-7 3.59402E-7 2.01966E-6 3.15846E-6 6.38593E-6 3.03082E-7 3.50974E-7 2.61413E-7 8.05381E-7 1.84821E-6 8.27595E-6 2.30879E-6 3.04064E-6 1.46446E-5 3.51902E-5 1.21864E-5 1.04554E-6 1.06813E-6 1.38438E-6 9.69045E-6 4.61158E-6 2.36362E-6 1.94868E-5 1.37428E-6 1.35531E-6 2.55045E-6 2.66988E-6 2.19798E-6 7.33655E-7 1.94134E-7 8.37897E-8 8.62581E-8 9.36192E-8 1.25681E-7 1.47536E-7 2.64016E-7 4.00768E-7 5.21382E-7 6.02713E-7 8.97871E-7 1.49452E-6 1.86532E-6 2.95894E-6 3.41771E-6 4.1594E-6 5.34625E-6 6.12627E-6 6.35872E-6 2.92226E-6 3.58957E-6 3.83413E-6 3.37204E-6 3.45663E-6 3.30373E-6
-9999 -9999 -9999 3.81766E-3 2.47046E-3 3.10798E-4 1.33293E-6 1.67454E-7 1.00209E-7 2.62662E-7 3.79897E-6 1.0917E-5 5.02263E-7 7.5056E-7 4.88104E-7 2.00995E-6 3.7479E-7 3.90726E-7 2.82822E-7 2.20905E-7 2.29427E-7 5.18437E-7 2.59619E-6 2.56503E-6 9.74231E-7 1.92498E-6 2.636E-5 6.66581E-6 1.76347E-6 1.54283E-6 2.06418E-5 5.71422E-6 9.78223E-6 6.01378E-6 1.21194E-5 1.01977E-5 8.94099E-6 8.40912E-6 4.79126E-6 4.75373E-6 2.49792E-6 5.45064E-7 1.53867E-7 1.57969E-7 1.91811E-7 1.63979E-7 1.46694E-7 2.48754E-7 4.50091E-7 7.48602E-7 1.1569E-6 1.35052E-6 1.8176E-6 2.08907E-6 2.89445E-6 4.88359E-6 5.88756E-6 4.94911E-6 6.4438E-6 5.06446E-6 3.46113E-6 3.69903E-6 3.21195E-6 3.81559E-6 4.39565E-6 3.52621E-6
-9999 -9999 -9999 -9999 -9999 4.01875E-4 6.45953E-6 2.01087E-7 6.28308E-8 4.72325E-8 1.93484E-7 4.83602E-6 1.08595E-5 1.03401E-6 9.76659E-8 8.62139E-8 1.40259E-7 4.15685E-7 2.80754E-7 1.5501E-7 1.45648E-7 1.28403E-7 2.53512E-7 5.52447E-7 6.87459E-7 2.9956E-6 5.58683E-6 3.93165E-6 1.56957E-6 1.67434E-6 1.15672E-6 6.78211E-7 2.71517E-6 2.12992E-5 1.06848E-5 1.28445E-6 7.50382E-6 3.39081E-5 1.74848E-6 5.15846E-6 4.06666E-6 1.43889E-6 8.72209E-7 6.91469E-7 4.70254E-7 2.81729E-7 2.61921E-7 4.05372E-7 6.39487E-7 6.78575E-7 9.11716E-7 1.56228E-6 1.52618E-6 2.49523E-6 2.79989E-6 4.031E-6 5.36302E-6 3.1762E-6 3.31587E-6 3.41669E-6 5.9489E-6 6.05219E-6 5.66232E-6 5.29219E-6 4.82417E-6 3.63715E-6
-9999 -9999 -9999 -9999 -9999 7.65484E-4 1.31171E-4 6.8806E-7 5.13673E-8 3.89882E-8 4.55389E-8 2.41082E-7 5.81535E-6 1.03382E-5 1.28903E-7 3.38011E-8 3.30758E-8 8.62675E-8 1.41317E-7 3.2098E-7 4.80117E-8 5.83914E-8 2.59721E-7 6.33111E-7 8.20006E-7 2.01296E-6 6.9348E-6 5.4317E-6 1.25604E-5 9.26561E-6 1.73215E-6 4.4013E-6 1.08415E-6 1.90166E-6 4.46107E-6 9.0017E-7 1.29045E-6 5.88885E-6 1.11779E-5 8.76276E-6 2.20517E-6 3.66959E-6 2.60722E-6 1.3243E-6 7.54237E-7 5.73326E-7 5.49404E-7 6.19586E-7 7.18061E-7 8.73643E-7 1.17853E-6 1.44579E-6 1.77314E-6 2.2379E-6 3.00271E-6 4.15026E-6 4.82481E-6 2.75024E-6 2.97052E-6 3.98598E-6 6.27159E-6 7.24076E-6 6.66003E-6 4.65646E-6 3.19059E-6 1.42862E-6
-9999 -9999 -9999 -9999 -9999 -9999 2.27669E-4 3.00831E-6 1.19168E-7 2.70471E-8 2.93917E-8 5.24879E-8 9.72261E-7 3.60079E-6 3.72572E-7 1.13719E-7 3.84942E-8 3.49444E-8 5.75802E-7 8.55479E-8 8.29456E-8 9.10574E-8 8.73573E-7 1.18493E-5 1.536E-5 1.69691E-5 1.03722E-5 5.15761E-6 7.842E-6 1.45297E-5 6.45328E-6 1.95819E-5 7.31314E-6 3.95762E-6 7.6514E-6 1.08555E-5 3.45942E-6 3.4836E-5 3.99471E-5 1.3179E-5 1.30431E-6 1.34221E-6 1.37072E-6 1.32442E-6 1.29691E-6 1.12221E-6 7.87325E-7 7.55246E-7 8.41302E-7 9.61282E-7 1.59665E-6 1.93785E-6 2.01448E-6 2.80601E-6 4.56022E-6 5.85874E-6 2.6912E-6 2.89371E-6 4.38591E-6 5.684E-6 8.28551E-6 9.19558E-6 1.02234E-5 7.4971E-6 1.94351E-6 1.53642E-6
-9999 -9999 -9999 -9999 -9999 -9999 -9999 1.89484E-5 5.28186E-7 4.91418E-8 2.35067E-8 2.82164E-8 1.83785E-7 5.34691E-7 8.17394E-8 4.29057E-8 4.2229E-8 4.12606E-8 1.11748E-7 2.16548E-7 1.48871E-7 7.51634E-7 1.725E-5 2.24879E-5 3.33369E-5 3.60126E-6 2.88541E-6 2.88971E-6 4.3422E-6 6.53629E-6 9.58599E-6 1.84864E-6 1.00935E-5 8.59385E-6 6.9662E-6 7.22146E-6 5.08988E-6 4.73981E-6 1.98759E-5 5.27521E-6 2.44036E-6 1.38478E-6 1.25091E-6 1.20991E-6 1.30311E-6 1.80392E-6 1.53766E-6 1.50366E-6 1.71293E-6 1.57448E-6 1.01203E-6 1.1577E-6 1.65926E-6 2.24559E-6 2.99706E-6 4.17216E-6 3.78173E-6 4.57573E-6 5.76344E-6 6.96189E-6 7.21335E-6 6.20554E-6 6.14406E-6 5.01227E-6 4.00924E-6 3.184E-6
-9999 -9999 -9999 -9999 -9999 -9999 -9999 1.12583E-4 1.02948E-4 1.90646E-6 2.52977E-7 5.15258E-8 1.15221E-7 1.76344E-6 8.15884E-8 7.43601E-8 6.06743E-8 1.48714E-7 6.77884E-7 7.84349E-7 1.96872E-7 1.05906E-6 1.56974E-5 2.59415E-5 2.07597E-5 9.45804E-6 1.62597E-5 1.60755E-5 3.65658E-6 4.61965E-6 6.08671E-6 1.03566E-5 1.18965E-6 2.56684E-6 1.72435E-6 1.68806E-6 1.1039E-5 3.38769E-6 2.99379E-5 1.49968E-5 1.54285E-6 1.43404E-6 1.49899E-6 1.54969E-6 2.23058E-6 2.94118E-6 3.50868E-6 2.53858E-6 2.41627E-6 1.53137E-6 9.62276E-7 2.42964E-6 2.41058E-6 2.62998E-6 4.05953E-6 5.79E-6 5.39147E-6 7.15926E-6 7.97444E-6 7.72453E-6 2.69474E-6 4.51148E-6 2.65292E-6 2.54738E-6 3.04683E-6 4.80402E-6
-9999 -9999 -9999 -9999 -9999 -9999 -9999 -9999 5.7934E-4 7.16322E-5 9.50685E-6 4.54673E-6 9.04355E-7 6.84854E-7 1.42173E-7 1.41179E-7 1.41487E-7 3.43709E-7 3.13092E-6 1.09404E-5 8.64994E-7 1.96297E-7 4.50893E-6 2.45015E-5 2.77987E-6 3.45707E-6 4.59162E-6 1.1706E-5 1.89197E-5 6.58762E-6 6.54172E-6 9.78925E-6 1.1602E-5 1.46647E-6 1.91818E-5 8.28704E-6 5.34095E-6 4.16617E-6 1.72538E-5 1.64324E-5 1.72398E-5 1.98857E-6 2.60387E-6 3.39432E-6 2.90598E-6 3.09373E-6 3.6371E-6 1.75403E-6 1.46899E-6 1.29342E-6 1.0969E-6 2.831E-6 2.11461E-6 3.33996E-6 3.8915E-6 4.5745E-6 6.79725E-6 7.52917E-6 1.06817E-5 8.48823E-6 3.98926E-6 8.23849E-6 4.54007E-6 4.64003E-6 6.02699E-6 8.36307E-6
-9999 -9999 -9999 -9999 -9999 -9999 -9999 -9999 -9999 6.29913E-4 2.08183E-4 7.6401E-5 1.44238E-5 4.70087E-6 1.54588E-6 3.00973E-7 3.71664E-7 2.72639E-7 4.49843E-6 1.10106E-5 2.89198E-6 2.54719E-7 1.51662E-6 4.99925E-6 2.20333E-5 4.71073E-6 2.79624E-6 7.61308E-6 9.47618E-6 3.89268E-6 7.41771E-6 3.46421E-6 2.04572E-5 2.20016E-6 1.89649E-6 1.52161E-6 7.44277E-6 3.17116E-5 4.13298E-5 1.961E-5 1.34327E-5 1.19073E-6 2.21741E-6 3.06515E-6 2.47806E-6 3.15507E-6 3.77845E-6 2.87922E-6 2.1099E-6 2.23464E-6 2.56192E-6 1.18939E-6 1.37959E-6 2.44206E-6 3.6809E-6 5.84873E-6 8.18762E-6 8.59585E-6 1.11222E-5 8.22452E-6 5.96846E-6 7.49567E-6 7.3307E-6 6.99223E-6 7.52412E-6 1.08141E-5
-9999 -9999 -9999 -9999 -9999 -9999 -9999 -9999 -9999 1.29056E-3 6.80209E-4 -9999 -9999 1.07493E-4 1.94959E-5 1.0342E-6 3.76341E-7 2.37085E-7 1.04218E-6 1.10245E-5 7.69132E-6 3.97293E-6 6.55822E-6 6.11484E-6 6.46648E-6 7.27811E-7 4.17648E-7 6.82401E-7 5.0776E-6 5.34509E-6 1.83173E-5 1.69781E-5 3.23872E-6 3.28324E-5 2.9211E-6 2.26318E-5 6.34983E-6 2.54126E-5 6.08386E-6 3.86026E-5 1.01836E-5 8.24063E-6 1.99366E-6 2.98384E-6 3.26331E-6 4.23062E-6 4.23918E-6 4.26753E-6 3.78853E-6 2.4138E-6 2.20575E-6 1.42329E-6 1.8562E-6 2.80181E-6 4.25898E-6 7.00065E-6 1.16241E-5 1.25402E-5 1.04952E-5 5.86586E-6 5.66076E-6 7.69721E-6 9.34148E-6 8.25581E-6 7.64807E-6 9.6303E-6
-9999 -9999 -9999 -9999 -9999 -9999 -9999 -9999 -9999 -9999 1.27455E-3 1.17282E-3 1.14959E-3 6.93583E-4 1.01897E-4 2.52329E-5 1.69742E-6 3.94061E-7 2.89423E-7 3.52459E-6 6.37674E-6 1.19235E-5 1.52054E-5 9.36469E-6 6.51918E-6 6.91494E-6 8.91072E-6 1.45983E-5 4.66601E-6 2.43704E-5 4.83587E-5 3.18366E-6 5.42282E-6 5.48873E-6 5.8749E-6 1.43679E-5 2.20352E-5 1.03105E-5 5.60861E-5 1.05594E-4 1.62503E-5 9.23129E-6 1.70241E-6 2.01625E-6 2.99376E-6 3.41596E-6 4.71408E-6 4.84767E-6 3.53606E-6 2.19549E-6 2.44927E-6 2.57016E-6 2.92514E-6 4.0101E-6 4.66848E-6 8.14771E-6 1.16503E-5 1.17075E-5 6.49291E-6 4.49664E-6 6.45182E-6 9.66432E-6 1.03077E-5 1.0441E-5 1.04086E-5 9.26896E-6
-9999 -9999 -9999 -9999 -9999 -9999 -9999 -9999 -9999 -9999 -9999 -9999 1.85785E-3 1.94243E-3 -9999 1.18212E-4 3.52937E-6 1.60608E-7 2.93207E-7 1.33102E-6 4.02272E-6 1.07707E-5 1.64927E-5 1.5413E-5 1.32424E-5 1.07487E-5 7.69508E-6 2.41377E-5 4.82795E-5 5.99861E-5 1.58946E-5 7.76476E-7 1.78148E-5 5.08788E-5 3.83667E-6 1.05094E-5 1.19071E-5 6.68446E-6 3.35266E-5 1.26121E-5 2.58297E-5 1.22709E-5 1.8526E-6 2.87493E-6 3.218E-6 2.82491E-6 4.64311E-6 6.85229E-6 5.82634E-6 4.89666E-6 5.26535E-6 5.03472E-6 3.79228E-6 5.05115E-6 7.44291E-6 1.06242E-5 1.18868E-5 9.72571E-6 1.14253E-5 5.46414E-6 1.02397E-5 2.05202E-5 2.041E-5 5.55458E-6 1.35635E-5 1.60278E-5
-9999 -9999 -9999 -9999 -9999 -9999 -9999 -9999 -9999 -9999 -9999 -9999 -9999 -9999 -9999 1.56539E-4 9.75261E-6 1.32579E-6 1.25393E-6 8.52293E-7 1.06472E-6 9.99782E-6 1.68893E-5 2.3418E-5 2.32854E-5 1.42654E-5 1.24863E-5 1.84729E-5 8.37761E-5 4.86754E-5 2.47275E-5 1.49315E-5 1.00869E-5 1.10759E-5 7.47424E-6 7.51328E-6 1.23758E-5 1.07689E-5 2.39376E-5 1.80893E-5 5.52323E-6 2.20051E-5 2.07328E-5 2.19699E-6 3.24738E-6 3.96457E-6 5.84983E-6 6.24789E-6 5.97355E-6 8.11717E-6 8.0857E-6 7.36422E-6 6.55607E-6 9.36723E-6 6.25468E-6 9.147E-6 1.13051E-5 1.14199E-5 1.65294E-5 1.19159E-5 2.60529E-5 2.91463E-5 2.97381E-5 1.98776E-6 5.09141E-6 1.33902E-5
-9999 -9999 -9999 -9999 -9999 -9999 -9999 -9999 -9999 -9999 -9999 -9999 -9999 -9999 -9999 -9999 7.01765E-5 4.49131E-6 8.19517E-7 3.65003E-6 7.6546E-6 1.19322E-5 2.03279E-5 1.9499E-5 1.5297E-5 1.2928E-5 3.89657E-5 6.10862E-5 1.1014E-5 6.99509E-5 4.6302E-5 6.04948E-6 1.64688E-5 7.51688E-6 4.47437E-6 5.15967E-6 8.80178E-6 9.80068E-6 1.37252E-5 7.67292E-6 2.18791E-6 2.17574E-5 1.21083E-5 1.13136E-6 2.00857E-6 3.7393E-6 3.76194E-6 4.0865E-6 5.55239E-6 6.34439E-6 6.17347E-6 7.07216E-6 8.58442E-6 9.37794E-6 8.53281E-6 1.00748E-5 1.27236E-5 1.45514E-5 1.79017E-5 2.56231E-5 2.77754E-5 2.61544E-5 6.37463E-6 2.37122E-6 4.05747E-6 4.87674E-6
-9999 -9999 -9999 -9999 -9999 -9999 -9999 -9999 -9999 -9999 -9999 -9999 -9999 -9999 -9999 -9999 4.63869E-4 7.88595E-5 3.25447E-6 1.62039E-5 1.59512E-5 2.11462E-5 4.6258E-5 2.6519E-5 1.70318E-5 1.78621E-5 3.75623E-5 1.00589E-4 1.46299E-5 1.33321E-4 4.25439E-5 1.39666E-5 2.69399E-6 5.45127E-6 4.01909E-6 3.85394E-6 4.48214E-6 6.87904E-6 8.19955E-6 1.52398E-5 2.08964E-5 2.76873E-5 1.46559E-5 1.14451E-5 7.72945E-6 2.32161E-5 3.75992E-6 4.99216E-6 8.0467E-6 9.13825E-6 5.96722E-6 6.19807E-6 8.16759E-6 1.17259E-5 1.52747E-5 1.27606E-5 1.64562E-5 1.73102E-5 1.85285E-5 2.48948E-5 3.68595E-5 1.10791E-5 3.50856E-6 5.56702E-6 8.17253E-6 9.34053E-6
-9999 -9999 -9999 -9999 -9999 -9999 -9999 -9999 -9999 -9999 -9999 -9999 -9999 -9999 -9999 -9999 -9999 4.94022E-5 3.62901E-5 4.32477E-6 2.45497E-5 -9999 -9999 1.85866E-5 1.63359E-5 1.21026E-5 1.44211E-5 4.40735E-5 1.56452E-5 1.32915E-5 5.31926E-6 1.94717E-5 3.12298E-5 1.21824E-5 1.11109E-5 5.12369E-6 4.15481E-6 9.75629E-6 2.43309E-5 2.34122E-5 1.95784E-5 7.86366E-5 7.10514E-5 3.99836E-5 3.6243E-5 4.14597E-5 4.52685E-5 7.8338E-5 8.91576E-6 9.48049E-6 7.42928E-6 8.43948E-6 1.00784E-5 1.46005E-5 2.15174E-5 1.7755E-5 3.01765E-5 3.15925E-5 3.144E-5 3.33307E-5 5.44239E-5 8.98836E-5 3.36057E-5 1.0994E-5 1.34131E-5 1.40852E-5
-9999 -9999 -9999 -9999 -9999 -9999 -9999 -9999 -9999 -9999 -9999 -9999 -9999 -9999 -9999 -9999 -9999 4.06469E-5 1.59697E-5 8.64607E-6 6.88078E-6 -9999 -9999 -9999 2.34081E-5 2.69529E-5 5.59847E-5 7.89836E-5 2.08167E-4 2.01873E-5 1.35822E-4 5.02428E-5 6.43965E-6 4.69059E-6 2.11544E-5 1.16662E-5 1.0543E-5 1.65664E-5 2.61321E-5 3.00153E-5 3.73718E-5 4.5952E-5 9.47049E-5 1.06689E-4 9.8455E-5 4.39853E-5 5.31658E-5 8.41895E-5 1.1179E-5 1.49879E-5 1.5643E-5 2.27731E-5 2.43052E-5 2.28984E-5 2.7517E-5 2.5658E-5 3.26393E-5 2.49866E-5 4.02309E-5 1.18647E-4 2.07902E-4 2.5612E-4 3.50741E-4 4.9814E-4 5.47589E-4 6.51609E-4
-9999 -9999 -9999 -9999 -9999 -9999 -9999 -9999 -9999 -9999 -9999 -9999 -9999 -9999 -9999 -9999 -9999 -9999 1.37859E-5 6.64197E-6 5.79063E-6 4.08563E-6 3.09335E-6 2.82083E-6 2.61107E-5 3.96043E-5 1.00338E-4 1.47878E-4 1.84264E-4 3.79465E-5 7.82518E-6 1.32828E-5 1.50484E-5 2.31546E-5 6.78763E-6 3.22438E-6 4.45904E-5 4.19219E-5 2.85645E-5 3.36075E-5 1.62067E-5 2.04283E-5 4.54424E-5 5.34898E-5 5.02701E-5 4.79751E-5 6.05546E-5 7.99639E-5 1.68833E-4 2.44736E-5 2.70968E-5 3.14943E-5 3.51062E-5 3.42993E-5 2.79373E-5 3.5014E-5 4.10834E-5 3.29984E-5 1.0363E-4 5.33763E-4 6.3139E-4 9.30603E-4 1.3272E-3 1.58784E-3 1.70593E-3 1.94398E-3
-9999 -9999 -9999 -9999 -9999 -9999 -9999 -9999 -9999 -9999 -9999 -9999 -9999 1.31635E-2 -9999 -9999 -9999 -9999 -9999 7.19173E-6 6.72117E-6 8.91701E-6 5.38208E-6 4.37336E-6 4.24675E-5 5.14334E-5 6.29823E-5 1.07409E-4 1.38509E-4 1.54832E-4 2.86411E-5 1.81325E-5 1.83826E-5 7.25938E-5 1.4191E-5 6.05496E-6 1.25104E-5 6.36419E-5 3.13375E-5 3.82905E-5 2.98463E-5 3.2067E-5 2.77968E-5 4.91879E-6 1.66927E-5 3.34677E-5 1.8759E-4 9.98664E-5 1.62548E-4 1.99333E-5 2.28184E-5 2.97384E-4 3.7078E-4 3.15707E-5 3.32663E-5 4.63734E-5 8.76858E-5 1.16574E-4 3.88941E-4 1.11721E-3 1.95558E-3 -9999 -9999 -9999 -9999 -9999
-9999 -9999 -9999 -9999 -9999 -9999 -9999 -9999 -9999 -9999 -9999 -9999 -9999 1.09941E-2 -9999 -9999 -9999 -9999 -9999 -9999 7.91388E-6 8.19427E-6 1.19815E-5 5.2065E-6 3.13407E-5 6.32554E-5 8.40602E-5 1.62024E-4 2.92013E-4 7.06079E-5 6.04839E-5 1.02522E-4 7.27401E-5 7.52572E-5 1.28302E-5 7.32545E-6 1.12854E-5 1.24891E-4 4.489E-5 4.02124E-5 3.36832E-5 9.1857E-5 1.12247E-4 5.03659E-5 2.3992E-4 6.52512E-5 3.83762E-5 1.73068E-4 1.38439E-4 2.22883E-4 2.24966E-4 2.26953E-4 2.43134E-4 2.77809E-5 5.79273E-5 1.23706E-4 3.5285E-4 6.11359E-4 8.71404E-4 1.63993E-3 -9999 -9999 -9999 -9999 -9999 -9999
-9999 -9999 -9999 -9999 -9999 -9999 -9999 -9999 -9999 -9999 -9999 -9999 -9999 -9999 -9999 -9999 -9999 -9999 3.87509E-6 2.91628E-6 -9999 1.96977E-5 1.06877E-5 1.0057E-5 1.87727E-5 5.69462E-5 1.34455E-4 4.15467E-4 7.25488E-4 4.57988E-4 6.1403E-5 2.17162E-4 2.03947E-4 2.29674E-4 9.40974E-5 2.00992E-5 1.19201E-5 1.2467E-4 6.92399E-5 4.12936E-5 6.56448E-5 8.82796E-5 1.12957E-4 1.50627E-4 2.60395E-4 7.31855E-5 4.88484E-4 1.07703E-4 9.54655E-5 1.56745E-4 2.26519E-4 2.11983E-4 2.25929E-4 4.369E-4 1.06584E-4 3.8881E-4 9.42936E-4 1.20932E-3 -9999 -9999 -9999 -9999 -9999 -9999 -9999 -9999
-9999 -9999 -9999 -9999 -9999 -9999 -9999 -9999 -9999 -9999 -9999 -9999 -9999 -9999 -9999 -9999 -9999 -9999 -9999 3.36042E-5 3.16648E-5 1.86501E-5 4.01784E-5 2.46252E-5 7.27393E-5 5.42118E-5 -9999 4.87654E-4 5.82651E-4 4.06388E-4 6.71561E-5 1.37592E-4 2.69001E-4 2.00639E-4 2.18195E-4 6.9125E-5 2.15433E-5 1.3415E-4 1.05232E-4 5.48857E-5 6.69444E-5 9.40491E-5 2.12426E-4 2.22378E-4 4.62481E-4 6.5226E-4 5.94458E-4 6.25592E-5 6.03216E-5 1.31396E-4 2.1433E-4 2.50032E-4 3.63743E-4 6.86015E-4 2.07737E-4 9.47605E-4 1.42605E-3 -9999 -9999 -9999 -9999 -9999 -9999 -9999 -9999 -9999
-9999 -9999 -9999 -9999 -9999 -9999 -9999 -9999 -9999 -9999 -9999 -9999 -9999 -9999 -9999 -9999 -9999 -9999 -9999 -9999 3.46715E-5 2.52291E-5 3.42015E-5 4.28829E-5 7.99068E-5 8.08961E-5 6.70297E-5 -9999 3.15104E-4 4.80531E-5 3.88444E-5 8.68618E-5 1.41429E-4 1.59791E-4 2.44353E-4 1.51822E-4 5.28294E-5 2.21984E-4 2.1179E-4 7.48719E-5 4.9852E-5 1.20547E-4 3.63196E-5 3.73431E-4 5.20547E-4 3.78288E-4 2.05465E-4 8.45203E-5 1.06384E-4 1.22255E-4 1.58506E-4 3.25092E-4 4.98328E-4 8.59381E-4 3.16278E-4 9.66809E-4 -9999 -9999 -9999 -9999 -9999 -9999 -9999 -9999 -9999 -9999
-9999 -9999 -9999 -9999 -9999 -9999 -9999 -9999 -9999 -9999 -9999 -9999 -9999 -9999 -9999 -9999 -9999 -9999 -9999 -9999 -9999 2.25801E-5 2.16614E-5 2.40511E-5 1.028E-4 2.29314E-4 1.50298E-4 1.97828E-4 -9999 -9999 5.03039E-5 5.97382E-5 9.30766E-5 2.25888E-4 1.92002E-4 5.82822E-4 2.21988E-4 4.65228E-5 2.34698E-5 1.09325E-4 5.26094E-5 5.95597E-5 1.61088E-4 2.3133E-4 2.54427E-4 1.79646E-4 2.03501E-5 2.68597E-5 3.99211E-4 3.57096E-4 2.49833E-4 4.0333E-4 6.27832E-4 1.08613E-3 3.60012E-4 1.32662E-3 -9999 -9999 -9999 -9999 -9999 -9999 -9999 -9999 -9999 -9999
-9999 -9999 -9999 -9999 -9999 -9999 -9999 -9999 -9999 -9999 -9999 -9999 -9999 -9999 -9999 -9999 -9999 -9999 -9999 -9999 -9999 -9999 -9999 -9999 3.07362E-5 1.38422E-4 3.15675E-4 2.78769E-4 -9999 -9999 -9999 5.59889E-5 8.05705E-5 3.69738E-4 1.1301E-3 1.10945E-3 7.32824E-4 1.84201E-4 2.64362E-5 1.46721E-5 6.83491E-5 5.25966E-5 7.18864E-5 9.20463E-5 1.25954E-4 3.01401E-4 4.44713E-4 3.59067E-4 6.32955E-4 1.74221E-3 1.46487E-3 4.82382E-4 7.33426E-4 1.53841E-3 5.06937E-3 1.80102E-3 -9999 -9999 -9999 -9999 -9999 -9999 -9999 -9999 -9999 -9999
-9999 -9999 -9999 -9999 -9999 -9999 -9999 -9999 -9999 -9999 -9999 -9999 -9999 -9999 -9999 -9999 -9999 -9999 -9999 -9999 -9999 -9999 -9999 -9999 -9999 2.6316E-5 2.59009E-4 3.53896E-4 2.76824E-4 -9999 -9999 7.59986E-5 9.45959E-5 1.49339E-4 9.15126E-4 3.47775E-3 2.16683E-3 7.17312E-4 8.77048E-5 1.36436E-5 1.1516E-4 8.97264E-5 6.51267E-5 4.21163E-5 8.44072E-5 1.81154E-4 3.82812E-4 5.96839E-4 1.02848E-3 2.51303E-3 1.00832E-3 4.69146E-4 1.41215E-3 2.09474E-3 6.00845E-3 1.65917E-3 -9999 -9999 -9999 -9999 -9999 -9999 -9999 -9999 -9999 -9999
