final project/Practice/maxentOut/species_1_maxentOut.asc
ncols         186
nrows         192
xllcorner     -125.0
yllcorner     -56.0
cellsize      0.5
NODATA_value  -9999
[rows 58 to 86 of 192, columns 66 to 131 of 186]
-9999 -9999 -9999 -9999 -9999 -9999 -9999 -9999 -9999 -9999 -9999 -9999 3.1434E-3 3.85015E-2 6.99994E-2 1.23501E-1 2.2613E-1 1.99428E-1 -9999 -9999 -9999 -9999 -9999 -9999 -9999 -9999 -9999 -9999 -9999 -9999 -9999 -9999 2.20037E-1 2.64388E-1 2.09449E-1 2.21217E-2 3.24001E-1 1.31523E-1 4.06121E-2 2.7992E-2 1.50333E-1 5.29878E-2 1.76912E-2 7.38972E-3 2.73557E-3 1.09127E-2 2.2924E-2 3.04759E-1 3.47945E-2 4.90859E-2 6.15654E-2 3.46916E-2 -9999 1.01223E-1 -9999 5.04521E-2 6.26648E-2 1.41346E-1 2.68559E-1 1.93002E-1 8.58664E-2 9.92851E-2 1.14807E-1 -9999 -9999 -9999
-9999 -9999 -9999 -9999 -9999 -9999 -9999 -9999 -9999 -9999 -9999 -9999 2.61292E-3 6.20227E-3 6.38756E-2 1.17695E-1 9.7213E-2 9.41327E-2 -9999 -9999 -9999 -9999 -9999 -9999 -9999 -9999 -9999 -9999 -9999 -9999 -9999 -9999 1.58544E-1 2.62344E-1 7.44562E-2 8.17089E-2 2.02366E-2 6.20598E-2 6.22586E-1 1.1685E-1 5.74494E-2 1.19547E-1 5.77267E-2 2.18522E-2 1.89534E-2 3.13543E-3 7.85146E-2 1.96293E-2 2.45622E-2 1.31611E-1 9.87677E-2 3.35796E-2 1.00752E-1 8.51149E-3 2.4515E-2 2.512E-1 1.85042E-1 1.93064E-1 2.21186E-1 6.1889E-2 9.92177E-2 9.73274E-2 9.83468E-2 -9999 -9999 -9999
-9999 -9999 -9999 -9999 -9999 -9999 -9999 -9999 -9999 -9999 -9999 -9999 3.5214E-3 6.85281E-3 1.88633E-2 6.99328E-2 9.00053E-1 7.76917E-2 5.3039E-2 9.37337E-2 -9999 -9999 -9999 -9999 1.97211E-1 1.52774E-1 1.81511E-1 -9999 -9999 -9999 -9999 -9999 1.86218E-1 8.56962E-2 4.24972E-2 6.03835E-2 1.52743E-1 2.20718E-2 4.58587E-2 3.26736E-1 4.09634E-1 3.59092E-1 3.16892E-2 4.22755E-2 1.81682E-1 1.4376E-2 1.47121E-3 1.27884E-2 1.04176E-2 9.89808E-3 2.45384E-2 2.2487E-2 1.52434E-2 1.81554E-2 3.92608E-2 6.1198E-2 5.34243E-3 1.20205E-2 1.47604E-1 5.25341E-2 5.12435E-2 1.11937E-1 1.17856E-1 -9999 -9999 -9999
-9999 -9999 -9999 -9999 -9999 -9999 -9999 -9999 -9999 -9999 -9999 -9999 -9999 -9999 -9999 8.51204E-2 6.4099E-2 6.43299E-1 3.47542E-1 1.4505E-1 1.52555E-1 -9999 1.71566E-1 2.41299E-1 1.63179E-1 1.44805E-1 1.52406E-1 1.38813E-1 1.57742E-1 -9999 -9999 1.21694E-1 1.49148E-1 5.20574E-2 1.37767E-1 2.28221E-1 2.89834E-1 5.8781E-2 3.82331E-1 6.37942E-1 4.07353E-1 1.79946E-2 3.51449E-2 3.97011E-1 4.37425E-2 6.8408E-3 4.70045E-3 1.87868E-3 1.64544E-3 2.06857E-2 1.46134E-2 1.30824E-2 1.24975E-2 3.82679E-2 3.05148E-2 2.24762E-3 5.24209E-3 1.17219E-2 1.26436E-2 5.91295E-2 9.09657E-2 1.18412E-1 1.23443E-1 -9999 -9999 -9999
-9999 -9999 -9999 -9999 -9999 -9999 -9999 -9999 -9999 -9999 -9999 -9999 -9999 -9999 -9999 -9999 1.14456E-1 7.06366E-2 1.81217E-1 1.13203E-1 1.15839E-1 1.06144E-1 1.20087E-1 1.39738E-1 1.12888E-1 5.46583E-2 7.45884E-2 9.78588E-2 1.23705E-1 1.52476E-1 1.47479E-1 1.18135E-1 1.88121E-1 2.02848E-1 4.72388E-1 5.38389E-1 2.67013E-1 5.59473E-2 3.46697E-1 4.33316E-1 1.18269E-1 7.60988E-2 1.05373E-1 4.47471E-2 4.23593E-2 3.08455E-2 1.73567E-2 3.56604E-3 3.21004E-3 3.79625E-3 2.21016E-3 1.88319E-3 1.58901E-3 4.9917E-2 3.18853E-3 2.49159E-3 3.58759E-3 8.18821E-3 9.6185E-3 1.35432E-2 7.66598E-2 1.10575E-1 6.22851E-2 1.34355E-1 1.35401E-1 -9999
-9999 -9999 -9999 -9999 -9999 -9999 -9999 -9999 -9999 -9999 -9999 -9999 -9999 -9999 -9999 -9999 8.50758E-2 5.75759E-2 5.33334E-2 7.59034E-2 8.505E-2 6.45399E-2 1.85499E-2 4.37199E-2 3.85145E-2 3.87222E-2 4.38203E-2 6.80392E-2 1.28169E-1 1.30956E-1 1.21965E-1 8.72485E-2 1.33719E-1 3.27291E-1 7.52512E-1 9.26883E-2 2.63108E-1 1.91202E-1 4.46627E-2 3.27304E-2 2.9121E-1 3.82203E-1 3.80207E-2 6.15949E-2 4.27415E-2 3.9603E-2 7.08849E-3 4.81163E-3 4.71732E-3 4.87389E-3 5.97665E-3 5.81095E-3 5.65982E-3 1.1549E-2 1.16897E-2 1.43565E-2 1.74212E-2 8.58861E-3 7.21047E-3 4.1519E-2 5.95056E-2 9.2438E-2 1.07738E-1 1.25087E-1 1.36221E-1 1.41699E-1
-9999 -9999 -9999 -9999 -9999 -9999 -9999 -9999 -9999 -9999 -9999 -9999 -9999 -9999 -9999 -9999 -9999 -9999 -9999 8.68702E-2 7.34162E-2 5.4646E-2 1.68309E-2 9.91561E-3 1.73766E-2 -9999 -9999 2.08756E-1 1.72368E-1 1.2158E-1 1.52176E-1 8.65485E-2 7.06427E-2 3.78656E-1 6.07904E-1 9.75822E-2 6.21891E-1 1.31449E-1 4.58472E-1 2.02683E-1 6.14694E-2 3.32799E-2 9.23457E-2 7.88483E-2 5.77672E-2 1.03387E-2 6.8945E-3 5.74714E-3 7.56727E-3 6.61021E-3 8.86317E-3 1.61781E-2 2.95077E-2 3.79517E-2 4.79914E-2 3.07037E-2 2.26682E-2 1.16347E-2 9.36468E-3 9.2814E-3 3.61214E-2 5.2181E-2 7.54101E-2 9.83535E-2 1.1913E-1 1.33809E-1
-9999 -9999 -9999 -9999 -9999 -9999 -9999 -9999 -9999 -9999 -9999 -9999 -9999 -9999 -9999 -9999 -9999 -9999 -9999 6.87761E-2 8.51634E-2 7.82399E-2 3.50977E-2 1.35738E-2 -9999 -9999 -9999 3.65722E-1 2.6245E-1 1.53289E-1 3.48856E-1 8.14615E-2 3.61188E-1 1.33126E-1 1.24703E-1 1.1362E-1 7.08649E-1 8.09061E-2 3.77547E-1 7.74839E-1 4.0423E-2 3.01134E-2 3.62775E-2 1.38982E-2 1.13014E-2 1.0477E-2 8.73004E-3 9.59016E-3 1.41929E-2 1.11653E-2 9.34917E-3 6.47381E-3 1.72681E-2 4.48682E-2 1.93076E-1 7.50201E-2 4.75794E-2 1.13844E-2 3.78753E-2 1.29231E-2 3.16832E-2 3.67372E-2 5.15189E-2 7.61031E-2 9.47393E-2 1.08827E-1
-9999 -9999 -9999 -9999 -9999 -9999 -9999 -9999 -9999 -9999 -9999 -9999 -9999 -9999 -9999 -9999 -9999 -9999 -9999 -9999 -9999 -9999 -9999 -9999 -9999 -9999 -9999 -9999 2.55498E-1 1.75371E-1 1.24042E-1 1.266E-1 6.20656E-1 6.03945E-1 1.11439E-1 5.4856E-1 2.67682E-1 9.98601E-2 5.17646E-1 7.09592E-1 5.57396E-2 3.24673E-2 1.4331E-2 1.24956E-2 1.30445E-2 2.20231E-2 2.18322E-2 2.76979E-2 3.13882E-2 2.40347E-2 5.60028E-3 2.36714E-2 4.11094E-2 5.72307E-2 1.91947E-1 7.20708E-2 1.87562E-2 5.33523E-2 5.94388E-2 5.71724E-2 4.96829E-2 3.92503E-2 4.47653E-2 5.96893E-2 7.94985E-2 8.94519E-2
-9999 -9999 -9999 -9999 -9999 -9999 -9999 -9999 -9999 -9999 -9999 -9999 -9999 -9999 -9999 -9999 -9999 -9999 -9999 -9999 -9999 -9999 -9999 -9999 -9999 -9999 -9999 -9999 -9999 2.45978E-1 2.45962E-1 2.23794E-1 1.60867E-1 6.1001E-1 8.13498E-2 2.319E-1 8.34189E-2 4.71518E-1 1.6782E-1 6.2676E-1 4.81427E-2 1.30504E-2 1.73843E-2 2.02688E-2 2.8994E-2 3.7214E-2 6.22809E-2 1.05445E-1 1.16508E-1 6.70016E-2 2.60514E-2 2.81763E-2 3.76103E-2 7.08842E-2 1.29912E-1 1.17699E-1 3.93105E-2 3.69969E-2 1.2043E-1 8.92338E-2 6.04096E-2 4.81717E-2 4.569E-2 5.66348E-2 8.16194E-2 9.12088E-2
-9999 -9999 -9999 -9999 -9999 -9999 -9999 -9999 -9999 -9999 -9999 -9999 -9999 -9999 -9999 -9999 -9999 -9999 -9999 -9999 -9999 -9999 -9999 -9999 -9999 -9999 -9999 -9999 3.26587E-1 1.44421E-1 5.24748E-1 1.54797E-1 1.50034E-1 5.13071E-1 6.85718E-2 7.79722E-2 6.07845E-1 3.19972E-1 1.61023E-1 5.83171E-2 1.40304E-2 1.28399E-2 1.79878E-2 2.44522E-2 3.35815E-2 5.53345E-2 1.09032E-1 1.373E-1 1.00786E-1 4.32875E-2 3.92164E-2 4.12721E-2 4.1597E-2 1.74668E-1 1.01939E-1 1.27766E-1 1.629E-1 2.09234E-1 1.67503E-1 1.20914E-1 5.90865E-2 3.88431E-2 5.08757E-2 6.4801E-2 9.17362E-2 1.21988E-1
-9999 -9999 -9999 -9999 -9999 -9999 -9999 -9999 -9999 -9999 -9999 -9999 -9999 -9999 -9999 -9999 -9999 -9999 -9999 -9999 -9999 -9999 -9999 -9999 -9999 -9999 -9999 -9999 3.48099E-1 4.12382E-1 9.69676E-1 1.52337E-1 1.7924E-1 8.33923E-1 4.62166E-2 3.15701E-1 2.02815E-1 5.91112E-1 2.89828E-1 1.52859E-2 1.32777E-2 1.20566E-2 1.54992E-2 2.09865E-2 4.49022E-2 9.58323E-2 1.50861E-1 1.40799E-1 7.47555E-2 3.80039E-2 4.03835E-2 4.64009E-2 4.01977E-2 9.63674E-2 1.0973E-1 1.28553E-1 1.53637E-1 1.88968E-1 1.66846E-1 2.79582E-1 1.46627E-1 4.10432E-2 9.33136E-2 6.76589E-2 1.02185E-1 1.42729E-1
-9999 -9999 -9999 -9999 -9999 -9999 -9999 -9999 -9999 -9999 -9999 -9999 -9999 -9999 -9999 -9999 -9999 -9999 -9999 -9999 -9999 -9999 -9999 -9999 -9999 -9999 -9999 -9999 -9999 4.85185E-1 3.1662E-1 8.78693E-2 1.54296E-1 7.54672E-1 2.90019E-2 2.90157E-1 2.02109E-1 1.26198E-1 1.59853E-2 1.26532E-2 1.41411E-2 1.10575E-2 1.21901E-2 1.94707E-2 3.64834E-2 6.14076E-2 1.03009E-1 3.30576E-1 2.75785E-1 4.73542E-2 6.16185E-2 1.03279E-1 3.85827E-2 6.29135E-2 1.1659E-1 1.1857E-1 1.18132E-1 1.00004E-1 7.65399E-2 5.36015E-2 4.66931E-2 2.06392E-2 2.04147E-2 1.57379E-2 7.51251E-2 9.85867E-2
-9999 -9999 -9999 -9999 -9999 -9999 -9999 -9999 -9999 -9999 -9999 -9999 -9999 -9999 -9999 -9999 -9999 -9999 -9999 -9999 -9999 -9999 -9999 -9999 -9999 -9999 -9999 -9999 7.39591E-1 6.72573E-1 1.79183E-1 4.55092E-2 6.89825E-1 4.53828E-2 2.30847E-2 1.82955E-1 6.85603E-1 2.0972E-2 1.83404E-2 1.10519E-2 1.08016E-2 1.16386E-2 1.23197E-2 1.85999E-2 8.29003E-2 1.2004E-1 1.63404E-1 2.23392E-1 2.68879E-1 1.04412E-1 1.36582E-1 1.31086E-1 5.58832E-2 1.40535E-1 1.60182E-1 9.19988E-2 7.36102E-2 6.38466E-2 5.03214E-2 4.16136E-2 3.60981E-2 3.91606E-2 1.29264E-2 9.57213E-3 1.64113E-2 6.65249E-2
-9999 -9999 -9999 -9999 -9999 -9999 -9999 -9999 -9999 -9999 -9999 -9999 -9999 -9999 -9999 -9999 -9999 -9999 -9999 -9999 8.87297E-2 -9999 -9999 -9999 -9999 -9999 -9999 -9999 -9999 8.97497E-1 8.32918E-2 1.51324E-1 7.81563E-1 2.3294E-2 8.23742E-2 3.49594E-1 2.90337E-2 1.94363E-2 1.68433E-2 1.48986E-2 1.36167E-2 1.23929E-2 4.92465E-2 5.65266E-2 7.32336E-2 9.42422E-2 1.09546E-1 1.32858E-1 1.57862E-1 1.79582E-1 1.40773E-1 5.97773E-2 6.3562E-2 6.98772E-2 8.62778E-2 6.78992E-2 5.3577E-2 4.73969E-2 5.0327E-2 4.38279E-2 1.44842E-2 2.76327E-2 3.60431E-2 3.43202E-2 5.32764E-2 1.7802E-1
-9999 -9999 -9999 -9999 -9999 -9999 -9999 -9999 -9999 -9999 -9999 -9999 -9999 -9999 -9999 -9999 -9999 -9999 -9999 -9999 -9999 -9999 -9999 -9999 -9999 -9999 -9999 1.27159E-1 5.29508E-1 4.27596E-1 1.55438E-1 4.73808E-1 7.74055E-1 2.55628E-2 3.3044E-1 8.82461E-2 4.60119E-2 1.81376E-2 2.64609E-2 2.60332E-2 6.92049E-2 4.72305E-2 4.85359E-2 5.38905E-2 5.9321E-2 6.39503E-2 6.71894E-2 8.37696E-2 1.00332E-1 8.88002E-2 9.79386E-2 6.44232E-2 5.89292E-2 6.23258E-2 5.98616E-2 5.75029E-2 5.12359E-2 4.75284E-2 4.7602E-2 5.04318E-2 6.18543E-2 2.9726E-2 4.96098E-2 7.04435E-2 9.66246E-2 6.2667E-2
-9999 -9999 -9999 -9999 -9999 -9999 -9999 -9999 -9999 -9999 -9999 -9999 -9999 -9999 -9999 -9999 -9999 -9999 -9999 -9999 -9999 -9999 -9999 -9999 -9999 -9999 1.83707E-1 1.90178E-1 1.41706E-1 1.89081E-1 4.49107E-1 5.96224E-1 6.66164E-1 5.01581E-2 4.06683E-1 4.23248E-2 3.94652E-2 6.38808E-2 4.67243E-2 1.48872E-1 9.45172E-2 7.24618E-2 5.36672E-2 5.54821E-2 5.71504E-2 5.90306E-2 5.97386E-2 5.95931E-2 5.51661E-2 4.94598E-2 5.53804E-2 6.33309E-2 6.07086E-2 7.17166E-2 5.11766E-2 5.77498E-2 5.49678E-2 5.18423E-2 5.17307E-2 5.49301E-2 1.94563E-2 3.53951E-2 4.56833E-2 1.92965E-1 5.90316E-2 3.49061E-2
-9999 -9999 -9999 -9999 -9999 -9999 -9999 -9999 -9999 -9999 -9999 -9999 -9999 -9999 -9999 -9999 -9999 -9999 -9999 -9999 -9999 -9999 -9999 -9999 -9999 -9999 2.0874E-1 1.96917E-1 1.2172E-1 5.6431E-1 6.02192E-1 5.85909E-1 5.73528E-2 5.74125E-1 3.3913E-2 4.46966E-2 4.19585E-2 6.25316E-2 1.1763E-1 1.35398E-1 1.0361E-1 5.95713E-2 5.3977E-2 6.06288E-2 6.18233E-2 5.97501E-2 5.94231E-2 5.13872E-2 4.45825E-2 3.28325E-2 3.49813E-2 5.63431E-2 5.80376E-2 5.49339E-2 5.39244E-2 5.52568E-2 5.96333E-2 5.91224E-2 5.6425E-2 6.06962E-2 7.74096E-2 2.67847E-2 1.41021E-1 8.77014E-2 1.3155E-1 6.55002E-2
2.09454E-2 -9999 -9999 -9999 -9999 -9999 -9999 -9999 -9999 -9999 -9999 -9999 -9999 -9999 -9999 -9999 -9999 -9999 -9999 -9999 -9999 -9999 -9999 -9999 -9999 1.58613E-1 1.01524E-1 2.67663E-1 1.11691E-1 4.75082E-2 7.1349E-1 6.87997E-1 7.69458E-2 7.60078E-2 4.84826E-2 4.41044E-2 4.16364E-2 4.25049E-2 6.88342E-2 7.88011E-2 6.82663E-2 5.57567E-2 6.15457E-2 6.45497E-2 6.4853E-2 6.1772E-2 5.84131E-2 5.51052E-2 4.71348E-2 3.13736E-2 3.70529E-2 5.29646E-2 5.05321E-2 5.89171E-2 6.44667E-2 6.66236E-2 6.73563E-2 7.5457E-2 7.02656E-2 6.64469E-2 6.38971E-2 1.74507E-1 1.62368E-1 1.15529E-1 7.60772E-2 5.92921E-2
1.95743E-2 -9999 -9999 -9999 -9999 -9999 -9999 -9999 -9999 -9999 -9999 -9999 -9999 -9999 -9999 -9999 -9999 -9999 -9999 -9999 -9999 -9999 -9999 -9999 8.93896E-2 1.18449E-1 1.34334E-1 1.64903E-1 7.75693E-1 7.16381E-1 7.72791E-1 1.03987E-1 8.92751E-2 7.4362E-2 6.2233E-2 5.49925E-2 5.03109E-2 4.8409E-2 5.06863E-2 6.35873E-2 6.06599E-2 6.07506E-2 6.28616E-2 7.30177E-2 7.49659E-2 7.22333E-2 6.84073E-2 6.75452E-2 6.1125E-2 5.89471E-2 8.53484E-2 8.04324E-2 6.44948E-2 6.98476E-2 7.0941E-2 6.91424E-2 7.13593E-2 6.94744E-2 9.53554E-2 7.60012E-2 1.62721E-1 2.1937E-1 2.51628E-1 1.46523E-1 1.00647E-1 6.15658E-2
-9999 -9999 4.38066E-2 -9999 -9999 -9999 -9999 -9999 -9999 -9999 -9999 -9999 -9999 -9999 -9999 -9999 -9999 -9999 -9999 -9999 -9999 -9999 -9999 1.4924E-1 1.33866E-1 1.33574E-1 1.3396E-1 6.41137E-1 3.14167E-1 6.61748E-1 7.77446E-2 9.77308E-2 8.45683E-2 6.69501E-2 6.93493E-2 6.64922E-2 6.33618E-2 5.98045E-2 6.20556E-2 6.53133E-2 6.62919E-2 6.43677E-2 6.78537E-2 7.52144E-2 8.44763E-2 8.64823E-2 8.41505E-2 7.93182E-2 7.75827E-2 9.74179E-2 1.18351E-1 6.52479E-2 7.10296E-2 6.83279E-2 9.53981E-2 1.20454E-1 1.22616E-1 7.00976E-2 1.36997E-1 1.626E-1 2.04058E-1 2.35053E-1 2.1186E-1 1.67881E-1 1.08647E-1 1.04262E-1
5.15162E-2 7.35823E-2 3.53423E-2 3.6402E-2 3.43383E-2 -9999 -9999 -9999 -9999 -9999 -9999 -9999 -9999 -9999 -9999 -9999 -9999 -9999 -9999 -9999 -9999 -9999 -9999 1.03695E-1 1.71501E-1 2.49767E-1 6.68772E-1 2.22641E-1 3.49147E-1 6.40721E-2 6.99655E-2 7.48243E-2 7.17249E-2 6.60201E-2 8.19152E-2 8.12315E-2 7.86805E-2 7.09295E-2 7.19468E-2 7.64173E-2 6.99031E-2 7.22887E-2 7.46953E-2 7.98343E-2 9.16545E-2 9.51117E-2 9.02874E-2 8.61376E-2 8.58822E-2 9.514E-2 1.12844E-1 9.12399E-2 7.0548E-2 7.09888E-2 9.45203E-2 1.30451E-1 1.52311E-1 1.3126E-1 1.47171E-1 1.75992E-1 1.75186E-1 1.98927E-1 1.91039E-1 1.18487E-1 1.18601E-1 1.06927E-1
4.94538E-2 5.16009E-2 2.91976E-2 3.7152E-3 -9999 -9999 -9999 -9999 -9999 -9999 -9999 -9999 -9999 -9999 -9999 -9999 -9999 -9999 -9999 -9999 -9999 -9999 -9999 2.17079E-2 1.12288E-1 2.54147E-1 7.01805E-1 7.89843E-2 4.81628E-1 7.06257E-2 6.6727E-2 6.42166E-2 6.64888E-2 6.13781E-2 7.41747E-2 8.83491E-2 8.468E-2 7.92512E-2 7.5372E-2 7.26642E-2 7.1768E-2 7.49452E-2 7.99549E-2 8.58481E-2 9.76688E-2 1.00446E-1 9.27799E-2 9.07525E-2 9.50699E-2 9.22264E-2 9.68847E-2 9.94482E-2 9.36156E-2 9.74213E-2 9.61809E-2 1.14664E-1 1.15981E-1 1.25215E-1 1.28597E-1 1.50545E-1 1.79263E-1 1.94262E-1 1.925E-1 1.42982E-1 1.31575E-1 1.5649E-1
2.09141E-2 3.84474E-2 1.53259E-2 3.32372E-2 7.63749E-2 8.10165E-2 -9999 -9999 -9999 -9999 -9999 -9999 -9999 -9999 -9999 -9999 -9999 -9999 -9999 -9999 -9999 -9999 1.7566E-3 7.47196E-3 1.35697E-1 2.52126E-1 2.6449E-1 9.28857E-2 4.83978E-1 6.79499E-2 5.83776E-2 6.04866E-2 5.76384E-2 5.57438E-2 6.42022E-2 7.14782E-2 7.74757E-2 8.00513E-2 7.06425E-2 6.86735E-2 7.88893E-2 8.60818E-2 8.83849E-2 9.50911E-2 1.02063E-1 1.05302E-1 9.8231E-2 9.38668E-2 8.88812E-2 9.35046E-2 9.08527E-2 9.17864E-2 8.53345E-2 8.60122E-2 8.67132E-2 8.74427E-2 1.13072E-1 1.12047E-1 1.50451E-1 1.38987E-1 1.44513E-1 1.72104E-1 1.8918E-1 1.54742E-1 1.31308E-1 1.55675E-1
-9999 1.606E-2 6.31046E-3 1.80862E-2 4.30548E-2 -9999 -9999 -9999 -9999 -9999 -9999 -9999 -9999 -9999 -9999 -9999 -9999 -9999 -9999 -9999 -9999 1.73342E-3 3.39485E-3 1.62867E-2 2.84054E-2 2.95171E-1 4.58026E-2 4.44703E-1 1.02918E-1 7.31179E-2 6.29795E-2 5.84624E-2 5.68952E-2 5.45357E-2 5.87152E-2 6.58369E-2 7.39811E-2 8.21821E-2 7.91939E-2 7.93625E-2 8.15223E-2 9.01922E-2 9.44928E-2 1.01798E-1 1.10088E-1 1.12446E-1 9.40453E-2 8.89529E-2 8.67645E-2 8.92185E-2 7.9782E-2 8.0313E-2 8.16157E-2 8.169E-2 8.7564E-2 9.49877E-2 9.70436E-2 1.18452E-1 1.41385E-1 1.50372E-1 1.44326E-1 1.58511E-1 1.88845E-1 2.41025E-1 2.27593E-1 1.62761E-1
-9999 -9999 -9999 -9999 -9999 -9999 -9999 -9999 -9999 -9999 -9999 -9999 -9999 -9999 -9999 -9999 -9999 -9999 -9999 -9999 -9999 -9999 5.60952E-3 8.93743E-3 2.90775E-2 1.61277E-1 1.67756E-1 5.34671E-1 7.95379E-2 6.78988E-2 5.76336E-2 5.31141E-2 5.51759E-2 5.45332E-2 6.06339E-2 7.22726E-2 7.60652E-2 7.89541E-2 7.84352E-2 8.42042E-2 8.64161E-2 8.94092E-2 9.76793E-2 1.05112E-1 1.1612E-1 1.21935E-1 8.8546E-2 8.18339E-2 8.44373E-2 8.15678E-2 7.83868E-2 8.01017E-2 7.95534E-2 8.14704E-2 9.36261E-2 9.2162E-2 9.94866E-2 9.77922E-2 1.23725E-1 1.33089E-1 1.61477E-1 2.09044E-1 2.01734E-1 2.16362E-1 2.46118E-1 1.58035E-1
-9999 -9999 -9999 -9999 -9999 -9999 -9999 -9999 -9999 -9999 -9999 -9999 -9999 -9999 -9999 -9999 -9999 -9999 -9999 -9999 -9999 1.21611E-3 1.56083E-3 6.28E-3 4.91475E-3 1.09882E-1 1.80311E-1 4.93925E-1 5.25606E-2 4.63188E-2 5.06597E-2 5.20368E-2 4.84538E-2 5.10552E-2 6.0532E-2 7.8292E-2 7.67235E-2 7.29065E-2 6.93305E-2 7.69738E-2 8.18222E-2 8.8143E-2 9.59514E-2 1.0092E-1 1.03565E-1 1.06169E-1 9.27938E-2 8.12065E-2 8.06298E-2 7.5306E-2 7.39329E-2 7.20912E-2 7.90027E-2 1.00116E-1 1.03629E-1 1.04883E-1 9.75513E-2 1.00197E-1 1.08937E-1 1.2731E-1 1.54511E-1 1.92352E-1 2.348E-1 1.91146E-1 1.60471E-1 1.75015E-1
-9999 -9999 -9999 -9999 -9999 -9999 -9999 -9999 -9999 -9999 -9999 -9999 -9999 -9999 -9999 -9999 -9999 -9999 -9999 -9999 -9999 -9999 1.3772E-3 8.97862E-4 1.04625E-2 1.64635E-1 1.94537E-1 9.53709E-2 4.47037E-2 4.13428E-2 4.21506E-2 4.44928E-2 4.46995E-2 4.76262E-2 5.39518E-2 6.42078E-2 7.09971E-2 6.74754E-2 6.82633E-2 7.17723E-2 7.38777E-2 8.03437E-2 9.11481E-2 9.06395E-2 9.14548E-2 9.43128E-2 9.32687E-2 8.15039E-2 7.76635E-2 7.49424E-2 7.22263E-2 7.13793E-2 8.4304E-2 1.06542E-1 1.21982E-1 9.90288E-2 9.63501E-2 9.79426E-2 1.00345E-1 1.15528E-1 1.60536E-1 1.94397E-1 2.97219E-1 2.462E-1 1.98002E-1 1.74225E-1
-9999 -9999 -9999 -9999 -9999 -9999 -9999 -9999 -9999 -9999 -9999 -9999 -9999 -9999 -9999 -9999 -9999 -9999 -9999 -9999 -9999 -9999 -9999 1.21474E-3 2.63393E-2 2.80689E-1 3.26789E-1 6.12886E-2 4.15189E-2 4.33602E-2 4.1571E-2 4.2383E-2 4.32086E-2 4.46019E-2 4.62952E-2 5.16169E-2 6.06719E-2 6.2729E-2 6.9666E-2 7.23577E-2 7.23038E-2 7.3604E-2 8.14988E-2 8.36033E-2 8.30902E-2 8.57808E-2 8.66073E-2 8.08821E-2 7.55281E-2 7.58062E-2 7.7154E-2 7.71464E-2 9.28826E-2 1.10686E-1 1.46648E-1 1.18347E-1 9.94166E-2 9.54222E-2 1.00288E-1 1.25599E-1 1.36943E-1 2.11386E-1 2.80198E-1 3.3591E-1 3.05497E-1 1.98744E-1
