final project/Practice/maxentOut/species_maxentOut_min.asc
ncols         186
nrows         192
xllcorner     -125.0
yllcorner     -56.0
cellsize      0.5
NODATA_value  -9999
[rows 58 to 86 of 192, columns 66 to 131 of 186]
-9999 -9999 -9999 -9999 -9999 -9999 -9999 -9999 -9999 -9999 -9999 -9999 4.52596E-4 1.10268E-2 2.15727E-2 4.09303E-2 6.821E-2 5.99036E-2 -9999 -9999 -9999 -9999 -9999 -9999 -9999 -9999 -9999 -9999 -9999 -9999 -9999 -9999 8.5605E-2 8.97729E-2 6.16433E-2 6.21732E-3 1.87552E-1 4.76163E-2 1.20861E-2 5.01526E-3 2.68362E-2 3.29394E-3 3.6008E-3 1.57453E-3 6.97212E-4 2.46526E-3 4.8379E-3 1.1702E-1 1.07558E-2 1.68574E-2 2.20101E-2 1.05324E-2 -9999 1.75408E-2 -9999 1.16908E-2 1.69819E-2 5.19787E-2 6.52899E-2 6.2592E-3 3.48943E-2 3.48691E-2 5.00366E-2 -9999 -9999 -9999
-9999 -9999 -9999 -9999 -9999 -9999 -9999 -9999 -9999 -9999 -9999 -9999 4.24594E-4 2.52858E-3 2.00146E-2 4.37484E-2 2.94477E-2 2.61758E-2 -9999 -9999 -9999 -9999 -9999 -9999 -9999 -9999 -9999 -9999 -9999 -9999 -9999 -9999 6.67515E-2 8.1715E-2 4.75046E-3 1.07637E-2 3.08542E-3 1.01181E-2 3.08166E-1 8.71824E-3 3.2736E-3 7.77698E-3 2.30682E-2 2.60859E-3 1.09092E-2 9.59937E-4 1.46594E-2 6.04741E-3 6.29934E-3 2.46669E-2 1.56895E-2 9.28295E-3 3.65784E-2 7.00498E-3 1.53838E-2 6.29315E-2 4.23096E-2 3.96974E-2 1.10898E-2 1.53534E-2 4.57027E-2 3.8432E-2 4.14885E-2 -9999 -9999 -9999
-9999 -9999 -9999 -9999 -9999 -9999 -9999 -9999 -9999 -9999 -9999 -9999 7.24945E-4 2.18355E-3 9.26563E-3 2.34029E-2 5.00523E-1 2.50925E-2 1.43446E-2 3.193E-2 -9999 -9999 -9999 -9999 1.08267E-1 8.66899E-2 1.15069E-1 -9999 -9999 -9999 -9999 -9999 8.69467E-2 2.1845E-2 8.56356E-3 1.01688E-2 1.32518E-2 3.19021E-3 1.30018E-2 2.44734E-2 2.45628E-2 2.41087E-2 7.57311E-3 1.70404E-2 6.9458E-2 5.35086E-3 3.18355E-4 2.87241E-3 2.16057E-3 1.70896E-3 5.62432E-3 6.62191E-3 5.16184E-3 7.33519E-3 1.5116E-2 1.86966E-2 1.25508E-3 2.99641E-3 5.71495E-3 1.27757E-2 1.16621E-2 4.99849E-2 5.26327E-2 -9999 -9999 -9999
-9999 -9999 -9999 -9999 -9999 -9999 -9999 -9999 -9999 -9999 -9999 -9999 -9999 -9999 -9999 3.02271E-2 1.66314E-2 4.25827E-1 2.66978E-1 4.30426E-2 4.53999E-2 -9999 7.84855E-2 1.37727E-1 8.74221E-2 6.89305E-2 6.96855E-2 6.12469E-2 1.0364E-1 -9999 -9999 4.85E-2 3.20813E-2 1.39489E-2 4.71062E-2 4.49788E-2 1.48505E-1 1.74469E-2 2.22916E-1 1.44126E-1 2.74762E-2 4.44282E-3 1.54237E-2 6.49577E-2 1.27435E-2 2.31256E-3 1.46353E-3 4.73285E-4 3.56146E-4 4.70746E-3 3.1407E-3 3.51943E-3 3.6343E-3 1.25943E-2 1.16866E-2 6.33613E-4 1.21544E-3 2.00336E-3 3.25146E-3 2.74251E-2 4.08114E-2 5.44823E-2 5.38856E-2 -9999 -9999 -9999
-9999 -9999 -9999 -9999 -9999 -9999 -9999 -9999 -9999 -9999 -9999 -9999 -9999 -9999 -9999 -9999 2.2684E-2 1.69746E-2 8.99718E-2 3.69503E-2 3.93883E-2 4.02125E-2 4.95222E-2 6.9104E-2 8.67355E-2 5.13746E-2 5.52509E-2 5.53115E-2 5.38384E-2 6.77906E-2 8.25072E-2 5.18718E-2 4.29369E-2 8.20328E-2 2.22068E-1 3.02039E-1 1.44319E-1 1.71938E-2 1.86044E-1 6.09214E-2 1.59189E-2 1.35054E-2 1.68707E-2 1.39352E-2 7.76205E-3 7.53223E-3 5.54589E-3 9.84581E-4 7.62389E-4 9.04069E-4 4.63353E-4 4.30512E-4 3.69765E-4 1.90769E-2 1.15559E-3 8.65157E-4 1.10414E-3 1.68094E-3 2.0602E-3 3.32179E-3 3.42362E-2 5.12412E-2 1.40444E-2 5.93338E-2 5.86794E-2 -9999
-9999 -9999 -9999 -9999 -9999 -9999 -9999 -9999 -9999 -9999 -9999 -9999 -9999 -9999 -9999 -9999 1.71057E-2 1.40976E-2 1.77003E-2 3.3595E-2 2.75439E-2 1.95093E-2 1.03956E-2 2.41744E-2 1.01412E-2 2.60329E-2 3.27892E-2 2.61099E-2 7.79214E-2 5.84334E-2 5.71951E-2 4.73015E-2 7.22697E-2 2.04877E-1 5.09924E-1 3.68351E-2 1.25808E-1 7.42787E-2 1.02226E-2 7.24136E-3 4.74953E-2 5.29939E-2 6.62009E-3 1.27958E-2 9.87413E-3 7.37434E-3 2.40403E-3 1.3349E-3 1.24812E-3 1.31803E-3 1.62723E-3 1.60608E-3 1.77314E-3 2.73649E-3 2.25961E-3 2.07702E-3 1.96829E-3 1.44684E-3 1.33628E-3 1.21144E-2 1.83621E-2 4.26033E-2 4.90976E-2 5.47891E-2 5.8529E-2 6.34847E-2
-9999 -9999 -9999 -9999 -9999 -9999 -9999 -9999 -9999 -9999 -9999 -9999 -9999 -9999 -9999 -9999 -9999 -9999 -9999 3.39466E-2 2.05583E-2 1.77579E-2 7.74271E-3 3.52327E-3 5.98342E-3 -9999 -9999 1.073E-1 9.06769E-2 6.4761E-2 1.06323E-1 3.58101E-2 2.77893E-2 2.5301E-1 3.88644E-1 4.0254E-2 2.77977E-1 7.60974E-2 9.61346E-2 7.07781E-2 2.06029E-2 5.79455E-3 2.15969E-2 2.75524E-2 1.57436E-2 3.55508E-3 2.38271E-3 1.64134E-3 2.03572E-3 1.79588E-3 2.59221E-3 5.57755E-3 9.85633E-3 9.01112E-3 7.59403E-3 5.17043E-3 3.298E-3 2.54975E-3 1.5281E-3 1.81826E-3 1.21103E-2 1.5691E-2 2.66374E-2 3.79341E-2 5.32752E-2 6.19535E-2
-9999 -9999 -9999 -9999 -9999 -9999 -9999 -9999 -9999 -9999 -9999 -9999 -9999 -9999 -9999 -9999 -9999 -9999 -9999 1.98696E-2 2.14199E-2 2.38955E-2 1.58802E-2 9.30995E-3 -9999 -9999 -9999 1.84461E-1 1.32186E-1 1.0146E-1 2.28036E-1 3.28946E-2 2.72773E-1 4.69766E-2 5.20622E-2 4.5218E-2 3.35814E-1 2.83093E-2 1.22934E-1 3.97738E-1 6.89284E-3 6.314E-3 1.17616E-2 5.14999E-3 3.86549E-3 3.35849E-3 3.13439E-3 2.89719E-3 4.23054E-3 2.99149E-3 2.70165E-3 2.21944E-3 5.35473E-3 1.16387E-2 9.32245E-2 3.40922E-2 2.01778E-2 1.9427E-3 1.10579E-2 2.30267E-3 1.31723E-2 1.29206E-2 1.55176E-2 2.51166E-2 3.44359E-2 3.98463E-2
-9999 -9999 -9999 -9999 -9999 -9999 -9999 -9999 -9999 -9999 -9999 -9999 -9999 -9999 -9999 -9999 -9999 -9999 -9999 -9999 -9999 -9999 -9999 -9999 -9999 -9999 -9999 -9999 1.15186E-1 6.86637E-2 5.54329E-2 7.61407E-2 2.59568E-1 3.53261E-1 4.41669E-2 2.95002E-1 1.43799E-1 5.31391E-2 1.89015E-1 5.36291E-1 9.72085E-3 6.98324E-3 4.54989E-3 4.7778E-3 4.3721E-3 5.97086E-3 7.27665E-3 1.00896E-2 1.21405E-2 8.61172E-3 1.51025E-3 6.74805E-3 1.37616E-2 1.81887E-2 8.89575E-2 2.39225E-2 3.42692E-3 1.54981E-2 1.74727E-2 1.95725E-2 2.00209E-2 1.27097E-2 1.20596E-2 1.73774E-2 2.55562E-2 2.97967E-2
-9999 -9999 -9999 -9999 -9999 -9999 -9999 -9999 -9999 -9999 -9999 -9999 -9999 -9999 -9999 -9999 -9999 -9999 -9999 -9999 -9999 -9999 -9999 -9999 -9999 -9999 -9999 -9999 -9999 6.35573E-2 6.14964E-2 1.52914E-1 1.26218E-1 2.93279E-1 2.73253E-2 1.23318E-1 2.77228E-2 1.98442E-1 4.30522E-2 4.65628E-1 9.4007E-3 3.39764E-3 4.60596E-3 5.88719E-3 7.24713E-3 8.77848E-3 1.50716E-2 2.55978E-2 2.4399E-2 1.52538E-2 6.08453E-3 6.00494E-3 8.50252E-3 1.82715E-2 4.90628E-2 3.32504E-2 6.21323E-3 6.00369E-3 3.79128E-2 2.74198E-2 1.66063E-2 1.27432E-2 1.34407E-2 1.66935E-2 2.6954E-2 2.87926E-2
-9999 -9999 -9999 -9999 -9999 -9999 -9999 -9999 -9999 -9999 -9999 -9999 -9999 -9999 -9999 -9999 -9999 -9999 -9999 -9999 -9999 -9999 -9999 -9999 -9999 -9999 -9999 -9999 7.26437E-2 1.33419E-2 2.72319E-2 3.81769E-2 9.43018E-2 2.40256E-1 2.55964E-2 2.43271E-2 2.36857E-1 9.91282E-2 3.21634E-2 2.22367E-2 3.86341E-3 3.46516E-3 4.86123E-3 6.65358E-3 9.0228E-3 1.48716E-2 3.02676E-2 3.79395E-2 2.61071E-2 1.51272E-2 9.10119E-3 8.79542E-3 9.18546E-3 7.65935E-2 2.61362E-2 3.6069E-2 4.80329E-2 5.85906E-2 5.21666E-2 3.8622E-2 2.0835E-2 1.25337E-2 1.49044E-2 1.83906E-2 2.84575E-2 4.56857E-2
-9999 -9999 -9999 -9999 -9999 -9999 -9999 -9999 -9999 -9999 -9999 -9999 -9999 -9999 -9999 -9999 -9999 -9999 -9999 -9999 -9999 -9999 -9999 -9999 -9999 -9999 -9999 -9999 7.40368E-2 4.15385E-2 5.45073E-2 2.92195E-2 1.18744E-1 3.24887E-1 7.54338E-3 1.80165E-1 4.99783E-2 2.08405E-1 2.45847E-1 4.24637E-3 3.44982E-3 3.18458E-3 4.25739E-3 5.77934E-3 1.26007E-2 2.81675E-2 4.48802E-2 3.85621E-2 1.743E-2 1.01322E-2 9.53866E-3 1.27295E-2 1.14142E-2 2.78795E-2 2.85188E-2 3.69529E-2 4.30962E-2 5.03517E-2 4.21145E-2 1.80721E-1 6.76666E-2 1.27027E-2 4.13607E-2 1.97711E-2 2.92671E-2 4.25474E-2
-9999 -9999 -9999 -9999 -9999 -9999 -9999 -9999 -9999 -9999 -9999 -9999 -9999 -9999 -9999 -9999 -9999 -9999 -9999 -9999 -9999 -9999 -9999 -9999 -9999 -9999 -9999 -9999 -9999 6.06211E-2 1.78035E-2 3.19768E-2 1.01348E-1 3.60729E-1 4.87946E-3 5.29356E-2 5.33929E-2 2.2942E-2 3.61888E-3 3.36695E-3 3.76171E-3 3.13321E-3 3.39861E-3 5.34846E-3 1.01959E-2 1.69904E-2 2.86381E-2 1.56061E-1 1.12349E-1 1.2225E-2 1.57967E-2 3.40479E-2 1.08723E-2 1.45269E-2 3.19255E-2 3.47782E-2 3.23463E-2 2.57594E-2 1.93107E-2 1.34646E-2 1.18857E-2 4.56845E-3 4.46837E-3 2.66613E-3 2.21419E-2 2.87904E-2
-9999 -9999 -9999 -9999 -9999 -9999 -9999 -9999 -9999 -9999 -9999 -9999 -9999 -9999 -9999 -9999 -9999 -9999 -9999 -9999 -9999 -9999 -9999 -9999 -9999 -9999 -9999 -9999 1.50165E-1 1.13617E-1 4.09072E-2 1.22291E-2 1.86359E-1 8.71343E-3 3.85807E-3 2.71027E-2 4.12666E-1 4.49808E-3 4.79633E-3 2.75862E-3 2.85655E-3 3.22967E-3 3.28272E-3 4.74802E-3 3.77444E-2 5.58847E-2 7.33893E-2 9.87369E-2 1.08397E-1 3.51639E-2 5.07782E-2 4.74539E-2 1.32441E-2 5.48216E-2 6.5739E-2 2.43948E-2 1.83489E-2 1.49392E-2 1.12105E-2 9.57574E-3 8.48217E-3 1.04068E-2 2.24061E-3 1.43928E-3 2.81779E-3 1.93625E-2
-9999 -9999 -9999 -9999 -9999 -9999 -9999 -9999 -9999 -9999 -9999 -9999 -9999 -9999 -9999 -9999 -9999 -9999 -9999 -9999 3.46153E-2 -9999 -9999 -9999 -9999 -9999 -9999 -9999 -9999 2.21641E-1 2.69857E-2 4.89379E-2 3.40462E-1 3.90488E-3 3.42325E-2 9.67795E-2 5.90492E-3 6.04952E-3 4.64859E-3 3.88528E-3 3.51362E-3 3.24148E-3 2.17102E-2 2.467E-2 3.18296E-2 4.09117E-2 4.68516E-2 5.61894E-2 6.33729E-2 6.54918E-2 4.88684E-2 1.76134E-2 1.53079E-2 1.81428E-2 2.55436E-2 1.72525E-2 1.25429E-2 1.06307E-2 1.18187E-2 1.02614E-2 2.41853E-3 6.13627E-3 5.99514E-3 5.21022E-3 7.0497E-3 5.45139E-2
-9999 -9999 -9999 -9999 -9999 -9999 -9999 -9999 -9999 -9999 -9999 -9999 -9999 -9999 -9999 -9999 -9999 -9999 -9999 -9999 -9999 -9999 -9999 -9999 -9999 -9999 -9999 1.36789E-2 8.30548E-2 4.9469E-2 9.76982E-2 1.38175E-1 2.83224E-1 4.29102E-3 1.43888E-1 3.35445E-2 8.39193E-3 5.06141E-3 7.134E-3 6.80247E-3 3.06248E-2 2.08082E-2 2.1561E-2 2.36232E-2 2.48998E-2 2.60833E-2 2.70717E-2 3.0473E-2 3.56009E-2 2.98274E-2 2.95948E-2 1.92939E-2 1.36925E-2 2.23076E-2 1.53289E-2 1.45369E-2 1.24336E-2 1.14176E-2 1.15938E-2 1.26328E-2 2.08778E-2 6.38845E-3 1.11337E-2 1.34421E-2 4.00967E-2 2.06084E-2
-9999 -9999 -9999 -9999 -9999 -9999 -9999 -9999 -9999 -9999 -9999 -9999 -9999 -9999 -9999 -9999 -9999 -9999 -9999 -9999 -9999 -9999 -9999 -9999 -9999 -9999 3.89128E-2 4.06472E-2 7.77353E-3 1.14052E-2 2.03142E-1 3.01842E-1 2.02064E-1 1.08973E-2 1.94134E-1 6.60127E-3 6.95969E-3 1.53054E-2 1.20114E-2 6.76339E-2 4.13726E-2 3.12013E-2 2.32583E-2 2.17183E-2 2.06446E-2 2.01149E-2 1.97688E-2 1.86536E-2 1.57255E-2 1.4991E-2 1.53311E-2 1.77176E-2 1.98498E-2 2.59917E-2 1.40693E-2 1.53615E-2 1.45563E-2 1.33431E-2 1.3564E-2 1.48871E-2 4.10762E-3 7.42994E-3 1.02538E-2 8.33787E-2 1.41879E-2 7.93715E-3
-9999 -9999 -9999 -9999 -9999 -9999 -9999 -9999 -9999 -9999 -9999 -9999 -9999 -9999 -9999 -9999 -9999 -9999 -9999 -9999 -9999 -9999 -9999 -9999 -9999 -9999 5.04565E-2 3.77803E-2 2.49562E-2 3.03258E-1 2.62823E-1 2.75049E-1 1.6671E-2 1.94313E-1 8.65989E-3 1.22974E-2 1.44129E-2 2.5605E-2 5.0288E-2 5.96651E-2 4.40218E-2 2.49745E-2 2.17423E-2 2.1776E-2 1.94979E-2 1.66533E-2 1.59657E-2 1.21279E-2 9.5289E-3 6.82551E-3 8.08681E-3 1.54468E-2 1.88363E-2 1.52514E-2 1.41284E-2 1.50567E-2 1.7012E-2 1.68193E-2 1.60459E-2 2.03929E-2 2.9208E-2 5.68332E-3 5.63384E-2 3.47821E-2 5.15962E-2 2.4761E-2
1.29296E-2 -9999 -9999 -9999 -9999 -9999 -9999 -9999 -9999 -9999 -9999 -9999 -9999 -9999 -9999 -9999 -9999 -9999 -9999 -9999 -9999 -9999 -9999 -9999 -9999 5.5678E-2 1.91364E-2 4.07527E-2 3.38077E-2 1.01477E-2 3.00374E-1 2.29017E-1 2.71161E-2 2.42116E-2 1.44165E-2 1.31838E-2 1.41988E-2 1.77282E-2 2.86672E-2 3.27247E-2 2.71131E-2 2.10067E-2 2.19385E-2 1.90052E-2 1.7353E-2 1.55464E-2 1.36593E-2 1.18732E-2 9.97067E-3 6.15348E-3 9.09109E-3 1.59469E-2 1.14831E-2 1.47528E-2 1.75498E-2 1.92563E-2 2.33145E-2 3.28214E-2 2.82803E-2 2.29705E-2 1.82931E-2 7.22973E-2 6.6507E-2 4.4478E-2 2.70196E-2 1.8121E-2
1.27782E-2 -9999 -9999 -9999 -9999 -9999 -9999 -9999 -9999 -9999 -9999 -9999 -9999 -9999 -9999 -9999 -9999 -9999 -9999 -9999 -9999 -9999 -9999 -9999 2.02552E-2 4.23342E-2 4.11216E-2 4.00113E-2 3.00271E-1 2.25482E-1 2.30077E-1 3.00294E-2 2.48336E-2 2.36866E-2 2.05319E-2 1.81951E-2 1.83095E-2 1.97278E-2 1.94634E-2 2.66152E-2 2.54798E-2 2.08815E-2 1.9166E-2 2.0376E-2 1.92115E-2 1.72157E-2 1.46823E-2 1.45777E-2 1.42341E-2 1.68279E-2 2.49238E-2 2.34361E-2 1.48965E-2 1.76226E-2 1.9191E-2 1.97483E-2 2.13747E-2 2.39666E-2 3.85022E-2 3.12208E-2 6.76486E-2 9.4623E-2 1.10554E-1 5.91183E-2 3.83268E-2 1.8588E-2
-9999 -9999 2.00484E-2 -9999 -9999 -9999 -9999 -9999 -9999 -9999 -9999 -9999 -9999 -9999 -9999 -9999 -9999 -9999 -9999 -9999 -9999 -9999 -9999 4.90663E-2 4.46221E-2 4.28902E-2 4.78097E-2 1.83793E-1 8.3682E-2 2.3696E-1 1.78323E-2 2.37169E-2 2.45318E-2 2.15104E-2 2.32681E-2 2.25694E-2 2.37283E-2 2.29597E-2 2.35378E-2 2.82969E-2 2.6991E-2 2.06668E-2 1.89229E-2 1.96713E-2 2.06945E-2 1.98409E-2 1.80328E-2 1.76758E-2 2.21861E-2 3.10054E-2 3.97993E-2 1.42945E-2 1.65781E-2 1.65947E-2 3.43968E-2 4.5349E-2 4.86626E-2 2.00722E-2 5.62895E-2 6.86961E-2 9.09456E-2 1.05207E-1 9.42605E-2 6.9376E-2 4.26476E-2 3.99828E-2
2.21939E-2 2.59674E-2 1.74778E-2 1.78327E-2 1.38801E-2 -9999 -9999 -9999 -9999 -9999 -9999 -9999 -9999 -9999 -9999 -9999 -9999 -9999 -9999 -9999 -9999 -9999 -9999 1.86676E-2 5.94265E-2 7.39173E-2 3.32987E-1 5.8992E-2 1.15144E-1 1.66673E-2 1.65337E-2 1.91311E-2 2.09375E-2 2.06046E-2 2.72194E-2 2.86062E-2 3.00689E-2 2.74978E-2 2.83506E-2 3.40172E-2 2.71241E-2 2.40707E-2 2.00911E-2 1.93945E-2 2.21461E-2 2.26229E-2 2.03737E-2 1.96219E-2 2.55718E-2 3.67678E-2 4.38752E-2 3.38943E-2 1.88256E-2 1.91759E-2 3.27545E-2 4.64075E-2 5.72466E-2 5.27924E-2 6.0892E-2 7.50863E-2 7.71525E-2 9.08836E-2 8.56874E-2 4.862E-2 4.78263E-2 4.24606E-2
2.07941E-2 2.17582E-2 1.03771E-2 2.86371E-3 -9999 -9999 -9999 -9999 -9999 -9999 -9999 -9999 -9999 -9999 -9999 -9999 -9999 -9999 -9999 -9999 -9999 -9999 -9999 2.42992E-3 1.82791E-2 6.84578E-2 4.41478E-1 1.70055E-2 2.25229E-1 1.56189E-2 1.45768E-2 1.61048E-2 1.86419E-2 1.77938E-2 2.37898E-2 3.18027E-2 3.31428E-2 3.15877E-2 2.93808E-2 3.06681E-2 2.60443E-2 2.37462E-2 2.13026E-2 2.06371E-2 2.35442E-2 2.4061E-2 2.16707E-2 2.14844E-2 2.814E-2 3.15355E-2 3.73956E-2 4.08289E-2 3.76189E-2 3.67647E-2 3.52088E-2 4.09083E-2 4.33058E-2 4.89612E-2 5.11213E-2 5.90641E-2 7.5481E-2 8.39086E-2 8.376E-2 6.0712E-2 5.53001E-2 6.86385E-2
8.38692E-3 1.72339E-2 6.81976E-3 1.57038E-2 2.7684E-2 2.77395E-2 -9999 -9999 -9999 -9999 -9999 -9999 -9999 -9999 -9999 -9999 -9999 -9999 -9999 -9999 -9999 -9999 3.82198E-4 2.38504E-3 3.70563E-2 8.28798E-2 6.04937E-2 1.88004E-2 1.87518E-1 1.53643E-2 1.28314E-2 1.49895E-2 1.57877E-2 1.52559E-2 1.93976E-2 2.39192E-2 2.80924E-2 3.09266E-2 2.67972E-2 2.87875E-2 3.12254E-2 2.67644E-2 2.34511E-2 2.48683E-2 2.62584E-2 2.59442E-2 2.42479E-2 2.34215E-2 2.37032E-2 2.89358E-2 2.91372E-2 3.25996E-2 3.10084E-2 3.30296E-2 3.32293E-2 3.36296E-2 4.26441E-2 4.58699E-2 6.85683E-2 5.95668E-2 5.77739E-2 7.09253E-2 8.20837E-2 6.63922E-2 5.47364E-2 6.85376E-2
-9999 7.30575E-3 4.49305E-3 8.36071E-3 1.50485E-2 -9999 -9999 -9999 -9999 -9999 -9999 -9999 -9999 -9999 -9999 -9999 -9999 -9999 -9999 -9999 -9999 3.52669E-4 6.12585E-4 3.41273E-3 9.64635E-3 1.58119E-1 6.11091E-3 1.96843E-1 2.2819E-2 1.73468E-2 1.4976E-2 1.4843E-2 1.52728E-2 1.49868E-2 1.64356E-2 1.99524E-2 2.55597E-2 3.14139E-2 3.16818E-2 3.09513E-2 2.78668E-2 2.71063E-2 2.46056E-2 2.74754E-2 2.94201E-2 2.96665E-2 2.51137E-2 2.23904E-2 2.24077E-2 2.40832E-2 2.18361E-2 2.29551E-2 2.57571E-2 2.75079E-2 3.30673E-2 3.74294E-2 4.01936E-2 5.15771E-2 6.32469E-2 6.56479E-2 6.2247E-2 6.70065E-2 7.9794E-2 1.05853E-1 1.01085E-1 7.23494E-2
-9999 -9999 -9999 -9999 -9999 -9999 -9999 -9999 -9999 -9999 -9999 -9999 -9999 -9999 -9999 -9999 -9999 -9999 -9999 -9999 -9999 -9999 8.54544E-4 1.24335E-3 6.28303E-4 1.23122E-1 3.6195E-2 2.18966E-1 1.77312E-2 1.61193E-2 1.37878E-2 1.31368E-2 1.4356E-2 1.48229E-2 1.68966E-2 2.07656E-2 2.41202E-2 2.64632E-2 2.63149E-2 2.8556E-2 2.63117E-2 2.35785E-2 2.45E-2 2.76333E-2 3.1592E-2 3.61673E-2 2.35966E-2 2.07178E-2 2.16287E-2 2.1139E-2 2.00711E-2 2.088E-2 2.35907E-2 2.5345E-2 3.22325E-2 3.45407E-2 4.03149E-2 4.04838E-2 4.86833E-2 5.5154E-2 7.21918E-2 9.51232E-2 9.0535E-2 9.14336E-2 1.10804E-1 7.19283E-2
-9999 -9999 -9999 -9999 -9999 -9999 -9999 -9999 -9999 -9999 -9999 -9999 -9999 -9999 -9999 -9999 -9999 -9999 -9999 -9999 -9999 3.0958E-4 3.68368E-4 1.99223E-3 1.19655E-3 3.19318E-2 3.07254E-2 1.832E-1 1.28598E-2 1.07158E-2 1.18294E-2 1.22179E-2 1.17221E-2 1.2819E-2 1.52738E-2 2.21174E-2 2.07505E-2 2.03044E-2 1.93203E-2 2.2152E-2 2.23296E-2 2.26138E-2 2.47168E-2 2.72976E-2 2.98622E-2 3.00383E-2 2.34561E-2 2.04674E-2 2.0776E-2 1.91294E-2 1.91228E-2 1.90319E-2 2.17672E-2 3.08207E-2 3.53377E-2 4.14216E-2 3.96977E-2 4.18798E-2 4.3663E-2 5.24622E-2 6.83681E-2 9.4985E-2 1.20975E-1 8.97117E-2 7.52648E-2 8.57226E-2
-9999 -9999 -9999 -9999 -9999 -9999 -9999 -9999 -9999 -9999 -9999 -9999 -9999 -9999 -9999 -9999 -9999 -9999 -9999 -9999 -9999 -9999 8.94864E-4 4.45541E-4 2.76622E-3 1.43903E-2 4.71268E-2 4.25262E-2 1.03549E-2 9.24184E-3 9.62327E-3 1.00657E-2 1.01405E-2 1.06115E-2 1.18738E-2 1.56668E-2 1.87277E-2 1.8166E-2 1.88728E-2 1.94402E-2 1.83414E-2 2.01306E-2 2.44941E-2 2.5888E-2 2.755E-2 2.57268E-2 2.26849E-2 2.13431E-2 2.13008E-2 2.06563E-2 1.98796E-2 1.97634E-2 2.52193E-2 3.94631E-2 4.96653E-2 4.35411E-2 4.32453E-2 4.40084E-2 4.57961E-2 5.33037E-2 7.89952E-2 1.03681E-1 1.69804E-1 1.38617E-1 1.04498E-1 8.8526E-2
-9999 -9999 -9999 -9999 -9999 -9999 -9999 -9999 -9999 -9999 -9999 -9999 -9999 -9999 -9999 -9999 -9999 -9999 -9999 -9999 -9999 -9999 -9999 3.19107E-4 6.8019E-3 2.75975E-2 7.79309E-2 1.99822E-2 9.40823E-3 1.08948E-2 1.03069E-2 1.02971E-2 9.67598E-3 9.57971E-3 1.00038E-2 1.20451E-2 1.67566E-2 1.87158E-2 2.04811E-2 2.07221E-2 2.00319E-2 1.89779E-2 2.21027E-2 2.40085E-2 2.44019E-2 2.51446E-2 2.45189E-2 2.36804E-2 2.17578E-2 2.18351E-2 2.20302E-2 2.29856E-2 3.3907E-2 5.14703E-2 6.90515E-2 5.65756E-2 4.79321E-2 4.71875E-2 4.88778E-2 6.22019E-2 7.12102E-2 1.16572E-1 1.60224E-1 1.90423E-1 1.70288E-1 1.06541E-1
