final project/Practice/maxentOut/species_3_maxentOut.asc
ncols         186
nrows         192
xllcorner     -125.0
yllcorner     -56.0
cellsize      0.5
NODATA_value  -9999
[rows 87 to 115 of 192, columns 66 to 131 of 186]
-9999 -9999 -9999 -9999 -9999 -9999 -9999 -9999 -9999 -9999 -9999 -9999 -9999 -9999 -9999 -9999 -9999 -9999 -9999 -9999 -9999 -9999 1.1522E-4 4.78838E-4 1.34502E-2 5.41975E-1 4.81741E-2 7.31867E-3 8.67045E-3 1.63212E-2 1.57014E-2 1.30508E-2 1.27714E-2 9.95135E-3 1.12415E-2 1.27879E-2 1.73479E-2 2.02123E-2 1.87491E-2 1.93583E-2 2.09226E-2 1.96984E-2 2.12769E-2 2.02985E-2 2.19028E-2 2.30542E-2 2.41311E-2 2.19842E-2 2.17183E-2 2.35613E-2 2.54563E-2 3.46104E-2 4.00072E-2 5.73302E-2 6.74494E-2 5.70576E-2 4.99841E-2 4.72511E-2 5.13458E-2 6.38599E-2 7.78085E-2 8.71286E-2 1.1392E-1 1.22734E-1 1.11616E-1 8.76676E-2
-9999 -9999 -9999 -9999 -9999 -9999 -9999 -9999 -9999 -9999 -9999 -9999 -9999 -9999 -9999 -9999 -9999 -9999 -9999 -9999 -9999 2.21847E-4 3.54789E-4 4.64789E-4 1.74876E-2 3.71512E-1 4.84001E-2 6.231E-3 9.51897E-3 2.43317E-2 2.40031E-2 2.05115E-2 1.62718E-2 1.52076E-2 1.72661E-2 1.747E-2 1.77136E-2 2.49026E-2 1.94598E-2 1.86737E-2 1.75033E-2 1.44225E-2 1.52371E-2 1.8336E-2 2.04774E-2 2.09567E-2 2.0553E-2 2.06439E-2 2.12951E-2 2.47283E-2 2.83893E-2 3.77223E-2 4.54226E-2 5.44447E-2 5.41565E-2 5.3844E-2 4.43111E-2 4.55563E-2 4.32455E-2 5.80051E-2 5.9004E-2 6.05162E-2 6.9331E-2 7.4088E-2 5.62747E-2 5.40597E-2
-9999 -9999 -9999 -9999 -9999 -9999 -9999 -9999 -9999 -9999 -9999 -9999 -9999 -9999 -9999 -9999 -9999 -9999 -9999 -9999 -9999 1.97874E-4 9.76075E-5 8.18736E-5 1.79892E-1 3.3476E-1 6.33094E-2 7.84251E-3 1.05156E-2 2.7326E-2 2.95764E-2 2.62927E-2 2.27005E-2 2.25475E-2 2.49044E-2 2.70541E-2 2.39572E-2 1.93242E-2 1.6703E-2 1.73166E-2 1.58515E-2 1.39774E-2 1.36891E-2 1.65034E-2 1.8009E-2 2.06792E-2 2.03536E-2 2.13159E-2 2.18368E-2 2.69474E-2 3.60687E-2 3.82481E-2 4.61838E-2 5.09742E-2 5.17322E-2 5.10753E-2 4.85369E-2 4.17667E-2 4.32097E-2 4.7456E-2 4.96927E-2 6.11402E-2 5.68266E-2 5.58079E-2 4.06314E-2 3.71223E-2
-9999 -9999 -9999 -9999 -9999 -9999 -9999 -9999 -9999 -9999 -9999 -9999 -9999 -9999 -9999 -9999 -9999 -9999 -9999 -9999 -9999 1.30923E-4 5.02097E-5 4.00157E-5 2.03435E-2 2.6236E-1 1.28802E-2 3.47235E-3 7.96242E-3 1.09774E-2 1.54805E-2 2.63546E-2 2.40425E-2 2.0593E-2 2.49475E-2 3.1268E-2 2.51555E-2 1.84681E-2 1.61213E-2 1.41291E-2 1.47568E-2 1.39426E-2 1.44105E-2 1.59257E-2 1.82755E-2 2.13193E-2 2.16112E-2 2.02351E-2 2.18487E-2 2.76634E-2 3.24003E-2 3.72642E-2 4.16844E-2 4.48476E-2 4.40875E-2 4.32377E-2 3.98238E-2 4.08193E-2 4.1937E-2 4.03372E-2 4.61424E-2 5.13009E-2 4.60613E-2 4.27789E-2 3.15967E-2 2.52254E-2
-9999 -9999 -9999 -9999 -9999 -9999 -9999 -9999 -9999 -9999 -9999 -9999 -9999 -9999 -9999 -9999 -9999 -9999 -9999 -9999 -9999 9.79692E-4 2.87016E-4 4.25627E-5 7.81816E-4 2.41574E-1 8.09582E-3 9.96672E-2 2.69946E-1 1.0169E-2 9.52119E-3 1.91306E-2 1.72201E-2 2.04652E-2 3.0663E-2 2.63121E-2 2.04329E-2 1.65932E-2 1.4099E-2 1.481E-2 1.45196E-2 1.46053E-2 1.41875E-2 1.54258E-2 1.71582E-2 1.86946E-2 1.93842E-2 1.86787E-2 2.09494E-2 2.41571E-2 2.82941E-2 3.40916E-2 3.78321E-2 3.75513E-2 3.92265E-2 3.53689E-2 3.09475E-2 3.35961E-2 3.35877E-2 3.92723E-2 4.41208E-2 4.64899E-2 3.60463E-2 3.2139E-2 2.26005E-2 1.64922E-2
-9999 -9999 -9999 -9999 -9999 -9999 -9999 -9999 -9999 -9999 -9999 -9999 -9999 -9999 -9999 -9999 -9999 -9999 -9999 -9999 -9999 1.30901E-3 5.30869E-4 3.13797E-4 1.28295E-4 1.1204E-1 2.01565E-1 1.0989E-1 2.66296E-1 2.51189E-1 1.61625E-2 5.57153E-3 9.18418E-3 1.42055E-2 1.92837E-2 1.64523E-2 1.39942E-2 1.39962E-2 1.20504E-2 1.40996E-2 1.40671E-2 1.37438E-2 1.48045E-2 1.43838E-2 1.47279E-2 1.49177E-2 1.60325E-2 1.69453E-2 1.72287E-2 2.02949E-2 2.36865E-2 2.63317E-2 3.06033E-2 3.10142E-2 3.54967E-2 2.69832E-2 2.45011E-2 2.4742E-2 2.47656E-2 2.78105E-2 2.91962E-2 3.04723E-2 2.53228E-2 2.15992E-2 1.39283E-2 1.16507E-2
-9999 -9999 -9999 -9999 -9999 -9999 -9999 -9999 -9999 -9999 -9999 -9999 -9999 -9999 -9999 -9999 -9999 -9999 -9999 -9999 -9999 -9999 1.77524E-3 4.93137E-4 5.56129E-4 1.33315E-2 3.16035E-2 1.86842E-1 2.06857E-1 1.53354E-1 3.71386E-3 1.9466E-3 2.71381E-3 8.53599E-3 9.93327E-3 9.5627E-3 8.69418E-3 1.06328E-2 1.12063E-2 1.30074E-2 1.30174E-2 1.41417E-2 1.34351E-2 1.4746E-2 1.36259E-2 1.20279E-2 1.31598E-2 1.49801E-2 1.45698E-2 1.66617E-2 1.97985E-2 2.22306E-2 2.28987E-2 2.43086E-2 2.66612E-2 2.36963E-2 1.90385E-2 1.80822E-2 1.76598E-2 1.84414E-2 2.04458E-2 1.96557E-2 1.64601E-2 1.13292E-2 7.75753E-3 6.79545E-3
-9999 -9999 -9999 -9999 -9999 -9999 -9999 -9999 -9999 -9999 -9999 -9999 -9999 -9999 -9999 -9999 -9999 -9999 -9999 -9999 -9999 -9999 -9999 -9999 6.53953E-4 2.0909E-3 7.73668E-2 1.21636E-1 1.71483E-1 1.4848E-1 3.81989E-3 2.26688E-3 2.59191E-3 6.60983E-3 4.89865E-3 6.27984E-3 6.70934E-3 9.55676E-3 1.10746E-2 1.21792E-2 1.19563E-2 1.2303E-2 1.38549E-2 1.45692E-2 1.2871E-2 1.10845E-2 1.15723E-2 1.18336E-2 1.27275E-2 1.42797E-2 1.64323E-2 1.76817E-2 1.6996E-2 1.6627E-2 2.02428E-2 1.79426E-2 1.50134E-2 1.27487E-2 1.1693E-2 1.15563E-2 1.15639E-2 1.18627E-2 1.00274E-2 6.36195E-3 4.48048E-3 3.87202E-3
-9999 -9999 -9999 -9999 -9999 -9999 -9999 -9999 -9999 -9999 -9999 -9999 -9999 -9999 -9999 -9999 -9999 -9999 -9999 -9999 -9999 -9999 -9999 -9999 3.28474E-3 5.20349E-3 3.61546E-2 7.03146E-2 5.8189E-2 1.44422E-1 1.17465E-2 3.04575E-3 2.93624E-3 6.86142E-3 6.64576E-3 6.60215E-3 6.06449E-3 8.3727E-3 1.00578E-2 1.04777E-2 1.0303E-2 1.04488E-2 1.31208E-2 1.3275E-2 1.12084E-2 9.64772E-3 9.21886E-3 9.23208E-3 1.09331E-2 1.24488E-2 1.40828E-2 1.7268E-2 1.62176E-2 1.42321E-2 1.67625E-2 1.43441E-2 1.25761E-2 9.5817E-3 7.81271E-3 7.11184E-3 7.39458E-3 7.39198E-3 7.01854E-3 5.47776E-3 3.52718E-3 2.71184E-3
-9999 -9999 -9999 -9999 -9999 -9999 -9999 -9999 -9999 -9999 -9999 -9999 -9999 -9999 -9999 -9999 -9999 -9999 -9999 -9999 -9999 -9999 -9999 -9999 -9999 1.40037E-2 3.34802E-2 5.3882E-3 1.06238E-2 8.54054E-2 1.13711E-1 1.35115E-2 3.38391E-3 5.224E-3 6.51368E-3 6.47879E-3 5.52582E-3 7.14041E-3 9.00383E-3 9.16558E-3 9.52879E-3 1.04104E-2 1.14021E-2 1.05405E-2 9.73108E-3 7.8469E-3 6.85539E-3 7.27998E-3 8.5609E-3 1.09032E-2 1.0752E-2 1.31655E-2 1.5358E-2 1.46311E-2 1.36407E-2 1.18716E-2 1.1244E-2 9.96714E-3 6.79425E-3 5.97405E-3 5.34823E-3 4.77798E-3 4.16881E-3 3.54233E-3 2.73031E-3 2.15734E-3
-9999 -9999 -9999 -9999 -9999 -9999 -9999 -9999 -9999 -9999 -9999 -9999 -9999 -9999 -9999 -9999 -9999 -9999 -9999 -9999 -9999 -9999 -9999 -9999 -9999 -9999 1.99353E-2 2.45525E-2 3.91447E-3 4.47954E-2 8.94783E-2 1.55513E-2 5.16834E-3 7.27448E-3 7.39696E-3 6.94053E-3 6.19138E-3 6.27082E-3 7.27788E-3 7.21145E-3 7.86014E-3 8.73447E-3 9.73365E-3 8.56402E-3 7.29432E-3 6.23051E-3 4.87274E-3 5.56928E-3 7.29826E-3 9.17154E-3 9.66807E-3 9.73684E-3 1.22054E-2 1.29104E-2 1.17884E-2 9.43387E-3 9.12268E-3 8.44342E-3 5.60895E-3 4.36419E-3 3.7166E-3 3.57129E-3 3.1245E-3 2.4902E-3 2.03738E-3 1.68828E-3
-9999 -9999 -9999 -9999 -9999 -9999 -9999 -9999 -9999 -9999 -9999 -9999 -9999 -9999 -9999 -9999 -9999 -9999 -9999 -9999 -9999 -9999 -9999 -9999 -9999 -9999 1.54035E-2 1.93203E-2 2.15705E-3 2.68473E-2 6.0128E-2 9.08399E-2 2.3951E-2 8.57281E-3 3.86598E-3 8.61594E-3 7.55018E-3 5.83375E-3 6.2782E-3 6.44695E-3 6.89609E-3 6.71323E-3 7.21315E-3 7.09802E-3 6.19965E-3 5.20315E-3 4.30868E-3 5.15563E-3 7.59483E-3 8.2465E-3 9.74641E-3 8.77995E-3 8.49434E-3 9.06824E-3 9.89415E-3 9.10409E-3 8.08193E-3 6.64623E-3 5.17553E-3 3.63425E-3 2.68788E-3 1.89765E-3 1.8221E-3 1.67753E-3 1.50361E-3 1.27316E-3
-9999 -9999 -9999 -9999 -9999 -9999 -9999 -9999 -9999 -9999 -9999 -9999 -9999 -9999 -9999 -9999 -9999 -9999 -9999 -9999 -9999 -9999 -9999 -9999 -9999 -9999 -9999 1.77733E-2 2.24876E-2 2.4558E-3 5.45072E-2 7.22763E-2 7.55667E-2 7.55724E-3 4.50784E-3 4.84437E-3 7.1963E-3 5.55503E-3 6.10881E-3 5.77589E-3 5.64563E-3 6.12808E-3 5.86694E-3 5.69541E-3 5.09027E-3 4.84996E-3 4.9305E-3 6.59713E-3 7.85465E-3 9.21957E-3 9.02549E-3 9.19511E-3 8.18369E-3 8.27251E-3 7.67345E-3 7.40728E-3 6.44158E-3 4.94376E-3 3.39264E-3 1.70327E-3 1.14937E-3 9.82294E-4 1.1279E-3 1.54119E-3 1.71379E-3 1.38906E-3
-9999 -9999 -9999 -9999 -9999 -9999 -9999 -9999 -9999 -9999 -9999 -9999 -9999 -9999 -9999 -9999 -9999 -9999 -9999 -9999 -9999 -9999 -9999 -9999 -9999 -9999 -9999 1.4081E-2 2.37449E-2 2.81115E-2 9.66597E-3 1.09017E-1 1.12402E-1 2.04428E-2 6.02005E-3 1.07836E-2 6.01324E-3 4.79389E-3 4.98074E-3 4.72383E-3 5.07033E-3 5.21261E-3 4.69234E-3 4.47294E-3 4.12698E-3 4.34434E-3 4.87684E-3 6.94028E-3 7.92999E-3 9.06073E-3 7.66632E-3 7.33577E-3 7.06253E-3 6.31409E-3 5.40235E-3 5.41428E-3 4.9615E-3 3.92154E-3 2.42727E-3 8.31986E-4 9.21114E-4 1.70022E-3 1.6555E-3 2.22415E-3 2.90331E-3 2.44868E-3
-9999 -9999 -9999 -9999 -9999 -9999 -9999 -9999 -9999 -9999 -9999 -9999 -9999 -9999 -9999 -9999 -9999 -9999 -9999 -9999 -9999 -9999 -9999 -9999 -9999 -9999 -9999 -9999 1.57701E-2 3.04042E-2 8.98955E-2 2.3635E-2 1.42008E-1 1.59816E-1 5.02527E-2 4.73327E-2 4.17271E-3 5.04995E-3 4.42561E-3 4.07275E-3 4.71813E-3 4.70662E-3 4.52339E-3 4.10226E-3 3.87692E-3 3.2537E-3 3.79448E-3 5.70658E-3 6.41507E-3 5.84294E-3 5.60884E-3 5.03123E-3 5.98209E-3 4.09004E-3 3.84946E-3 3.83933E-3 3.51156E-3 2.73516E-3 1.6666E-3 2.06793E-3 1.92676E-3 2.98705E-3 3.26127E-3 4.78692E-3 5.77282E-3 4.39076E-3
-9999 -9999 -9999 -9999 -9999 -9999 -9999 -9999 -9999 -9999 -9999 -9999 -9999 -9999 -9999 -9999 -9999 -9999 -9999 -9999 -9999 -9999 -9999 -9999 -9999 -9999 -9999 -9999 9.22232E-3 1.49909E-2 5.76167E-2 1.71083E-2 9.41179E-2 1.45757E-1 1.29413E-1 1.85478E-2 7.18969E-3 3.5806E-3 4.25559E-3 3.72258E-3 4.21586E-3 4.99016E-3 4.71824E-3 4.76769E-3 5.4549E-3 4.01592E-3 2.81111E-3 3.82479E-3 4.40198E-3 4.59469E-3 3.98052E-3 3.54945E-3 4.43511E-3 3.65748E-3 3.09631E-3 2.90601E-3 2.31857E-3 1.84131E-3 1.99861E-3 2.7428E-3 4.49708E-3 6.36263E-3 1.02806E-2 1.08094E-2 1.12887E-2 7.53152E-3
-9999 -9999 -9999 -9999 -9999 -9999 -9999 -9999 -9999 -9999 -9999 -9999 -9999 -9999 -9999 -9999 -9999 -9999 -9999 -9999 -9999 -9999 -9999 -9999 -9999 -9999 -9999 -9999 9.51411E-3 8.00091E-3 2.31238E-2 7.7036E-3 5.31622E-2 1.23111E-2 9.1547E-2 5.33459E-2 6.30433E-2 2.6139E-3 3.28893E-3 3.67997E-3 5.31173E-3 6.25102E-3 6.3567E-3 4.53295E-3 4.69604E-3 2.90812E-3 2.84456E-3 3.16523E-3 3.44461E-3 5.96266E-4 3.49872E-3 5.67266E-4 3.51462E-3 3.27818E-3 2.27443E-3 1.9474E-3 1.76335E-3 1.45087E-3 1.61168E-3 4.22772E-3 5.97986E-3 7.96167E-3 1.58435E-2 2.08693E-2 3.12851E-3 2.37282E-3
-9999 -9999 -9999 -9999 -9999 -9999 -9999 -9999 -9999 -9999 -9999 -9999 -9999 -9999 -9999 -9999 -9999 -9999 -9999 -9999 -9999 -9999 -9999 -9999 -9999 -9999 -9999 -9999 -9999 5.41128E-3 7.77341E-3 2.99921E-2 6.27582E-3 4.98581E-2 6.69189E-2 6.81686E-2 5.5317E-2 3.83621E-2 6.41845E-3 5.37317E-2 2.41009E-2 8.61115E-3 9.40658E-3 7.88969E-3 5.19331E-3 3.68634E-3 3.46099E-3 3.31693E-3 5.92353E-4 5.86511E-4 5.79988E-4 3.38718E-3 5.52396E-4 2.76425E-3 1.90529E-3 1.22815E-3 1.2112E-3 1.14407E-3 1.33475E-3 4.93316E-3 1.21073E-2 1.22223E-2 1.96795E-2 6.85917E-3 5.69819E-3 3.4295E-3
-9999 -9999 -9999 -9999 -9999 -9999 -9999 -9999 -9999 -9999 -9999 -9999 -9999 -9999 -9999 -9999 -9999 -9999 -9999 -9999 -9999 -9999 -9999 -9999 -9999 -9999 -9999 -9999 -9999 -9999 4.0935E-3 1.55018E-2 3.45574E-2 5.76963E-3 4.43032E-2 4.24269E-2 5.4035E-2 3.03502E-2 3.54863E-2 6.16779E-2 9.88791E-2 1.04278E-2 1.7336E-2 1.49425E-2 9.99908E-3 6.3822E-3 8.32285E-4 7.38001E-4 6.25986E-4 3.60299E-3 3.18374E-3 5.08904E-4 4.50147E-4 4.65015E-4 3.0688E-4 1.88148E-4 1.05115E-3 1.03148E-3 1.19464E-3 2.62202E-3 5.75725E-3 1.49405E-2 3.31094E-2 1.13256E-2 8.59574E-3 5.93363E-3
-9999 -9999 -9999 -9999 -9999 -9999 -9999 -9999 -9999 -9999 -9999 -9999 -9999 -9999 -9999 -9999 -9999 -9999 -9999 -9999 -9999 -9999 -9999 -9999 -9999 -9999 -9999 -9999 -9999 -9999 3.45661E-3 4.27972E-3 1.40905E-2 2.80907E-3 4.50305E-3 2.70576E-2 3.48807E-2 4.23488E-2 5.1872E-3 1.08923E-2 2.94782E-3 1.05677E-1 2.02022E-1 2.1151E-2 1.43428E-2 9.57614E-3 7.15129E-3 4.93081E-3 4.22336E-3 3.82002E-3 5.75721E-4 4.53748E-4 3.9942E-4 2.26801E-3 3.51594E-4 2.43988E-4 2.27785E-4 2.05773E-4 1.75433E-3 5.15178E-4 5.30567E-3 5.163E-3 1.29635E-2 1.991E-2 2.80762E-2 7.1484E-3
-9999 -9999 -9999 -9999 -9999 -9999 -9999 -9999 -9999 -9999 -9999 -9999 -9999 -9999 -9999 -9999 -9999 -9999 -9999 -9999 -9999 -9999 -9999 -9999 -9999 -9999 -9999 -9999 -9999 -9999 -9999 5.34966E-3 3.57507E-3 1.50886E-2 2.01183E-3 2.65163E-3 2.07988E-2 3.04111E-3 1.9793E-3 7.7856E-3 8.67164E-4 3.57393E-4 5.83278E-4 6.82641E-2 3.2159E-1 1.07794E-1 9.85755E-3 5.82199E-3 4.14271E-3 3.88279E-3 5.47041E-4 4.27015E-4 3.26019E-4 1.90039E-3 3.38717E-4 2.9648E-4 1.55307E-3 2.36631E-4 3.15568E-4 4.63661E-3 6.28577E-3 5.9698E-3 4.99404E-3 1.17148E-2 2.54948E-2 8.00278E-3
-9999 -9999 -9999 -9999 -9999 -9999 -9999 -9999 -9999 -9999 -9999 -9999 -9999 -9999 -9999 -9999 -9999 -9999 -9999 -9999 -9999 -9999 -9999 -9999 -9999 -9999 -9999 -9999 -9999 -9999 -9999 5.07136E-3 1.86126E-3 3.01268E-3 1.06658E-2 1.60871E-3 2.94009E-3 1.50165E-2 1.09064E-3 3.71364E-3 3.83042E-4 1.02154E-3 1.29105E-4 2.59258E-4 3.03438E-3 3.22253E-1 3.77838E-1 7.83814E-2 3.39634E-3 5.67766E-4 4.52852E-4 3.75473E-4 3.20844E-4 3.10049E-4 3.25774E-4 1.79407E-3 2.82157E-4 1.67663E-3 3.62037E-4 3.69483E-3 3.6015E-3 4.5835E-3 5.73169E-3 8.98232E-3 9.93032E-3 8.18699E-3
-9999 -9999 -9999 -9999 -9999 -9999 -9999 -9999 -9999 -9999 -9999 -9999 -9999 -9999 -9999 -9999 -9999 -9999 -9999 -9999 -9999 -9999 -9999 -9999 -9999 -9999 -9999 -9999 -9999 -9999 -9999 -9999 4.17759E-3 1.45363E-3 4.50345E-3 1.30283E-2 2.70873E-3 1.93729E-2 4.2378E-4 2.64026E-4 1.77173E-4 9.77303E-5 4.93713E-5 1.98921E-4 8.79854E-4 2.68503E-3 4.14961E-1 3.25119E-1 5.50478E-3 2.61889E-3 4.46389E-4 4.99327E-4 8.31293E-4 5.10572E-4 3.65749E-4 1.89873E-3 1.66228E-3 2.05017E-3 2.51993E-3 1.84227E-3 3.4241E-3 3.84316E-3 7.10361E-3 1.15566E-2 2.96332E-3 1.61542E-2
-9999 -9999 -9999 -9999 -9999 -9999 -9999 -9999 -9999 -9999 -9999 -9999 -9999 -9999 -9999 -9999 -9999 -9999 -9999 -9999 -9999 -9999 -9999 -9999 -9999 -9999 -9999 -9999 -9999 -9999 -9999 -9999 -9999 2.87115E-3 2.6517E-3 6.91185E-3 1.83111E-2 1.25533E-2 3.62632E-4 1.80125E-4 1.25426E-4 9.28429E-5 1.31809E-4 5.3173E-4 4.80347E-3 6.66835E-3 1.0468E-1 8.27394E-2 1.52047E-2 8.40819E-3 3.04415E-3 4.48296E-3 1.15103E-3 9.9112E-4 5.1466E-4 3.72954E-4 2.05557E-3 1.91577E-3 1.51842E-3 2.31312E-3 3.32294E-3 3.88601E-3 3.9787E-3 4.74186E-3 4.09139E-3 5.01365E-3
-9999 -9999 -9999 -9999 -9999 -9999 -9999 -9999 -9999 -9999 -9999 -9999 -9999 -9999 -9999 -9999 -9999 -9999 -9999 -9999 -9999 -9999 -9999 -9999 -9999 -9999 -9999 -9999 -9999 -9999 -9999 -9999 -9999 -9999 8.74166E-3 1.00025E-2 8.66759E-3 9.74153E-3 4.92721E-3 4.10206E-3 1.22548E-4 1.08092E-4 2.23483E-4 9.27476E-4 1.52499E-2 1.68911E-2 2.7386E-2 3.14612E-2 5.42539E-2 4.83409E-2 2.87458E-2 6.96488E-3 1.15673E-3 1.10696E-3 5.19465E-3 3.70382E-3 2.66432E-3 1.80442E-3 3.27303E-3 4.16247E-3 4.63917E-3 4.57287E-3 1.58316E-3 1.39628E-3 1.4665E-3 2.76866E-3
-9999 -9999 -9999 -9999 -9999 -9999 -9999 -9999 -9999 -9999 -9999 -9999 -9999 -9999 -9999 -9999 -9999 -9999 -9999 -9999 -9999 -9999 -9999 -9999 -9999 -9999 -9999 -9999 -9999 -9999 -9999 -9999 -9999 -9999 -9999 1.21693E-2 1.58312E-2 1.55684E-2 1.22758E-2 9.23088E-3 5.35223E-3 1.55896E-4 3.05542E-3 8.15539E-4 5.24284E-3 9.48751E-3 2.97067E-3 2.95723E-3 1.32903E-1 5.55323E-2 8.10167E-2 4.73065E-2 8.84141E-3 8.62136E-3 7.61031E-3 5.99001E-3 3.71474E-3 1.24348E-3 2.30501E-3 5.98752E-3 5.55372E-3 3.79469E-3 3.89918E-3 1.68136E-3 1.52488E-3 9.51285E-4
-9999 -9999 -9999 -9999 -9999 -9999 -9999 -9999 -9999 -9999 -9999 -9999 -9999 -9999 -9999 -9999 -9999 -9999 -9999 -9999 -9999 -9999 -9999 -9999 -9999 -9999 -9999 -9999 -9999 -9999 -9999 -9999 -9999 -9999 -9999 -9999 -9999 1.00972E-2 1.15289E-2 1.1761E-2 9.40355E-3 6.92896E-3 4.7194E-3 3.00084E-4 7.13809E-4 1.32526E-3 7.72432E-4 5.35074E-4 6.1142E-3 4.11182E-2 5.82488E-2 7.28787E-2 5.33332E-2 1.20263E-2 1.12587E-2 7.98253E-3 5.45495E-3 3.83405E-3 1.29828E-3 2.55518E-3 4.06007E-3 4.36102E-3 5.1006E-3 4.8939E-3 2.97083E-3 5.19346E-4
-9999 -9999 -9999 -9999 -9999 -9999 -9999 -9999 -9999 -9999 -9999 -9999 -9999 -9999 -9999 -9999 -9999 -9999 -9999 -9999 -9999 -9999 -9999 -9999 -9999 -9999 -9999 -9999 -9999 -9999 -9999 -9999 -9999 -9999 -9999 -9999 -9999 -9999 -9999 6.63937E-3 9.82757E-3 9.35593E-3 6.93923E-3 3.43602E-3 1.79595E-4 2.12019E-4 1.84183E-4 1.36379E-4 1.77935E-4 3.5869E-4 2.00157E-3 7.81924E-3 5.01021E-2 5.23496E-2 2.86559E-2 1.07048E-2 7.90046E-3 2.37225E-3 1.3113E-3 1.30769E-3 1.78802E-3 2.30647E-3 3.13503E-3 5.42603E-3 3.67836E-3 1.35732E-3
-9999 -9999 -9999 -9999 -9999 -9999 -9999 -9999 -9999 -9999 -9999 -9999 -9999 -9999 -9999 -9999 -9999 -9999 -9999 -9999 -9999 -9999 -9999 -9999 -9999 -9999 -9999 -9999 -9999 -9999 -9999 -9999 -9999 -9999 -9999 -9999 -9999 -9999 -9999 -9999 -9999 8.34339E-3 4.45599E-3 4.58368E-3 1.02362E-4 8.78246E-5 8.30331E-5 7.67438E-5 1.01568E-4 8.92665E-5 1.74205E-4 1.01219E-3 4.68993E-4 5.32939E-4 5.88381E-2 9.87769E-2 4.52712E-2 2.51442E-3 7.77563E-4 9.0786E-4 1.16901E-3 1.3976E-3 1.87385E-3 2.64106E-3 1.97059E-3 2.52015E-3
