final project/Practice/maxentOut/species_maxentOut_avg.asc
ncols         186
nrows         192
xllcorner     -125.0
yllcorner     -56.0
cellsize      0.5
NODATA_value  -9999
[rows 58 to 86 of 192, columns 66 to 131 of 186]
-9999 -9999 -9999 -9999 -9999 -9999 -9999 -9999 -9999 -9999 -9999 -9999 1.04454E-2 7.3009E-2 1.14095E-1 1.65154E-1 2.09623E-1 1.58578E-1 -9999 -9999 -9999 -9999 -9999 -9999 -9999 -9999 -9999 -9999 -9999 -9999 -9999 -9999 2.06312E-1 2.34162E-1 2.20157E-1 3.1223E-2 2.80511E-1 1.27355E-1 4.40004E-2 3.37854E-2 1.79677E-1 7.33797E-2 2.28881E-2 1.16509E-2 6.71506E-3 1.56688E-2 2.99915E-2 2.4503E-1 4.26605E-2 6.26113E-2 7.3058E-2 4.02337E-2 -9999 1.52987E-1 -9999 9.76825E-2 9.67231E-2 1.319E-1 2.63888E-1 2.07934E-1 9.51306E-2 1.32964E-1 1.45028E-1 -9999 -9999 -9999
-9999 -9999 -9999 -9999 -9999 -9999 -9999 -9999 -9999 -9999 -9999 -9999 9.74532E-3 2.36524E-2 1.08736E-1 1.62014E-1 1.11775E-1 9.02929E-2 -9999 -9999 -9999 -9999 -9999 -9999 -9999 -9999 -9999 -9999 -9999 -9999 -9999 -9999 1.86455E-1 2.49853E-1 8.05549E-2 7.73361E-2 2.69698E-2 9.05135E-2 5.42873E-1 1.03789E-1 7.94912E-2 1.22409E-1 5.64893E-2 2.16258E-2 3.13032E-2 7.5553E-3 7.94515E-2 2.43075E-2 3.59474E-2 1.13805E-1 8.69534E-2 5.42302E-2 1.179E-1 2.08125E-2 3.87335E-2 2.06288E-1 1.61874E-1 2.13697E-1 2.54725E-1 5.52705E-2 9.73955E-2 1.30656E-1 1.31898E-1 -9999 -9999 -9999
-9999 -9999 -9999 -9999 -9999 -9999 -9999 -9999 -9999 -9999 -9999 -9999 1.27079E-2 2.82085E-2 5.05332E-2 1.17689E-1 7.67155E-1 9.98597E-2 6.5032E-2 9.65932E-2 -9999 -9999 -9999 -9999 2.66528E-1 2.11781E-1 2.39694E-1 -9999 -9999 -9999 -9999 -9999 2.15517E-1 1.05774E-1 4.99315E-2 6.18726E-2 1.3167E-1 3.77505E-2 8.07181E-2 2.39031E-1 3.0401E-1 2.56785E-1 3.57745E-2 5.16824E-2 1.61187E-1 2.2102E-2 2.67679E-3 3.00997E-2 2.11213E-2 1.97682E-2 3.81114E-2 3.44386E-2 2.632E-2 3.0587E-2 4.85436E-2 6.80914E-2 5.02743E-3 9.44038E-3 1.83758E-1 4.85963E-2 4.81322E-2 1.36423E-1 1.44446E-1 -9999 -9999 -9999
-9999 -9999 -9999 -9999 -9999 -9999 -9999 -9999 -9999 -9999 -9999 -9999 -9999 -9999 -9999 1.39099E-1 1.10884E-1 5.96779E-1 3.57455E-1 1.44749E-1 1.40106E-1 -9999 1.96323E-1 2.89565E-1 2.29545E-1 2.0702E-1 2.09319E-1 1.88453E-1 1.84548E-1 -9999 -9999 1.45162E-1 1.5303E-1 5.59278E-2 1.62901E-1 2.19498E-1 3.04195E-1 9.58022E-2 3.93298E-1 5.08906E-1 3.11023E-1 1.92428E-2 4.87889E-2 3.06354E-1 6.57277E-2 1.04808E-2 7.18543E-3 3.23773E-3 2.79357E-3 3.7434E-2 2.56569E-2 2.30214E-2 2.0008E-2 5.01979E-2 4.48879E-2 2.6509E-3 4.66118E-3 8.71958E-3 1.03042E-2 5.6143E-2 9.82488E-2 1.43281E-1 1.49876E-1 -9999 -9999 -9999
-9999 -9999 -9999 -9999 -9999 -9999 -9999 -9999 -9999 -9999 -9999 -9999 -9999 -9999 -9999 -9999 1.56751E-1 1.15953E-1 2.3328E-1 1.49213E-1 1.40778E-1 1.55193E-1 1.74817E-1 2.08052E-1 1.72712E-1 1.23664E-1 1.48515E-1 1.56113E-1 1.56704E-1 1.98262E-1 1.8166E-1 1.18764E-1 1.66003E-1 2.21216E-1 4.60745E-1 5.18683E-1 2.80222E-1 8.68863E-2 3.4159E-1 3.45259E-1 1.10048E-1 6.4557E-2 8.68406E-2 7.22053E-2 5.69321E-2 5.13777E-2 3.39075E-2 6.06964E-3 5.32888E-3 5.92951E-3 3.59863E-3 2.75109E-3 2.19659E-3 6.78465E-2 3.9867E-3 2.97094E-3 3.90396E-3 6.86931E-3 7.38194E-3 1.00696E-2 7.92092E-2 1.32057E-1 6.91966E-2 1.54578E-1 1.55558E-1 -9999
-9999 -9999 -9999 -9999 -9999 -9999 -9999 -9999 -9999 -9999 -9999 -9999 -9999 -9999 -9999 -9999 1.30265E-1 1.02807E-1 9.38494E-2 1.26544E-1 1.45976E-1 1.10543E-1 5.03382E-2 6.96902E-2 5.95793E-2 1.02765E-1 1.13259E-1 1.04604E-1 1.74893E-1 1.76187E-1 1.59175E-1 1.17994E-1 1.51579E-1 3.50368E-1 6.98713E-1 1.51452E-1 2.85814E-1 1.68273E-1 6.29538E-2 4.82122E-2 2.85417E-1 3.48695E-1 4.58094E-2 8.33097E-2 6.5567E-2 5.97183E-2 1.09571E-2 8.58011E-3 8.56748E-3 7.15754E-3 8.42702E-3 8.80587E-3 7.52036E-3 1.17764E-2 1.13204E-2 1.27872E-2 1.46625E-2 8.42463E-3 5.88274E-3 3.78405E-2 5.83435E-2 1.03063E-1 1.27894E-1 1.47013E-1 1.5532E-1 1.52772E-1
-9999 -9999 -9999 -9999 -9999 -9999 -9999 -9999 -9999 -9999 -9999 -9999 -9999 -9999 -9999 -9999 -9999 -9999 -9999 1.36004E-1 1.22386E-1 9.59089E-2 5.02389E-2 1.97786E-2 3.15131E-2 -9999 -9999 2.72757E-1 2.47808E-1 1.86016E-1 2.12669E-1 1.37818E-1 1.21345E-1 4.08704E-1 5.64198E-1 1.50326E-1 5.80169E-1 1.56119E-1 3.52246E-1 1.81801E-1 1.00748E-1 4.91255E-2 1.05669E-1 1.25457E-1 9.06134E-2 1.52908E-2 1.13492E-2 1.04062E-2 1.47527E-2 1.19642E-2 1.38134E-2 2.1391E-2 3.29228E-2 3.71656E-2 4.25815E-2 2.68864E-2 1.8015E-2 8.92297E-3 7.64304E-3 7.58488E-3 3.72533E-2 5.86919E-2 9.79059E-2 1.21931E-1 1.388E-1 1.43261E-1
-9999 -9999 -9999 -9999 -9999 -9999 -9999 -9999 -9999 -9999 -9999 -9999 -9999 -9999 -9999 -9999 -9999 -9999 -9999 1.09758E-1 1.29981E-1 1.23812E-1 8.36831E-2 4.44859E-2 -9999 -9999 -9999 4.28825E-1 3.42475E-1 2.26881E-1 3.88973E-1 1.27279E-1 3.86112E-1 1.83458E-1 1.75815E-1 1.64864E-1 6.25072E-1 1.01057E-1 4.2612E-1 6.56741E-1 6.77206E-2 4.9816E-2 6.06147E-2 2.32446E-2 1.94423E-2 1.91815E-2 1.7617E-2 1.74508E-2 2.56066E-2 2.16573E-2 1.68614E-2 1.15038E-2 2.35177E-2 4.47937E-2 2.01871E-1 9.21909E-2 5.40266E-2 1.02564E-2 4.06493E-2 1.05722E-2 3.30201E-2 3.95095E-2 7.05059E-2 9.66097E-2 1.10275E-1 1.1802E-1
-9999 -9999 -9999 -9999 -9999 -9999 -9999 -9999 -9999 -9999 -9999 -9999 -9999 -9999 -9999 -9999 -9999 -9999 -9999 -9999 -9999 -9999 -9999 -9999 -9999 -9999 -9999 -9999 3.15338E-1 2.07307E-1 1.37225E-1 1.55911E-1 5.37419E-1 5.68678E-1 1.54014E-1 5.10385E-1 2.75331E-1 1.14187E-1 4.89889E-1 7.28539E-1 8.2072E-2 5.68593E-2 2.32516E-2 2.27911E-2 2.295E-2 3.23742E-2 3.377E-2 4.19765E-2 4.60276E-2 3.70359E-2 1.11416E-2 5.06228E-2 6.43341E-2 8.75211E-2 2.20386E-1 1.04981E-1 2.24651E-2 7.71492E-2 8.9105E-2 7.38347E-2 5.5173E-2 4.56362E-2 5.64382E-2 7.70163E-2 9.5504E-2 1.04184E-1
-9999 -9999 -9999 -9999 -9999 -9999 -9999 -9999 -9999 -9999 -9999 -9999 -9999 -9999 -9999 -9999 -9999 -9999 -9999 -9999 -9999 -9999 -9999 -9999 -9999 -9999 -9999 -9999 -9999 1.77905E-1 1.16486E-1 2.13365E-1 1.86743E-1 5.34053E-1 1.12276E-1 2.42451E-1 1.04921E-1 4.00262E-1 1.2615E-1 6.72892E-1 8.02082E-2 2.10258E-2 2.52225E-2 3.02948E-2 3.68291E-2 4.41603E-2 6.38815E-2 9.58899E-2 1.01999E-1 6.60093E-2 5.09705E-2 5.24191E-2 6.71843E-2 1.11081E-1 1.68375E-1 1.58605E-1 4.28412E-2 4.00366E-2 1.56488E-1 1.21785E-1 8.68525E-2 6.93167E-2 4.90722E-2 7.59201E-2 1.03804E-1 1.09015E-1
-9999 -9999 -9999 -9999 -9999 -9999 -9999 -9999 -9999 -9999 -9999 -9999 -9999 -9999 -9999 -9999 -9999 -9999 -9999 -9999 -9999 -9999 -9999 -9999 -9999 -9999 -9999 -9999 1.87943E-1 6.1429E-2 2.28923E-1 1.07516E-1 1.67636E-1 4.11686E-1 8.72151E-2 9.54274E-2 5.08598E-1 3.57616E-1 1.25658E-1 1.09452E-1 2.26484E-2 2.0972E-2 2.69884E-2 3.43269E-2 4.39014E-2 6.37873E-2 1.04124E-1 1.23007E-1 9.45888E-2 7.91949E-2 7.20439E-2 7.28664E-2 7.37217E-2 2.11684E-1 1.47246E-1 1.73125E-1 2.01544E-1 2.3885E-1 2.07575E-1 1.60151E-1 5.08703E-2 3.43268E-2 5.53066E-2 7.89716E-2 1.11141E-1 1.37188E-1
-9999 -9999 -9999 -9999 -9999 -9999 -9999 -9999 -9999 -9999 -9999 -9999 -9999 -9999 -9999 -9999 -9999 -9999 -9999 -9999 -9999 -9999 -9999 -9999 -9999 -9999 -9999 -9999 1.94186E-1 1.64978E-1 4.83157E-1 8.81914E-2 1.75486E-1 6.35747E-1 5.9108E-2 3.03938E-1 2.83577E-1 5.27013E-1 3.41933E-1 2.49108E-2 2.12345E-2 1.96746E-2 2.51276E-2 3.26085E-2 5.73603E-2 9.99461E-2 1.37734E-1 1.26744E-1 7.5667E-2 7.39528E-2 7.46808E-2 7.51101E-2 6.64741E-2 1.39927E-1 1.57198E-1 1.747E-1 1.94117E-1 2.22116E-1 1.99955E-1 2.931E-1 1.76991E-1 3.75988E-2 1.11313E-1 8.50508E-2 1.13904E-1 1.55421E-1
-9999 -9999 -9999 -9999 -9999 -9999 -9999 -9999 -9999 -9999 -9999 -9999 -9999 -9999 -9999 -9999 -9999 -9999 -9999 -9999 -9999 -9999 -9999 -9999 -9999 -9999 -9999 -9999 -9999 1.99251E-1 1.32457E-1 9.07539E-2 1.57311E-1 6.57415E-1 3.35771E-2 3.16592E-1 1.48092E-1 1.43046E-1 2.68758E-2 2.10833E-2 2.28057E-2 1.88507E-2 2.21569E-2 3.16847E-2 4.99482E-2 7.20277E-2 1.0286E-1 3.36354E-1 2.85973E-1 8.49369E-2 1.02188E-1 1.40859E-1 6.64747E-2 1.01949E-1 1.56571E-1 1.53273E-1 1.44996E-1 1.24423E-1 1.02156E-1 7.78528E-2 7.14885E-2 2.11737E-2 1.59989E-2 1.10648E-2 9.50563E-2 1.19814E-1
-9999 -9999 -9999 -9999 -9999 -9999 -9999 -9999 -9999 -9999 -9999 -9999 -9999 -9999 -9999 -9999 -9999 -9999 -9999 -9999 -9999 -9999 -9999 -9999 -9999 -9999 -9999 -9999 3.81195E-1 2.98243E-1 1.15156E-1 4.65976E-2 5.29248E-1 5.04519E-2 2.97938E-2 1.35905E-1 6.28885E-1 3.25241E-2 2.95885E-2 1.92907E-2 1.89893E-2 1.99261E-2 2.14296E-2 3.0005E-2 1.37536E-1 1.73892E-1 2.08886E-1 2.5161E-1 2.79493E-1 1.4675E-1 1.81038E-1 1.70897E-1 8.98118E-2 1.65786E-1 1.78323E-1 1.1271E-1 8.78717E-2 7.46956E-2 6.30985E-2 5.78837E-2 5.43413E-2 5.30261E-2 9.36664E-3 6.87507E-3 1.06858E-2 7.95542E-2
-9999 -9999 -9999 -9999 -9999 -9999 -9999 -9999 -9999 -9999 -9999 -9999 -9999 -9999 -9999 -9999 -9999 -9999 -9999 -9999 1.23964E-1 -9999 -9999 -9999 -9999 -9999 -9999 -9999 -9999 5.08304E-1 9.77106E-2 1.61124E-1 6.56919E-1 4.11368E-2 1.00727E-1 2.44591E-1 3.68548E-2 2.998E-2 2.73763E-2 2.4513E-2 2.27878E-2 2.1114E-2 9.3398E-2 1.02533E-1 1.21371E-1 1.40883E-1 1.53228E-1 1.73358E-1 1.93203E-1 2.08702E-1 1.74525E-1 8.8916E-2 9.00163E-2 9.36299E-2 1.0383E-1 8.18277E-2 6.39314E-2 5.79223E-2 6.34605E-2 6.28571E-2 1.7655E-2 2.23928E-2 2.40766E-2 2.5212E-2 3.30876E-2 1.44269E-1
-9999 -9999 -9999 -9999 -9999 -9999 -9999 -9999 -9999 -9999 -9999 -9999 -9999 -9999 -9999 -9999 -9999 -9999 -9999 -9999 -9999 -9999 -9999 -9999 -9999 -9999 -9999 7.77038E-2 2.20662E-1 1.69305E-1 1.58967E-1 3.93726E-1 6.06419E-1 3.81292E-2 2.93058E-1 1.22096E-1 7.43001E-2 2.88299E-2 3.80298E-2 3.6645E-2 1.17716E-1 8.91283E-2 8.91029E-2 9.45985E-2 9.72052E-2 1.0106E-1 1.01027E-1 1.17389E-1 1.33177E-1 1.22933E-1 1.23973E-1 8.50624E-2 7.99541E-2 8.42275E-2 7.4834E-2 6.81123E-2 6.18441E-2 6.10215E-2 6.50436E-2 7.15692E-2 8.30752E-2 2.60455E-2 3.51025E-2 4.90182E-2 9.78863E-2 6.68744E-2
-9999 -9999 -9999 -9999 -9999 -9999 -9999 -9999 -9999 -9999 -9999 -9999 -9999 -9999 -9999 -9999 -9999 -9999 -9999 -9999 -9999 -9999 -9999 -9999 -9999 -9999 1.1989E-1 1.1898E-1 5.07032E-2 8.34201E-2 3.96185E-1 5.62914E-1 5.04951E-1 5.2589E-2 3.69922E-1 6.20396E-2 6.67186E-2 9.62073E-2 5.42976E-2 1.9393E-1 1.40904E-1 1.16672E-1 9.19759E-2 9.07866E-2 8.96531E-2 8.77342E-2 8.40063E-2 7.96486E-2 7.29269E-2 7.42591E-2 7.56672E-2 7.83643E-2 7.82031E-2 9.23303E-2 6.91362E-2 6.78906E-2 6.56483E-2 6.76681E-2 7.26354E-2 7.85021E-2 2.21398E-2 3.46864E-2 3.61344E-2 1.72988E-1 4.30422E-2 2.68515E-2
-9999 -9999 -9999 -9999 -9999 -9999 -9999 -9999 -9999 -9999 -9999 -9999 -9999 -9999 -9999 -9999 -9999 -9999 -9999 -9999 -9999 -9999 -9999 -9999 -9999 -9999 1.61592E-1 1.0936E-1 7.40237E-2 5.1164E-1 5.22557E-1 5.35021E-1 5.90534E-2 4.45518E-1 5.27454E-2 7.45625E-2 7.43381E-2 1.02122E-1 1.59547E-1 1.76479E-1 1.45803E-1 9.73203E-2 8.70181E-2 9.09166E-2 8.87779E-2 8.17174E-2 7.53826E-2 6.29092E-2 5.25482E-2 4.17892E-2 4.4915E-2 6.7427E-2 7.21133E-2 7.13702E-2 7.11142E-2 7.29211E-2 7.69741E-2 7.92125E-2 8.08951E-2 8.2616E-2 1.00986E-1 2.7075E-2 1.44043E-1 1.02552E-1 1.35476E-1 7.50725E-2
4.52609E-2 -9999 -9999 -9999 -9999 -9999 -9999 -9999 -9999 -9999 -9999 -9999 -9999 -9999 -9999 -9999 -9999 -9999 -9999 -9999 -9999 -9999 -9999 -9999 -9999 1.77171E-1 9.07974E-2 1.26521E-1 1.06767E-1 6.01292E-2 5.9844E-1 5.19531E-1 9.70515E-2 1.0011E-1 7.84845E-2 7.55935E-2 7.42662E-2 7.54197E-2 1.08325E-1 1.17934E-1 1.05365E-1 8.69205E-2 8.99839E-2 9.03983E-2 8.41779E-2 7.54305E-2 6.66093E-2 5.75053E-2 4.75564E-2 3.48419E-2 4.34091E-2 6.1014E-2 6.23332E-2 7.16403E-2 7.88717E-2 8.56228E-2 9.53523E-2 1.03587E-1 9.38511E-2 8.91587E-2 9.08931E-2 1.82884E-1 1.75316E-1 1.39306E-1 9.77341E-2 8.1831E-2
4.36726E-2 -9999 -9999 -9999 -9999 -9999 -9999 -9999 -9999 -9999 -9999 -9999 -9999 -9999 -9999 -9999 -9999 -9999 -9999 -9999 -9999 -9999 -9999 -9999 6.14721E-2 1.39857E-1 1.38883E-1 1.08509E-1 6.17511E-1 5.72734E-1 5.26661E-1 1.02356E-1 1.04406E-1 1.07712E-1 9.80448E-2 9.12219E-2 8.5902E-2 8.2588E-2 8.49077E-2 9.95174E-2 9.26702E-2 8.8447E-2 8.6749E-2 9.00322E-2 8.01096E-2 7.19977E-2 6.44291E-2 5.69041E-2 5.11858E-2 5.30386E-2 7.62704E-2 7.51067E-2 6.63516E-2 7.6411E-2 8.42222E-2 9.10931E-2 9.80877E-2 9.43636E-2 1.19354E-1 9.9451E-2 1.77398E-1 2.22968E-1 2.48942E-1 1.65543E-1 1.21871E-1 8.37316E-2
-9999 -9999 5.37235E-2 -9999 -9999 -9999 -9999 -9999 -9999 -9999 -9999 -9999 -9999 -9999 -9999 -9999 -9999 -9999 -9999 -9999 -9999 -9999 -9999 1.44881E-1 1.06638E-1 1.47288E-1 1.4542E-1 5.1545E-1 3.82791E-1 5.20269E-1 6.56726E-2 8.44365E-2 9.78443E-2 9.66082E-2 1.05071E-1 1.03824E-1 1.00258E-1 9.59882E-2 9.69823E-2 9.8118E-2 9.37869E-2 8.67587E-2 8.42442E-2 7.98199E-2 7.60039E-2 7.13831E-2 6.77492E-2 6.41544E-2 6.51013E-2 8.4941E-2 9.63726E-2 6.03935E-2 6.74858E-2 7.25572E-2 1.02472E-1 1.30199E-1 1.38255E-1 9.33677E-2 1.51568E-1 1.73467E-1 2.09021E-1 2.34739E-1 2.17008E-1 1.79733E-1 1.25717E-1 1.25493E-1
5.89789E-2 8.12321E-2 4.18942E-2 4.28018E-2 3.96216E-2 -9999 -9999 -9999 -9999 -9999 -9999 -9999 -9999 -9999 -9999 -9999 -9999 -9999 -9999 -9999 -9999 -9999 -9999 6.9949E-2 1.86213E-1 2.39378E-1 5.73479E-1 2.97794E-1 3.49986E-1 6.56263E-2 6.45997E-2 7.46668E-2 8.69398E-2 9.28258E-2 1.14736E-1 1.16316E-1 1.1392E-1 1.05779E-1 1.04391E-1 1.06314E-1 9.27564E-2 8.79386E-2 8.12185E-2 7.32744E-2 7.77679E-2 7.72276E-2 7.301E-2 7.13386E-2 7.70026E-2 9.33329E-2 1.11023E-1 8.99633E-2 7.19153E-2 7.1927E-2 9.59331E-2 1.28303E-1 1.51894E-1 1.42018E-1 1.55372E-1 1.79206E-1 1.82256E-1 2.03607E-1 1.96703E-1 1.34686E-1 1.3463E-1 1.28378E-1
5.5431E-2 5.72242E-2 3.34348E-2 9.23203E-3 -9999 -9999 -9999 -9999 -9999 -9999 -9999 -9999 -9999 -9999 -9999 -9999 -9999 -9999 -9999 -9999 -9999 -9999 -9999 1.9709E-2 1.06929E-1 2.45687E-1 6.46414E-1 7.76065E-2 4.39147E-1 5.97704E-2 5.63588E-2 6.63765E-2 8.11123E-2 8.35067E-2 9.81345E-2 1.16395E-1 1.13559E-1 1.08503E-1 1.03469E-1 9.75374E-2 8.94155E-2 8.25564E-2 7.65293E-2 7.28917E-2 8.07497E-2 8.06054E-2 7.5794E-2 7.75564E-2 8.59917E-2 9.14996E-2 9.81141E-2 1.00658E-1 9.43034E-2 9.73555E-2 9.53836E-2 1.12446E-1 1.21427E-1 1.33348E-1 1.38254E-1 1.51601E-1 1.75704E-1 1.90087E-1 1.90049E-1 1.53099E-1 1.47493E-1 1.70447E-1
2.9142E-2 4.12251E-2 2.31408E-2 3.64562E-2 6.43719E-2 7.12942E-2 -9999 -9999 -9999 -9999 -9999 -9999 -9999 -9999 -9999 -9999 -9999 -9999 -9999 -9999 -9999 -9999 4.07607E-3 5.75263E-3 1.43164E-1 2.57802E-1 3.34102E-1 9.12421E-2 3.4828E-1 6.19549E-2 5.32943E-2 6.43379E-2 7.28421E-2 7.50007E-2 8.51398E-2 9.38491E-2 9.98726E-2 1.01343E-1 9.18394E-2 8.66232E-2 8.66281E-2 8.20097E-2 7.34631E-2 8.35679E-2 9.08317E-2 8.71089E-2 8.23252E-2 8.07411E-2 8.23131E-2 9.04302E-2 9.15761E-2 9.29728E-2 8.75127E-2 8.85911E-2 8.985E-2 9.14941E-2 1.18163E-1 1.27659E-1 1.68978E-1 1.47951E-1 1.43442E-1 1.65989E-1 1.84215E-1 1.62737E-1 1.4657E-1 1.68473E-1
-9999 2.37092E-2 1.22269E-2 2.48708E-2 4.38496E-2 -9999 -9999 -9999 -9999 -9999 -9999 -9999 -9999 -9999 -9999 -9999 -9999 -9999 -9999 -9999 -9999 4.48365E-3 6.32127E-3 1.80423E-2 5.2031E-2 2.91036E-1 5.50698E-2 4.30589E-1 7.82582E-2 6.88102E-2 6.23097E-2 6.43207E-2 6.98702E-2 7.13866E-2 7.69447E-2 8.156E-2 8.5339E-2 9.05231E-2 8.7063E-2 8.48037E-2 7.96016E-2 7.58604E-2 7.68446E-2 9.13763E-2 9.96124E-2 1.00231E-1 8.34916E-2 7.624E-2 7.84049E-2 8.55858E-2 8.17392E-2 8.30942E-2 8.45518E-2 8.48552E-2 8.94617E-2 9.816E-2 1.06189E-1 1.3516E-1 1.61251E-1 1.57999E-1 1.47707E-1 1.57786E-1 1.82793E-1 2.23945E-1 2.1824E-1 1.74022E-1
-9999 -9999 -9999 -9999 -9999 -9999 -9999 -9999 -9999 -9999 -9999 -9999 -9999 -9999 -9999 -9999 -9999 -9999 -9999 -9999 -9999 -9999 8.39775E-3 1.00033E-2 5.47262E-2 1.84635E-1 2.55935E-1 4.55182E-1 5.96267E-2 6.24505E-2 5.87557E-2 5.89045E-2 6.52418E-2 6.91043E-2 7.31822E-2 7.67401E-2 7.32034E-2 7.38637E-2 7.4672E-2 7.89028E-2 7.5679E-2 7.17721E-2 8.18588E-2 9.50753E-2 1.07686E-1 1.19657E-1 7.70605E-2 6.98445E-2 7.49589E-2 7.73451E-2 7.78496E-2 8.14556E-2 8.19692E-2 8.19315E-2 8.82202E-2 9.24328E-2 1.0547E-1 1.08333E-1 1.29342E-1 1.37309E-1 1.6371E-1 2.04038E-1 1.98465E-1 2.03618E-1 2.29069E-1 1.73016E-1
-9999 -9999 -9999 -9999 -9999 -9999 -9999 -9999 -9999 -9999 -9999 -9999 -9999 -9999 -9999 -9999 -9999 -9999 -9999 -9999 -9999 3.34824E-3 3.41952E-3 7.98953E-3 4.82037E-3 1.02937E-1 2.73002E-1 4.10951E-1 5.35411E-2 4.79959E-2 5.28401E-2 5.5032E-2 5.49396E-2 5.92608E-2 6.39806E-2 6.84721E-2 5.91275E-2 6.04782E-2 6.01341E-2 6.65615E-2 6.88309E-2 7.41575E-2 8.44697E-2 9.54323E-2 1.02493E-1 9.87212E-2 7.63417E-2 6.89335E-2 7.31285E-2 7.26598E-2 7.59122E-2 7.94577E-2 8.13251E-2 8.45675E-2 9.08898E-2 1.03334E-1 1.03273E-1 1.07456E-1 1.14156E-1 1.30975E-1 1.60292E-1 2.01374E-1 2.38192E-1 1.95206E-1 1.71712E-1 1.90557E-1
-9999 -9999 -9999 -9999 -9999 -9999 -9999 -9999 -9999 -9999 -9999 -9999 -9999 -9999 -9999 -9999 -9999 -9999 -9999 -9999 -9999 -9999 3.16625E-3 1.28025E-3 7.40322E-3 1.11917E-1 2.61458E-1 9.49862E-2 4.98743E-2 4.55871E-2 4.6025E-2 4.79144E-2 4.88825E-2 5.04713E-2 5.17563E-2 5.17072E-2 5.481E-2 5.77733E-2 6.18825E-2 6.64206E-2 6.96615E-2 7.57916E-2 8.76035E-2 9.44183E-2 9.89957E-2 9.07258E-2 7.51287E-2 7.59645E-2 7.94678E-2 8.03177E-2 8.13366E-2 8.40477E-2 9.23075E-2 1.02049E-1 1.20791E-1 1.09715E-1 1.10304E-1 1.12634E-1 1.14628E-1 1.31949E-1 1.7745E-1 2.14358E-1 2.97875E-1 2.54437E-1 2.11413E-1 1.9231E-1
-9999 -9999 -9999 -9999 -9999 -9999 -9999 -9999 -9999 -9999 -9999 -9999 -9999 -9999 -9999 -9999 -9999 -9999 -9999 -9999 -9999 -9999 -9999 2.80399E-3 2.94492E-2 3.09931E-1 3.10027E-1 6.56998E-2 4.84216E-2 5.10816E-2 4.99814E-2 5.10154E-2 4.96779E-2 4.84949E-2 4.53757E-2 4.68038E-2 5.55281E-2 6.09259E-2 7.05723E-2 7.50482E-2 7.69845E-2 7.82168E-2 8.65801E-2 9.17638E-2 9.53352E-2 9.59296E-2 9.17439E-2 8.99879E-2 8.75983E-2 8.8176E-2 9.06885E-2 9.26375E-2 1.05501E-1 1.22908E-1 1.59417E-1 1.3952E-1 1.2421E-1 1.19613E-1 1.23225E-1 1.503E-1 1.64377E-1 2.30058E-1 2.84986E-1 3.31956E-1 3.05759E-1 2.16694E-1
